Outputs/initial_cond/H_20m.asc
ncols 500
nrows 458
xllcorner 528670
yllcorner 5.07688e+06
cellsize 20
NODATA_value -9999
[rows 34 to 67 of 458, columns 76 to 151 of 500]
0 0 0 0 0 0 0 0.000210169 0.00021101 0.000213176 0.000210202 0.000210457 0.000211414 0.000211437 0.000211637 0.000211682 0.000211807 0.000212993 0.00021142 0.000210445 0.000211694 0.000214154 0.00020919 0.000211179 0.000212084 0.000211002 0.000211767 0.000212856 0.00021157 0.00021107 3.83684e-05 3.83147e-05 0 0 0 0 0 0 0 0 0 0 0 0 0 0 0 0 0 0 0 0 0 0 0 0 0 0 0 0 0 0 0 0 0 0 0 0 0 0 0 0 0 0 0 0
0 0 0 0 0 0 0.000210283 0.000211674 0.000211404 0.000212821 0.000210376 0.000211846 0.000211564 0.000211564 0.000211482 0.000211609 0.000211865 0.000212795 0.000211657 0.000210168 0.000212616 0.000210545 0.000210322 0.000211242 0.000211237 0.000211292 0.000211766 0.000212743 0.000211106 3.90149e-05 3.83722e-05 3.8376e-05 3.83167e-05 0 0 0 0 0 0 0 0 0 0 0 0 0 0 0 0 0 0 0 0 0 0 0 0 0 0 0 0 0 0 0 0 0 0 0 0 0 0 0 0 0 0 0
0 0 0 0 0 0 0.000210994 0.000211778 0.000212011 0.000212923 0.000211442 0.000211706 0.000211866 0.000211659 0.000211567 0.000211525 0.000213068 0.000211675 0.000211641 0.00021018 0.000212794 0.000211907 0.000210906 0.00021312 0.00021151 0.000211466 0.000211647 0.000212808 0.000211148 3.83738e-05 3.83663e-05 3.83704e-05 3.83685e-05 3.8325e-05 0 0 0 0 0 0 0 0 0 0 0 0 0 0 0 0 0 0 0 0 0 0 0 0 0 0 0 0 0 0 0 0 0 0 0 0 0 0 0 0 0 0
0 0 0 0 0 0 0 0.000211749 0.000210256 0.000210223 0.000211686 0.000212427 0.000211406 0.000211726 0.000211825 0.000211443 0.000213088 0.000211671 0.000211625 0.000210019 0.000211634 0.000212596 0.000210807 0.000211015 0.000211392 0.000211383 0.000211561 0.0002129 0.000211072 3.83716e-05 3.83546e-05 3.83389e-05 3.83667e-05 3.84285e-05 3.82956e-05 3.83275e-05 3.83534e-05 3.83489e-05 0 0 0 0 0 0 0 0 0 0 0 0 0 0 0 0 0 0 0 0 0 0 0 0 0 0 0 0 0 0 0 0 0 0 0 0 0 0
0 0 0 0 0 0 0 0.000211891 0.000210218 0.000211644 0.000211802 0.000210709 0.00021156 0.000211577 0.000211516 0.000211529 0.000213068 0.000211694 0.000211911 0.000210259 0.000211979 0.000212664 0.000211168 0.000210748 0.000211534 0.000211545 0.000211603 0.000211767 0.00021225 3.83715e-05 3.83093e-05 3.83741e-05 3.83799e-05 3.84225e-05 3.83727e-05 3.83092e-05 3.83793e-05 3.84238e-05 3.83171e-05 0 0 0 0 0 0 0 0 0 0 0 0 0 0 0 0 0 0 0 0 0 0 0 0 0 0 0 0 0 0 0 0 0 0 0 0 0
0 0 0 0 0 0 0 0.000210879 0.000211303 0.000211717 0.000211392 0.000211689 0.000211642 0.000211644 0.000211674 0.000213035 0.000211664 0.000213067 0.000211542 0.000210198 0.000211741 0.000211515 0.00021285 0.000211461 0.000210282 0.000211497 0.000211402 0.000211661 0.000212377 3.83519e-05 3.8307e-05 3.83723e-05 3.83738e-05 3.84243e-05 3.83718e-05 3.83069e-05 3.84249e-05 3.83754e-05 3.83163e-05 3.83328e-05 0 0 0 0 0 0 0 0 0 0 0 0 0 0 0 0 0 0 0 0 0 0 0 0 0 0 0 0 0 0 0 0 0 0 0 0
0 0 0 0 0 0 0 0 0.000210936 0.000211609 0.000211595 0.000211572 0.000211747 0.00021166 0.000211528 0.000210321 0.000212931 0.000213001 0.000211628 0.00021023 0.000211124 0.000211699 0.000211494 0.000212755 0.000210544 0.000211767 0.000211556 0.00021153 0.000211533 0.00021192 3.82991e-05 3.83711e-05 3.83681e-05 3.84271e-05 3.83705e-05 3.83063e-05 3.84253e-05 3.83774e-05 3.83129e-05 3.83709e-05 3.83375e-05 0 0 0 0 0 0 0 0 0 0 0 0 0 0 0 0 0 0 0 0 0 0 0 0 0 0 0 0 0 0 0 0 0 0 0
0 0 0 0 0 0 0 0 0.000209855 0.000211561 0.000211821 0.000211621 0.000211634 0.000211693 0.000211709 0.000211748 0.000210242 0.000211784 0.000212954 0.000211652 0.000210258 0.000211604 0.000211625 0.000212849 0.00021148 0.000210197 0.000211603 0.000211544 0.000212937 0.000210958 3.83003e-05 3.83735e-05 3.8362e-05 3.84286e-05 3.8369e-05 3.83073e-05 3.83841e-05 3.84141e-05 3.83206e-05 3.83616e-05 3.84301e-05 3.83127e-05 0 0 0 0 0 0 0 0 0 0 0 0 0 0 0 0 0 0 0 0 0 0 0 0 0 0 0 0 0 0 0 0 0 0
0 0 0 0 0 0 0 0 0 5.7721e-05 5.7616e-05 0.000210895 0.000211481 0.00021173 0.000211631 0.000211732 0.000211686 0.000211397 0.000211632 0.000213005 0.000210369 0.000211595 0.000211622 0.000211585 0.000212901 0.000210046 0.000211476 0.000211801 0.00021298 0.0002109 3.83085e-05 3.83726e-05 3.83587e-05 3.84285e-05 3.83665e-05 3.83132e-05 3.83704e-05 3.83777e-05 3.84111e-05 3.83138e-05 3.84286e-05 3.83744e-05 3.83079e-05 0 0 0 0 0 0 0 0 0 0 0 0 0 0 0 0 0 0 0 0 0 0 0 0 0 0 0 0 0 0 0 0 0
0 0 0 0 0 0 0 0 0 5.69466e-05 5.705e-05 5.77349e-05 5.7833e-05 0.00021162 0.000211479 0.000211692 0.000211485 0.000211727 0.00021158 0.000213083 0.000211563 0.000210215 0.000211619 0.000211716 0.00021307 0.000210338 0.000211304 0.000211702 0.000213266 0.00021096 3.83493e-05 3.83205e-05 3.83884e-05 3.84291e-05 3.83601e-05 3.83296e-05 3.83542e-05 3.83742e-05 3.84202e-05 3.83105e-05 3.84225e-05 3.83812e-05 3.82856e-05 3.83846e-05 0 0 0 0 0 0 0 0 0 0 0 0 0 0 0 0 0 0 0 0 0 0 0 0 0 0 0 0 0 0 0 0
0 0 0 0 0 0 0 0 0 0 5.69957e-05 5.70541e-05 5.69342e-05 5.69415e-05 5.78002e-05 0.000211019 0.00021155 0.000211553 0.000211731 0.000211383 0.000212875 0.000210221 0.000211693 0.000211575 0.000212324 0.00021242 0.00021031 0.000211637 0.000212798 0.000210902 3.83392e-05 3.82976e-05 3.83864e-05 3.84303e-05 3.83126e-05 3.84159e-05 3.8312e-05 3.83744e-05 3.84188e-05 3.83105e-05 3.84215e-05 3.83827e-05 3.8352e-05 3.83502e-05 0 0 0 0 0 0 0 0 0 0 0 0 0 0 0 0 0 0 0 0 0 0 0 0 0 0 0 0 0 0 0 0
0 0 0 0 0 0 0 0 0 0 5.70045e-05 5.70645e-05 5.70621e-05 5.70524e-05 5.69424e-05 5.76852e-05 0.000211668 0.000211504 0.000211603 0.000211757 0.000211515 0.00021289 0.000210305 0.000211792 0.000211566 0.000213126 0.000210082 0.00021169 0.000212997 0.000211599 0.000210217 3.8355e-05 3.83207e-05 3.84282e-05 3.83094e-05 3.83736e-05 3.83564e-05 3.83739e-05 3.84213e-05 3.83064e-05 3.83821e-05 3.84231e-05 3.83587e-05 3.83087e-05 3.83537e-05 0 0 0 0 0 0 0 0 0 0 0 0 0 0 0 0 0 0 0 0 0 0 0 0 0 0 0 0 0 0 0
0 0 0 0 0 0 0 0 0 0 0 5.70113e-05 5.70909e-05 5.7178e-05 5.7179e-05 5.70656e-05 5.70552e-05 0.000211759 0.000212282 0.000211542 0.000211658 0.000211495 0.00021154 0.000211249 0.000211512 0.000212929 0.00020998 0.000211588 0.000211885 0.000212986 0.000210821 3.8367e-05 3.83172e-05 3.84176e-05 3.83137e-05 3.83669e-05 3.8365e-05 3.83733e-05 3.8342e-05 3.8382e-05 3.84216e-05 3.83804e-05 3.83639e-05 3.83574e-05 3.83052e-05 3.83625e-05 3.83844e-05 3.84033e-05 3.83412e-05 3.83018e-05 0 0 0 0 0 0 0 0 0 0 0 0 0 0 0 0 0 0 0 0 0 0 0 0 0 0
0 0 0 0 0 0 0 0 0 0 0 5.70086e-05 5.71736e-05 5.70882e-05 5.70759e-05 5.70681e-05 5.69534e-05 5.70488e-05 5.70698e-05 5.78511e-05 5.77663e-05 0.000211133 0.000211711 0.000211438 0.000211801 0.000212979 0.000210289 0.000211688 0.000211873 0.000212922 0.000210845 3.83801e-05 3.83583e-05 3.83184e-05 3.84158e-05 3.83117e-05 3.83624e-05 3.84141e-05 3.83255e-05 3.83572e-05 3.84321e-05 3.83709e-05 3.83648e-05 3.8366e-05 3.83099e-05 3.8347e-05 3.83763e-05 3.84337e-05 3.83711e-05 3.83087e-05 3.83524e-05 0 0 0 0 0 0 0 0 0 0 0 0 0 0 0 0 0 0 0 0 0 0 0 0 0
0 0 0 0 0 0 0 0 0 0 0 0 5.69345e-05 5.69974e-05 5.69441e-05 5.69464e-05 5.70329e-05 5.69327e-05 5.69312e-05 5.69429e-05 5.70301e-05 5.75277e-05 5.76303e-05 5.78478e-05 0.000211556 0.000211501 0.000211471 0.000211411 0.000212925 0.000211598 0.000210115 3.91548e-05 3.83122e-05 3.84105e-05 3.83709e-05 3.83058e-05 3.83622e-05 3.83719e-05 3.83586e-05 3.8367e-05 3.84326e-05 3.83621e-05 3.83641e-05 3.8357e-05 3.83754e-05 3.82414e-05 3.83178e-05 3.84155e-05 3.84294e-05 3.83575e-05 3.82912e-05 3.83343e-05 3.8395e-05 3.83415e-05 3.82659e-05 3.83896e-05 0 0 0 0 0 0 0 0 0 0 0 0 0 0 0 0 0 0 0 0
0 0 0 0 0 0 0 0 0 0 0 0 0 5.70597e-05 5.71831e-05 5.71932e-05 5.71815e-05 5.70602e-05 5.70616e-05 5.70595e-05 5.70529e-05 5.70548e-05 5.70586e-05 5.69202e-05 5.69108e-05 5.77099e-05 0.000210923 0.000211793 0.00021266 0.000211618 0.000210252 3.91545e-05 3.83045e-05 3.84286e-05 3.83655e-05 3.83091e-05 3.83558e-05 3.83643e-05 3.83631e-05 3.84265e-05 3.83671e-05 3.83682e-05 3.83656e-05 3.82935e-05 3.84286e-05 3.83629e-05 3.83007e-05 3.82996e-05 3.84359e-05 3.83738e-05 3.83006e-05 3.83672e-05 3.83632e-05 3.8425e-05 3.83109e-05 3.83678e-05 3.8336e-05 3.83981e-05 3.8342e-05 3.83293e-05 3.82879e-05 3.83348e-05 3.83303e-05 3.83281e-05 3.83292e-05 3.83325e-05 3.83241e-05 3.83253e-05 3.83263e-05 3.83091e-05 0 0 0 0 0 0
0 0 0 0 0 0 0 0 0 0 0 0 0 5.69397e-05 5.70611e-05 5.70702e-05 5.70681e-05 5.71929e-05 5.71979e-05 5.7185e-05 5.71869e-05 5.71864e-05 5.70901e-05 5.70501e-05 5.7068e-05 5.70663e-05 5.76763e-05 5.74405e-05 5.77229e-05 5.83553e-05 0.000210457 0.000211877 3.83618e-05 3.83103e-05 3.84224e-05 3.83614e-05 3.82998e-05 3.83631e-05 3.83614e-05 3.84325e-05 3.83655e-05 3.83637e-05 3.83573e-05 3.83036e-05 3.84421e-05 3.83126e-05 3.83588e-05 3.83701e-05 3.83465e-05 3.84262e-05 3.83039e-05 3.83618e-05 3.83701e-05 3.83564e-05 3.83497e-05 3.83473e-05 3.83546e-05 3.83621e-05 3.83594e-05 3.84069e-05 3.83123e-05 3.83418e-05 3.83624e-05 3.83665e-05 3.83622e-05 3.8358e-05 3.83573e-05 3.83571e-05 3.8357e-05 3.83602e-05 3.83188e-05 0 0 0 0 0
0 0 0 0 0 0 0 0 0 0 0 0 0 0 5.69995e-05 5.7062e-05 5.7049e-05 5.7058e-05 5.70601e-05 5.70726e-05 5.70692e-05 5.70667e-05 5.71642e-05 5.71955e-05 5.71821e-05 5.71795e-05 5.70624e-05 5.7148e-05 5.73011e-05 5.70306e-05 5.73066e-05 5.74923e-05 3.83655e-05 3.82923e-05 3.84306e-05 3.83648e-05 3.82968e-05 3.83653e-05 3.84324e-05 3.84468e-05 3.83605e-05 3.83637e-05 3.82923e-05 3.83594e-05 3.8427e-05 3.83506e-05 3.83471e-05 3.84252e-05 3.84298e-05 3.84227e-05 3.84126e-05 3.8306e-05 3.84131e-05 3.82914e-05 3.84193e-05 3.83591e-05 3.83602e-05 3.83592e-05 3.83604e-05 3.83678e-05 3.84116e-05 3.82978e-05 3.83585e-05 3.83554e-05 3.83556e-05 3.83563e-05 3.83566e-05 3.83559e-05 3.8356e-05 3.8357e-05 3.83614e-05 3.8322e-05 3.83301e-05 0 0 0
0 0 0 0 0 0 0 0 0 0 0 0 0 0 5.69466e-05 5.69633e-05 5.6956e-05 5.70296e-05 5.70422e-05 5.7053e-05 5.70548e-05 5.7059e-05 5.70597e-05 5.70545e-05 5.70556e-05 5.70764e-05 5.70552e-05 5.70822e-05 5.70308e-05 5.71655e-05 5.70452e-05 5.70254e-05 5.70004e-05 3.82883e-05 3.84272e-05 3.83654e-05 3.82983e-05 3.8362e-05 3.84243e-05 3.82834e-05 3.83639e-05 3.83607e-05 3.82977e-05 3.83654e-05 3.84887e-05 3.83727e-05 3.83186e-05 3.82444e-05 3.83159e-05 3.83562e-05 3.83559e-05 3.84251e-05 3.83662e-05 3.83644e-05 3.82713e-05 3.83432e-05 3.83601e-05 3.83609e-05 3.83592e-05 3.83587e-05 3.83548e-05 3.83501e-05 3.83501e-05 3.83558e-05 3.83575e-05 3.83547e-05 3.83532e-05 3.83549e-05 3.83557e-05 3.83553e-05 3.8358e-05 3.83573e-05 3.83514e-05 3.83233e-05 3.83223e-05 3.83218e-05
0 0 0 0 0 0 0 0 0 0 0 0 0 0 0 5.70252e-05 5.71538e-05 5.70828e-05 5.70692e-05 5.70571e-05 5.70536e-05 5.70541e-05 5.70588e-05 5.70545e-05 5.70444e-05 5.70583e-05 5.70603e-05 5.70607e-05 5.70542e-05 5.71292e-05 5.72074e-05 5.70143e-05 5.70662e-05 3.82976e-05 3.83644e-05 3.84285e-05 3.82961e-05 3.8423e-05 3.84204e-05 3.83661e-05 3.83619e-05 3.83109e-05 3.83477e-05 3.83586e-05 3.83019e-05 3.8421e-05 3.83741e-05 3.83137e-05 3.83732e-05 3.8309e-05 3.84117e-05 3.84223e-05 3.83632e-05 3.83538e-05 3.83003e-05 3.83678e-05 3.83563e-05 3.83602e-05 3.83575e-05 3.83579e-05 3.83596e-05 3.83568e-05 3.83547e-05 3.83571e-05 3.83609e-05 3.8355e-05 3.83521e-05 3.83547e-05 3.83541e-05 3.8355e-05 3.8354e-05 3.83581e-05 3.83551e-05 3.83535e-05 3.83523e-05 3.83534e-05
0 0 0 0 0 0 0 0 0 0 0 0 0 0 0 0 5.70038e-05 5.70637e-05 5.70621e-05 5.70603e-05 5.70566e-05 5.70526e-05 5.70356e-05 5.70233e-05 5.69428e-05 5.69282e-05 5.69068e-05 5.69221e-05 5.69519e-05 5.70605e-05 5.71092e-05 5.72893e-05 5.70234e-05 5.70093e-05 3.82947e-05 3.84204e-05 3.83548e-05 3.83636e-05 3.83026e-05 3.83617e-05 3.83629e-05 3.83692e-05 3.82921e-05 3.83628e-05 3.83618e-05 3.83561e-05 3.83514e-05 3.84151e-05 3.83487e-05 3.82979e-05 3.83102e-05 3.83484e-05 3.84197e-05 3.83584e-05 3.82816e-05 3.835e-05 3.83561e-05 3.83598e-05 3.83531e-05 3.83577e-05 3.83615e-05 3.8354e-05 3.8354e-05 3.83574e-05 3.83607e-05 3.83532e-05 3.83529e-05 3.83541e-05 3.83537e-05 3.83538e-05 3.83547e-05 3.83538e-05 3.83578e-05 3.83567e-05 3.83515e-05 3.83529e-05
0 0 0 0 0 0 0 0 0 0 0 0 0 0 0 0 5.68706e-05 5.69596e-05 5.70402e-05 5.68971e-05 5.69487e-05 5.69514e-05 5.69658e-05 5.69708e-05 5.70454e-05 5.70765e-05 5.71764e-05 5.71772e-05 5.71819e-05 5.7038e-05 5.70513e-05 5.7039e-05 5.71487e-05 5.71513e-05 5.69677e-05 3.83689e-05 3.83594e-05 3.83523e-05 3.83619e-05 3.83534e-05 3.836e-05 3.83648e-05 3.83018e-05 3.83751e-05 3.83728e-05 3.83555e-05 3.83607e-05 3.83574e-05 3.84046e-05 3.83011e-05 3.83598e-05 3.83587e-05 3.83561e-05 3.84193e-05 3.82906e-05 3.83536e-05 3.83565e-05 3.83581e-05 3.83552e-05 3.83571e-05 3.83679e-05 3.83462e-05 3.83531e-05 3.8359e-05 3.83577e-05 3.83527e-05 3.83521e-05 3.8356e-05 3.83528e-05 3.83529e-05 3.83528e-05 3.83538e-05 3.83528e-05 3.83562e-05 3.83558e-05 3.8357e-05
0 0 0 0 0 0 0 0 0 0 0 0 0 0 0 0 5.70146e-05 5.70346e-05 5.69544e-05 5.70971e-05 5.70389e-05 5.7035e-05 5.70344e-05 5.70333e-05 5.70466e-05 5.70352e-05 5.69203e-05 5.69257e-05 5.69388e-05 5.69053e-05 5.69298e-05 5.70335e-05 5.69138e-05 5.70546e-05 5.71579e-05 5.69861e-05 3.83542e-05 3.83598e-05 3.83568e-05 3.83549e-05 3.8369e-05 3.83028e-05 3.83428e-05 3.83535e-05 3.8354e-05 3.83612e-05 3.83618e-05 3.83569e-05 3.83559e-05 3.83497e-05 3.83517e-05 3.83563e-05 3.83582e-05 3.83532e-05 3.84195e-05 3.82914e-05 3.83499e-05 3.83546e-05 3.8357e-05 3.83548e-05 3.84097e-05 3.83084e-05 3.83569e-05 3.83622e-05 3.83557e-05 3.83503e-05 3.83521e-05 3.8359e-05 3.83579e-05 3.83419e-05 3.83517e-05 3.83544e-05 3.83533e-05 3.83496e-05 3.83556e-05 3.83626e-05
0 0 0 0 0 0 0 0 0 0 0 0 0 0 0 0 0 5.70065e-05 5.70588e-05 5.70599e-05 5.70838e-05 5.71704e-05 5.72215e-05 5.7163e-05 5.71785e-05 5.71949e-05 5.71896e-05 5.70502e-05 5.70384e-05 5.70431e-05 5.71725e-05 5.70657e-05 5.71416e-05 5.71354e-05 5.71771e-05 5.70001e-05 3.83655e-05 3.83629e-05 3.83013e-05 3.84124e-05 3.83689e-05 3.83012e-05 3.83462e-05 3.83567e-05 3.83562e-05 3.83552e-05 3.83555e-05 3.83587e-05 3.8361e-05 3.83546e-05 3.83572e-05 3.83556e-05 3.83556e-05 3.83584e-05 3.84232e-05 3.83404e-05 3.83026e-05 3.83548e-05 3.83582e-05 3.83563e-05 2.77913e-05 2.77692e-05 2.77751e-05 2.77949e-05 2.77527e-05 2.77687e-05 3.83379e-05 3.83669e-05 3.83938e-05 3.83018e-05 3.835e-05 3.83543e-05 3.83557e-05 3.83516e-05 3.8349e-05 3.83667e-05
0 0 0 0 0 0 0 0 0 0 0 0 0 0 0 0 0 0 5.69847e-05 5.70498e-05 5.70285e-05 5.69448e-05 5.68918e-05 5.69458e-05 5.69365e-05 5.69842e-05 5.70616e-05 5.71843e-05 5.71877e-05 5.71772e-05 5.70379e-05 5.70695e-05 5.7086e-05 5.70195e-05 5.71742e-05 5.71173e-05 3.83617e-05 3.83679e-05 3.82942e-05 3.84231e-05 3.83583e-05 3.8346e-05 3.82982e-05 3.83575e-05 3.83581e-05 3.83609e-05 3.83567e-05 3.83598e-05 3.83582e-05 3.83576e-05 3.83553e-05 3.83543e-05 3.83554e-05 3.83563e-05 3.8421e-05 3.82973e-05 3.8352e-05 3.83576e-05 2.7788e-05 2.77728e-05 2.77609e-05 2.77625e-05 2.77824e-05 2.77238e-05 2.77999e-05 2.77347e-05 2.77681e-05 2.77803e-05 3.83907e-05 3.83013e-05 3.83479e-05 3.83508e-05 3.83535e-05 3.83548e-05 3.83506e-05 3.83531e-05
0 0 0 0 0 0 0 0 0 0 0 0 0 0 0 0 0 0 5.69911e-05 5.70586e-05 5.70567e-05 5.70556e-05 5.70556e-05 5.7062e-05 5.70688e-05 5.69823e-05 5.69175e-05 5.69246e-05 5.7034e-05 5.70708e-05 5.69146e-05 5.69432e-05 5.69506e-05 5.69188e-05 5.68937e-05 5.71446e-05 3.83393e-05 3.83624e-05 3.83552e-05 3.83623e-05 3.83536e-05 3.83189e-05 3.83462e-05 3.83595e-05 3.83602e-05 3.83606e-05 3.83593e-05 3.83569e-05 3.83545e-05 3.83562e-05 3.83571e-05 3.83548e-05 3.83601e-05 3.83639e-05 3.83606e-05 3.83484e-05 3.83533e-05 2.77834e-05 2.77632e-05 2.77552e-05 2.7759e-05 2.77632e-05 2.77867e-05 2.77571e-05 2.77635e-05 2.77578e-05 2.7734e-05 2.7764e-05 2.77995e-05 2.77463e-05 3.83372e-05 3.83468e-05 3.83474e-05 3.83482e-05 3.83511e-05 3.83563e-05
0 0 0 0 0 0 0 0 0 0 0 0 0 0 0 0 0 0 0 5.69902e-05 5.70581e-05 5.7056e-05 5.70522e-05 5.70432e-05 5.70375e-05 5.70528e-05 5.70529e-05 5.70445e-05 5.69109e-05 5.69228e-05 5.70545e-05 5.70534e-05 5.70342e-05 5.70217e-05 5.71564e-05 5.71481e-05 3.84571e-05 3.83502e-05 3.83496e-05 3.83575e-05 3.82952e-05 3.84203e-05 3.82936e-05 3.83638e-05 3.83613e-05 3.83612e-05 3.83692e-05 3.83528e-05 3.83549e-05 3.83514e-05 3.83604e-05 3.83573e-05 3.83556e-05 3.83484e-05 3.8357e-05 3.83491e-05 2.7791e-05 2.7765e-05 2.77848e-05 2.77324e-05 2.77571e-05 2.77637e-05 2.77702e-05 2.77823e-05 2.77671e-05 2.77582e-05 2.77326e-05 2.77667e-05 2.77681e-05 2.77413e-05 3.83407e-05 3.83504e-05 3.83487e-05 3.83495e-05 3.83501e-05 3.83595e-05
0 0 0 0 0 0 0 0 0 0 0 0 0 0 0 0 0 0 0 5.69882e-05 5.70574e-05 5.70574e-05 5.70572e-05 5.70556e-05 5.70551e-05 5.70515e-05 5.70558e-05 5.7062e-05 5.70448e-05 5.70432e-05 5.70836e-05 5.70875e-05 5.70362e-05 5.70242e-05 5.70271e-05 5.70523e-05 5.72352e-05 3.83613e-05 3.83638e-05 3.83586e-05 3.83447e-05 3.83548e-05 3.8294e-05 3.83586e-05 3.83473e-05 3.83532e-05 3.84186e-05 3.83554e-05 3.82929e-05 3.83564e-05 3.83536e-05 3.83589e-05 3.83455e-05 3.83676e-05 2.78062e-05 2.77452e-05 2.77591e-05 2.77652e-05 2.77887e-05 2.77376e-05 2.77618e-05 2.77609e-05 2.77593e-05 2.77612e-05 2.77424e-05 2.77734e-05 2.77564e-05 2.77626e-05 2.77583e-05 3.83215e-05 3.83524e-05 3.83554e-05 3.83471e-05 3.83484e-05 3.83506e-05 3.8358e-05
0 0 0 0 0 0 0 0 0 0 0 0 0 0 0 0 0 0 0 5.70069e-05 5.70559e-05 5.70563e-05 5.70531e-05 5.70545e-05 5.70541e-05 5.70508e-05 5.70547e-05 5.7083e-05 5.70253e-05 5.70656e-05 5.70237e-05 5.70141e-05 5.70546e-05 5.71587e-05 5.70656e-05 5.70415e-05 5.7044e-05 3.84999e-05 3.84062e-05 3.83502e-05 3.83462e-05 3.83065e-05 3.83376e-05 3.83525e-05 3.83494e-05 3.83542e-05 3.84084e-05 3.83615e-05 3.82911e-05 2.77854e-05 2.77716e-05 2.77665e-05 2.77765e-05 2.78072e-05 2.77583e-05 2.77299e-05 2.77587e-05 2.77624e-05 2.77616e-05 2.77592e-05 2.77599e-05 2.77585e-05 2.77594e-05 2.77595e-05 2.77585e-05 2.77589e-05 2.77561e-05 2.77613e-05 2.77643e-05 3.83377e-05 3.83495e-05 3.83582e-05 3.83471e-05 3.83454e-05 3.83515e-05 3.83546e-05
0 0 0 0 0 0 0 0 0 0 0 0 0 0 0 0 0 0 0 0 5.70092e-05 5.70564e-05 5.70745e-05 5.70661e-05 5.70577e-05 5.70541e-05 5.70683e-05 5.7033e-05 5.71666e-05 5.71866e-05 5.71715e-05 5.71816e-05 5.71595e-05 5.70169e-05 5.70242e-05 5.70366e-05 5.70342e-05 5.70372e-05 3.84598e-05 3.84047e-05 3.83468e-05 3.83446e-05 3.82882e-05 3.83522e-05 3.83544e-05 3.83531e-05 2.77872e-05 2.77989e-05 2.77357e-05 2.77545e-05 2.77601e-05 2.7759e-05 2.7767e-05 2.77898e-05 2.77602e-05 2.7734e-05 2.77542e-05 2.77614e-05 2.77548e-05 2.77572e-05 2.77974e-05 2.77145e-05 2.77549e-05 2.77579e-05 2.77565e-05 2.77569e-05 2.77589e-05 2.7761e-05 2.77549e-05 3.83408e-05 3.8353e-05 3.83554e-05 3.8354e-05 3.83435e-05 3.83516e-05 3.83991e-05
0 0 0 0 0 0 0 0 0 0 0 0 0 0 0 0 0 0 0 0 0 5.70098e-05 5.70367e-05 5.71736e-05 5.69609e-05 5.70944e-05 5.7037e-05 5.70563e-05 5.69115e-05 5.69251e-05 5.69109e-05 5.69116e-05 5.69247e-05 5.69413e-05 5.69058e-05 5.70442e-05 5.70451e-05 5.70382e-05 3.84174e-05 3.84169e-05 3.83611e-05 3.83447e-05 3.82986e-05 3.83499e-05 3.83544e-05 2.77848e-05 2.7759e-05 2.77606e-05 2.77592e-05 2.77519e-05 2.7763e-05 2.77605e-05 2.77577e-05 2.77943e-05 2.77572e-05 2.77522e-05 2.77352e-05 2.77708e-05 2.77444e-05 2.77552e-05 2.77603e-05 2.77594e-05 2.77588e-05 2.77573e-05 2.77545e-05 2.77561e-05 2.77558e-05 2.77485e-05 2.77558e-05 3.8333e-05 3.83497e-05 3.83548e-05 3.83545e-05 3.83498e-05 3.83475e-05 3.84114e-05
0 0 0 0 0 0 0 0 0 0 0 0 0 0 0 0 0 0 0 0 0 5.69816e-05 5.71771e-05 5.71813e-05 5.71583e-05 5.70051e-05 5.70407e-05 5.70704e-05 5.70537e-05 5.70677e-05 5.70203e-05 5.70356e-05 5.70191e-05 5.70302e-05 5.71857e-05 5.67767e-05 5.69104e-05 5.68977e-05 5.69039e-05 5.69919e-05 5.71357e-05 5.69564e-05 3.83075e-05 3.83471e-05 2.77847e-05 2.77626e-05 2.77591e-05 2.77543e-05 2.77565e-05 2.77577e-05 2.78062e-05 2.77587e-05 2.77214e-05 2.77886e-05 2.77532e-05 2.773e-05 2.77599e-05 2.77549e-05 2.77541e-05 2.77569e-05 2.7759e-05 2.77629e-05 2.77847e-05 2.77608e-05 2.77543e-05 2.77491e-05 2.77418e-05 2.77527e-05 2.77574e-05 3.83365e-05 3.83502e-05 3.83538e-05 3.83564e-05 3.83471e-05 3.84087e-05 3.83553e-05
0 0 0 0 0 0 0 0 0 0 0 0 0 0 0 0 0 0 0 0 0 0 5.68667e-05 5.69405e-05 5.69161e-05 5.70417e-05 5.71474e-05 5.70319e-05 5.703e-05 5.70266e-05 5.7058e-05 5.70639e-05 5.70494e-05 5.70491e-05 5.70399e-05 5.70234e-05 5.70388e-05 5.70536e-05 5.70343e-05 5.70288e-05 5.70599e-05 5.71175e-05 5.69197e-05 3.83801e-05 2.77749e-05 2.77503e-05 2.77546e-05 2.77538e-05 2.7756e-05 2.77602e-05 2.77937e-05 2.77571e-05 2.77605e-05 2.77615e-05 2.7755e-05 2.77522e-05 2.77338e-05 2.77615e-05 2.77579e-05 2.77553e-05 2.77595e-05 2.77639e-05 2.7783e-05 2.77629e-05 2.77534e-05 2.7737e-05 2.77558e-05 2.77528e-05 2.77564e-05 3.83358e-05 3.83505e-05 3.83488e-05 3.83546e-05 3.83637e-05 3.84063e-05 3.83474e-05
0 0 0 0 0 0 0 0 0 0 0 0 0 0 0 0 0 0 0 0 0 0 5.70051e-05 5.70731e-05 5.70441e-05 5.70409e-05 5.69275e-05 5.71617e-05 5.71788e-05 5.69239e-05 5.70314e-05 5.70504e-05 5.70135e-05 5.7031e-05 5.70349e-05 5.70326e-05 5.70253e-05 5.70234e-05 5.70331e-05 5.70375e-05 5.70341e-05 5.70666e-05 5.70404e-05 5.70441e-05 2.7759e-05 2.77363e-05 2.77541e-05 2.77551e-05 2.77568e-05 2.77627e-05 2.77924e-05 2.77577e-05 2.77617e-05 2.77565e-05 2.77555e-05 2.7759e-05 2.77316e-05 2.77606e-05 2.77832e-05 2.77356e-05 2.77551e-05 2.77566e-05 2.77601e-05 2.77826e-05 2.77371e-05 2.776e-05 2.77584e-05 2.77535e-05 2.7756e-05 3.83352e-05 3.83495e-05 3.83513e-05 3.8358e-05 3.84083e-05 3.8361e-05 3.8388e-05
