Outputs/initial_cond/H_20m.asc
ncols 500
nrows 458
xllcorner 528670
yllcorner 5.07688e+06
cellsize 20
NODATA_value -9999
[rows 34 to 67 of 458, columns 152 to 227 of 500]
0 0 0 0 0 0 0 0 0 0 0 0 0 0 0 0 0 0 0 0 0 0 0 0 0 0 0 0 0 0 0 0 0 0 0 0 0 0 0 0 0 0 0 0 0 0 0 0 0 0 0 0 0 0 0 0 0 0 0 0 0 0 0 0 0 0 0 0 0 0 0 0 0 0 0 0
0 0 0 0 0 0 0 0 0 0 0 0 0 0 0 0 0 0 0 0 0 0 0 0 0 0 0 0 0 0 0 0 0 0 0 0 0 0 0 0 0 0 0 0 0 0 0 0 0 0 0 0 0 0 0 0 0 0 0 0 0 0 0 0 0 0 0 0 0 0 0 0 0 0 0 0
0 0 0 0 0 0 0 0 0 0 0 0 0 0 0 0 0 0 0 0 0 0 0 0 0 0 0 0 0 0 0 0 0 0 0 0 0 0 0 0 0 0 0 0 0 0 0 0 0 0 0 0 0 0 0 0 0 0 0 0 0 0 0 0 0 0 0 0 0 0 0 0 0 0 0 0
0 0 0 0 0 0 0 0 0 0 0 0 0 0 0 0 0 0 0 0 0 0 0 0 0 0 0 0 0 0 0 0 0 0 0 0 0 0 0 0 0 0 0 0 0 0 0 0 0 0 0 0 0 0 0 0 0 0 0 0 0 0 0 0 0 0 0 0 0 0 0 0 0 0 0 0
0 0 0 0 0 0 0 0 0 0 0 0 0 0 0 0 0 0 0 0 0 0 0 0 0 0 0 0 0 0 0 0 0 0 0 0 0 0 0 0 0 0 0 0 0 0 0 0 0 0 0 0 0 0 0 0 0 0 0 0 0 0 0 0 0 0 0 0 0 0 0 0 0 0 0 2.77277e-05
0 0 0 0 0 0 0 0 0 0 0 0 0 0 0 0 0 0 0 0 0 0 0 0 0 0 0 0 0 0 0 0 0 0 0 0 0 0 0 0 0 0 0 0 0 0 0 0 0 0 0 0 0 0 0 0 0 0 0 0 0 0 0 0 0 0 0 0 0 0 2.77314e-05 2.77497e-05 2.77509e-05 2.77485e-05 2.77502e-05 2.77487e-05
0 0 0 0 0 0 0 0 0 0 0 0 0 0 0 0 0 0 0 0 0 0 0 0 0 0 0 0 0 0 0 0 0 0 0 0 0 0 0 0 0 0 0 0 0 0 0 0 0 0 0 0 0 0 0 0 0 0 0 0 0 0 0 0 0 0 0 0 2.7717e-05 2.77544e-05 2.77504e-05 2.7747e-05 2.77492e-05 2.77474e-05 2.77504e-05 2.77502e-05
0 0 0 0 0 0 0 0 0 0 0 0 0 0 0 0 0 0 0 0 0 0 0 0 0 0 0 0 0 0 0 0 0 0 0 0 0 0 0 0 0 0 0 0 0 0 0 0 0 0 0 0 0 0 0 0 0 0 0 0 0 0 0 0 0 0 0 2.77178e-05 2.77505e-05 2.7724e-05 2.77201e-05 2.77243e-05 2.77487e-05 2.77521e-05 2.77512e-05 2.77492e-05
0 0 0 0 0 0 0 0 0 0 0 0 0 0 0 0 0 0 0 0 0 0 0 0 0 0 0 0 0 0 0 0 0 0 0 0 0 0 0 0 0 0 0 0 0 0 0 0 0 0 0 0 0 0 0 0 0 0 0 0 0 0 0 0 0 0 2.77187e-05 2.77509e-05 2.77498e-05 2.77465e-05 2.77464e-05 2.77504e-05 2.77481e-05 2.77489e-05 2.77485e-05 2.77491e-05
0 0 0 0 0 0 0 0 0 0 0 0 0 0 0 0 0 0 0 0 0 0 0 0 0 0 0 0 0 0 0 0 0 0 0 0 0 0 0 0 0 0 0 0 0 0 0 0 0 0 0 0 0 0 0 0 0 0 0 0 0 0 0 0 0 2.77169e-05 2.77505e-05 2.77506e-05 2.7749e-05 2.77491e-05 2.77495e-05 2.77475e-05 2.77281e-05 2.77467e-05 2.77478e-05 2.77478e-05
0 0 0 0 0 0 0 0 0 0 0 0 0 0 0 0 0 0 0 0 0 0 0 0 0 0 0 0 0 0 0 0 0 0 0 0 0 0 0 0 0 0 0 0 0 0 0 0 0 0 0 0 0 0 0 0 0 2.7718e-05 2.77363e-05 2.77399e-05 2.77383e-05 2.77421e-05 0 2.77243e-05 2.77331e-05 2.77519e-05 2.77505e-05 2.77496e-05 2.77513e-05 2.77508e-05 2.77463e-05 2.77441e-05 2.77425e-05 2.77246e-05 2.77462e-05 2.77451e-05
0 0 0 0 0 0 0 0 0 0 0 0 0 0 0 0 0 0 0 0 0 0 0 0 0 0 0 0 0 0 0 0 0 0 0 0 0 0 0 0 0 0 0 0 0 0 0 0 0 0 0 0 0 2.77274e-05 2.77585e-05 2.77369e-05 2.77366e-05 2.77527e-05 2.77524e-05 2.7753e-05 2.77513e-05 2.77493e-05 2.77376e-05 2.77466e-05 2.77503e-05 2.77513e-05 2.77496e-05 2.77498e-05 2.77509e-05 2.77511e-05 2.77492e-05 2.77454e-05 2.77452e-05 2.77406e-05 2.77197e-05 2.77198e-05
0 0 0 0 0 0 0 0 0 0 0 0 0 0 0 0 0 0 0 0 0 0 0 0 0 0 0 0 0 0 0 0 0 0 0 0 0 0 0 0 0 0 0 0 0 0 0 0 0 0 0 0 0 2.77434e-05 2.77567e-05 2.77797e-05 2.77795e-05 2.77559e-05 2.77542e-05 2.77497e-05 2.77515e-05 2.77506e-05 2.77523e-05 2.77465e-05 2.77497e-05 2.77505e-05 2.77495e-05 2.775e-05 2.77501e-05 2.77514e-05 2.77506e-05 2.77463e-05 2.77487e-05 2.77466e-05 2.77439e-05 2.77464e-05
0 0 0 0 0 0 0 0 0 0 0 0 0 0 0 0 0 0 0 0 0 0 0 0 0 0 0 0 0 0 0 0 0 0 0 0 0 0 0 0 0 0 0 0 0 0 0 0 0 0 0 0 2.77249e-05 2.77585e-05 2.77586e-05 2.77605e-05 2.77629e-05 2.77562e-05 2.77516e-05 2.77527e-05 2.77519e-05 2.77525e-05 2.77506e-05 2.7749e-05 2.77495e-05 2.77503e-05 2.77489e-05 2.77495e-05 2.77498e-05 2.77495e-05 2.77491e-05 2.7751e-05 2.77476e-05 2.77473e-05 2.77443e-05 2.7749e-05
0 0 0 0 0 0 0 0 0 0 0 0 0 0 0 0 0 0 0 0 0 0 0 0 0 0 0 0 0 0 0 0 0 0 0 0 0 0 0 0 0 0 0 0 0 0 0 0 0 0 0 2.77267e-05 2.77543e-05 2.77454e-05 2.77238e-05 2.77485e-05 2.77181e-05 2.77441e-05 2.775e-05 2.77505e-05 2.77504e-05 2.77511e-05 2.77488e-05 2.77501e-05 2.77498e-05 2.77487e-05 2.77499e-05 2.77497e-05 2.77491e-05 2.7747e-05 2.77498e-05 2.77569e-05 2.77461e-05 2.77444e-05 2.77436e-05 2.77498e-05
0 0 0 0 0 0 0 0 0 0 0 0 0 0 0 0 0 0 0 0 0 0 0 0 0 0 0 0 0 0 0 0 0 0 0 0 0 0 0 0 0 0 0 0 0 0 0 0 2.77231e-05 2.77389e-05 2.77388e-05 2.77884e-05 2.77558e-05 2.77221e-05 2.77518e-05 2.77266e-05 2.77528e-05 2.77502e-05 2.77501e-05 2.77505e-05 2.77507e-05 2.77511e-05 2.77504e-05 2.77497e-05 2.77512e-05 2.77479e-05 2.7746e-05 2.77484e-05 2.77498e-05 2.77467e-05 2.775e-05 2.77532e-05 2.77441e-05 2.77458e-05 2.7745e-05 2.77775e-05
0 0 0 0 0 0 0 0 0 0 0 0 0 0 0 0 0 0 0 0 0 0 0 0 0 0 0 0 0 0 0 0 0 0 0 0 0 0 0 0 0 0 0 0 0 0 0 2.77235e-05 2.77573e-05 2.77555e-05 2.77546e-05 2.77631e-05 2.77796e-05 2.7722e-05 2.77556e-05 2.7757e-05 2.77494e-05 2.77514e-05 2.77509e-05 2.77501e-05 2.77496e-05 2.77491e-05 2.775e-05 2.77503e-05 2.77516e-05 2.77509e-05 2.77438e-05 2.77468e-05 2.7748e-05 2.77466e-05 2.77486e-05 2.77521e-05 2.77422e-05 2.77445e-05 2.77437e-05 2.77807e-05
0 0 0 0 0 0 0 0 0 0 0 0 0 0 0 0 0 0 0 0 0 0 0 0 0 0 0 0 0 0 0 0 0 0 0 0 0 0 0 0 0 0 0 0 0 0 3.82891e-05 2.77684e-05 2.77568e-05 2.77567e-05 2.77554e-05 2.77549e-05 2.77536e-05 2.77495e-05 2.77503e-05 2.77476e-05 2.7751e-05 2.77517e-05 2.77508e-05 2.77501e-05 2.77497e-05 2.7749e-05 2.77484e-05 2.77487e-05 2.77496e-05 2.77528e-05 2.77454e-05 2.77447e-05 2.77487e-05 2.77496e-05 2.77463e-05 2.77501e-05 2.77454e-05 2.77446e-05 2.77457e-05 2.77479e-05
0 0 0 0 0 0 0 0 0 0 0 0 0 0 0 0 0 0 0 0 0 0 0 0 0 0 0 0 0 0 0 0 0 0 0 0 0 0 0 0 0 0 0 0 0 3.82884e-05 3.83489e-05 2.77678e-05 2.7753e-05 2.77524e-05 2.77534e-05 2.7753e-05 2.77525e-05 2.77518e-05 2.77515e-05 2.77527e-05 2.77508e-05 2.77507e-05 2.77504e-05 2.77502e-05 2.77501e-05 2.77494e-05 2.77484e-05 2.77474e-05 2.77469e-05 2.77508e-05 2.77517e-05 2.77406e-05 2.77451e-05 2.77463e-05 2.77475e-05 2.77449e-05 2.77472e-05 2.77418e-05 2.77434e-05 2.77469e-05
3.83218e-05 3.83202e-05 3.83214e-05 3.83229e-05 0 0 0 0 0 0 0 0 0 0 0 0 0 0 0 0 0 0 0 0 0 0 0 0 0 0 0 0 0 0 0 0 0 0 0 0 0 0 0 0 3.82881e-05 3.83487e-05 3.83515e-05 2.77698e-05 2.77548e-05 2.77538e-05 2.77539e-05 2.77531e-05 2.77525e-05 2.77522e-05 2.77513e-05 2.77513e-05 2.7751e-05 2.77509e-05 2.77504e-05 2.77501e-05 2.77496e-05 2.77494e-05 2.77484e-05 2.77489e-05 2.77486e-05 2.77504e-05 2.77751e-05 2.77195e-05 2.77456e-05 2.77447e-05 2.77445e-05 2.77485e-05 2.77484e-05 2.77445e-05 2.77421e-05 2.77453e-05
3.83511e-05 3.83512e-05 3.83519e-05 3.83553e-05 3.83234e-05 3.83256e-05 0 0 0 0 0 0 0 0 0 0 0 0 0 0 0 0 0 0 0 0 0 0 0 0 0 0 0 0 0 0 0 0 0 0 0 0 3.82887e-05 3.8319e-05 3.83481e-05 3.83465e-05 3.83472e-05 2.77699e-05 2.77553e-05 2.77542e-05 2.77537e-05 2.77533e-05 2.77535e-05 2.77529e-05 2.77522e-05 2.77518e-05 2.77514e-05 2.7751e-05 2.775e-05 2.77494e-05 2.77486e-05 2.77501e-05 2.77473e-05 2.77468e-05 2.77471e-05 2.77478e-05 2.7791e-05 2.77045e-05 2.77438e-05 2.77466e-05 2.77451e-05 2.77716e-05 2.77761e-05 2.77494e-05 2.77433e-05 2.77445e-05
3.83455e-05 3.8351e-05 3.83508e-05 3.8356e-05 3.83603e-05 3.83446e-05 3.83197e-05 3.83292e-05 3.83206e-05 0 0 0 0 0 0 0 3.82885e-05 3.83219e-05 3.83238e-05 3.83276e-05 3.83667e-05 3.83174e-05 3.82887e-05 0 0 0 0 0 0 0 0 0 0 0 3.8311e-05 3.83239e-05 3.83185e-05 3.83174e-05 3.83183e-05 3.83188e-05 3.83173e-05 3.82573e-05 3.83459e-05 3.83506e-05 3.83495e-05 3.83482e-05 3.83475e-05 2.77675e-05 2.77568e-05 2.77563e-05 2.77558e-05 2.77576e-05 2.77573e-05 2.77576e-05 2.77579e-05 2.7756e-05 2.77558e-05 2.77552e-05 2.77555e-05 2.77508e-05 2.77499e-05 2.77476e-05 2.77479e-05 2.77473e-05 2.77476e-05 2.77474e-05 2.77482e-05 2.77486e-05 2.77405e-05 2.77466e-05 2.77489e-05 2.771e-05 2.77118e-05 2.77413e-05 2.77444e-05 2.77443e-05
3.83461e-05 3.83479e-05 3.83514e-05 3.83518e-05 3.83589e-05 3.83505e-05 3.8349e-05 3.8355e-05 3.83552e-05 3.83568e-05 3.82778e-05 3.83103e-05 3.83166e-05 3.83233e-05 3.83251e-05 3.83276e-05 3.83784e-05 3.8393e-05 3.83296e-05 3.83655e-05 3.84049e-05 3.8356e-05 3.83473e-05 3.83199e-05 3.83095e-05 3.82942e-05 0 0 0 0 0 3.82903e-05 3.83186e-05 3.83297e-05 3.83972e-05 3.83514e-05 3.83489e-05 3.83492e-05 3.83488e-05 3.83479e-05 3.83464e-05 3.82921e-05 3.83432e-05 3.83488e-05 3.83492e-05 3.83497e-05 3.83487e-05 2.77688e-05 2.77528e-05 2.77545e-05 2.77578e-05 2.7756e-05 2.77774e-05 2.7778e-05 2.7778e-05 2.77796e-05 2.77782e-05 2.77791e-05 2.7776e-05 2.77555e-05 2.77502e-05 2.77493e-05 2.77492e-05 2.77482e-05 2.77461e-05 2.77477e-05 2.77503e-05 2.77478e-05 2.77442e-05 2.77889e-05 2.7732e-05 2.77135e-05 2.77463e-05 2.77435e-05 2.77427e-05 2.77416e-05
3.83465e-05 3.83505e-05 3.83508e-05 3.83501e-05 3.83545e-05 3.83545e-05 3.83498e-05 3.83511e-05 3.83534e-05 3.83545e-05 3.83497e-05 3.83441e-05 3.83514e-05 3.83954e-05 3.84008e-05 3.84006e-05 3.83823e-05 3.83651e-05 3.8425e-05 3.84132e-05 3.83621e-05 3.84078e-05 3.83506e-05 3.83466e-05 3.83071e-05 3.83385e-05 3.83169e-05 3.83188e-05 3.83166e-05 3.83176e-05 3.8316e-05 3.83414e-05 3.83467e-05 3.83481e-05 3.83998e-05 3.83509e-05 3.835e-05 3.83503e-05 3.83489e-05 3.83485e-05 3.83471e-05 3.83351e-05 3.82901e-05 3.835e-05 3.83497e-05 3.83486e-05 3.83527e-05 2.77708e-05 2.77539e-05 2.7752e-05 2.77509e-05 2.7753e-05 2.77278e-05 2.77295e-05 2.77478e-05 2.77495e-05 2.77515e-05 2.77464e-05 2.77216e-05 2.7745e-05 2.77461e-05 2.77763e-05 2.77509e-05 2.77734e-05 2.77772e-05 2.77785e-05 2.7777e-05 2.77754e-05 2.77747e-05 2.77754e-05 2.77469e-05 2.77409e-05 2.77413e-05 2.77434e-05 2.77424e-05 2.77487e-05
3.835e-05 3.83536e-05 3.83532e-05 3.83516e-05 3.83502e-05 3.83545e-05 3.83512e-05 3.83517e-05 3.83513e-05 3.83527e-05 3.83529e-05 3.83492e-05 3.83468e-05 3.83111e-05 3.83448e-05 3.83556e-05 3.83455e-05 3.83337e-05 3.83367e-05 3.82796e-05 3.83511e-05 3.84121e-05 3.83487e-05 3.83398e-05 3.82842e-05 3.83434e-05 3.8343e-05 3.8348e-05 3.83494e-05 3.83492e-05 3.83505e-05 3.83448e-05 3.83471e-05 3.83959e-05 3.83563e-05 3.83505e-05 3.83499e-05 3.83483e-05 3.83481e-05 3.83483e-05 3.83479e-05 3.83442e-05 3.82837e-05 3.83487e-05 3.83541e-05 3.83503e-05 3.83489e-05 2.77693e-05 2.77589e-05 2.77583e-05 2.77542e-05 2.77474e-05 2.77498e-05 2.77483e-05 2.77497e-05 2.7725e-05 2.7724e-05 2.77226e-05 2.77479e-05 2.77545e-05 2.7781e-05 2.77545e-05 2.77791e-05 2.77563e-05 2.77526e-05 2.77487e-05 2.77475e-05 2.77501e-05 2.7751e-05 2.77522e-05 2.7778e-05 2.77797e-05 2.778e-05 2.77803e-05 2.77804e-05 2.77764e-05
3.83498e-05 3.83494e-05 3.83503e-05 3.83528e-05 3.83534e-05 3.83522e-05 3.83518e-05 3.83501e-05 3.83533e-05 3.83521e-05 3.84003e-05 3.8351e-05 3.8303e-05 3.83565e-05 3.83095e-05 3.83283e-05 3.83339e-05 2.77572e-05 2.77268e-05 2.77626e-05 2.77615e-05 2.78012e-05 2.77729e-05 2.77665e-05 2.77387e-05 2.77654e-05 2.77695e-05 2.77698e-05 2.7769e-05 2.77693e-05 2.77721e-05 2.77653e-05 3.83344e-05 3.84087e-05 3.8344e-05 3.83464e-05 3.83499e-05 3.83472e-05 3.83475e-05 3.83487e-05 3.83487e-05 3.83476e-05 3.82866e-05 3.83368e-05 3.83453e-05 3.8349e-05 3.83453e-05 2.7767e-05 2.77573e-05 2.77747e-05 2.77788e-05 2.77817e-05 2.77807e-05 2.77791e-05 2.77555e-05 2.77796e-05 2.77783e-05 2.77836e-05 2.77855e-05 2.77795e-05 2.77485e-05 2.77485e-05 2.77472e-05 2.77474e-05 2.77469e-05 2.77459e-05 2.77457e-05 2.77463e-05 2.77441e-05 2.77456e-05 2.77459e-05 2.77455e-05 2.77434e-05 2.77422e-05 2.7741e-05 2.77433e-05
3.83512e-05 3.83472e-05 3.83499e-05 3.83506e-05 3.83507e-05 3.83513e-05 3.83535e-05 3.83513e-05 3.83569e-05 3.83226e-05 3.84189e-05 3.83505e-05 3.83443e-05 3.83333e-05 3.82576e-05 2.77646e-05 2.77445e-05 2.77597e-05 2.77565e-05 2.7756e-05 2.77554e-05 2.77654e-05 2.77836e-05 2.77517e-05 2.77241e-05 2.7755e-05 2.77552e-05 2.77555e-05 2.77555e-05 2.77535e-05 2.77616e-05 2.77507e-05 2.78042e-05 3.83601e-05 3.83462e-05 3.83431e-05 3.83437e-05 3.83436e-05 3.83487e-05 3.83485e-05 3.8348e-05 3.83459e-05 3.83318e-05 3.82987e-05 3.83398e-05 3.83413e-05 3.83458e-05 2.77674e-05 2.77494e-05 2.77318e-05 2.77507e-05 2.77515e-05 2.77512e-05 2.77515e-05 2.77542e-05 2.77514e-05 2.77489e-05 2.77414e-05 2.77479e-05 2.77496e-05 2.77485e-05 2.77484e-05 2.77476e-05 2.77475e-05 2.77465e-05 2.77465e-05 2.77472e-05 2.7747e-05 2.77445e-05 2.77458e-05 2.77462e-05 2.77406e-05 2.77394e-05 2.77187e-05 2.76995e-05 2.77381e-05
3.83497e-05 3.83469e-05 3.83494e-05 3.83497e-05 3.83498e-05 3.83511e-05 3.83532e-05 3.83563e-05 3.83855e-05 3.83088e-05 3.8395e-05 3.83498e-05 3.83501e-05 3.83392e-05 2.77633e-05 2.77275e-05 2.7716e-05 2.77312e-05 2.77814e-05 2.77584e-05 2.77593e-05 2.7759e-05 2.77882e-05 2.77525e-05 2.77244e-05 2.77545e-05 2.77551e-05 2.77559e-05 2.77565e-05 2.77504e-05 2.77568e-05 2.77561e-05 2.77867e-05 2.77696e-05 2.77807e-05 3.83389e-05 3.83395e-05 3.83436e-05 3.83527e-05 3.83491e-05 3.83474e-05 3.83454e-05 3.82971e-05 3.83374e-05 3.8344e-05 3.83444e-05 3.83451e-05 2.77666e-05 2.77508e-05 2.77481e-05 2.77266e-05 2.77251e-05 2.77243e-05 2.77254e-05 2.77251e-05 2.77204e-05 2.77237e-05 2.77558e-05 2.77499e-05 2.77486e-05 2.77483e-05 2.77488e-05 2.77484e-05 2.77485e-05 2.77474e-05 2.77473e-05 2.7748e-05 2.77461e-05 2.77453e-05 2.7744e-05 2.77409e-05 2.77383e-05 2.77199e-05 2.774e-05 2.77435e-05 2.77424e-05
3.83534e-05 3.83451e-05 3.83513e-05 3.83489e-05 3.83494e-05 3.83554e-05 3.8354e-05 3.83521e-05 3.83903e-05 3.83101e-05 2.77739e-05 2.77916e-05 2.77461e-05 2.77951e-05 2.7759e-05 2.77144e-05 2.77648e-05 2.77516e-05 2.7727e-05 2.77526e-05 2.77519e-05 2.77566e-05 2.77626e-05 2.77798e-05 2.77266e-05 2.7752e-05 2.77552e-05 2.77557e-05 2.77569e-05 2.77518e-05 2.77518e-05 2.7764e-05 2.77815e-05 2.77544e-05 2.77535e-05 2.77667e-05 2.77628e-05 2.77467e-05 2.78053e-05 3.83508e-05 3.83473e-05 3.83311e-05 2.77615e-05 2.77428e-05 3.83308e-05 3.83483e-05 2.77814e-05 2.77521e-05 2.77523e-05 2.77525e-05 2.77515e-05 2.77501e-05 2.77494e-05 2.77464e-05 2.7745e-05 2.77472e-05 2.77463e-05 2.77195e-05 2.77161e-05 2.77144e-05 2.77106e-05 2.77124e-05 2.77152e-05 2.77415e-05 2.77186e-05 2.77446e-05 2.77478e-05 2.77452e-05 2.77439e-05 2.77449e-05 2.77465e-05 2.77455e-05 2.77684e-05 2.77698e-05 2.77842e-05 2.77436e-05
3.83155e-05 3.83353e-05 3.83478e-05 3.83504e-05 3.83529e-05 3.83531e-05 3.83493e-05 3.83537e-05 3.83831e-05 2.7744e-05 2.77562e-05 2.77818e-05 2.77319e-05 2.77802e-05 2.77583e-05 2.77299e-05 2.77497e-05 2.77551e-05 2.77552e-05 2.77527e-05 2.77573e-05 2.77562e-05 2.77578e-05 2.77823e-05 2.77311e-05 2.77498e-05 2.77551e-05 2.77558e-05 2.77551e-05 2.77588e-05 2.77444e-05 2.77873e-05 2.77586e-05 2.77542e-05 2.77533e-05 2.77533e-05 2.77511e-05 2.77538e-05 2.77583e-05 2.77694e-05 2.77812e-05 3.83307e-05 2.77307e-05 2.77521e-05 2.7763e-05 2.77673e-05 2.77555e-05 2.77558e-05 2.77556e-05 2.7754e-05 2.77524e-05 2.77519e-05 2.7751e-05 2.77505e-05 2.77496e-05 2.77505e-05 2.77504e-05 2.77477e-05 2.77484e-05 2.77491e-05 2.77498e-05 2.77479e-05 2.7745e-05 2.77154e-05 2.77402e-05 2.77126e-05 2.77103e-05 2.77098e-05 2.77168e-05 2.77413e-05 2.7746e-05 2.77509e-05 2.77472e-05 2.77445e-05 2.77456e-05 2.77468e-05
3.83387e-05 3.83014e-05 3.83486e-05 3.83505e-05 3.83555e-05 3.83465e-05 3.8352e-05 3.8353e-05 2.77864e-05 2.7748e-05 2.77606e-05 2.77835e-05 2.77301e-05 2.77549e-05 2.77863e-05 2.77278e-05 2.77479e-05 2.77562e-05 2.77562e-05 2.77552e-05 2.77523e-05 2.7754e-05 2.7751e-05 2.77597e-05 2.77552e-05 2.77497e-05 2.77543e-05 2.77571e-05 2.77519e-05 2.77573e-05 2.7749e-05 2.77838e-05 2.7758e-05 2.77542e-05 2.7753e-05 2.77526e-05 2.77535e-05 2.77542e-05 2.77554e-05 2.77534e-05 2.77518e-05 2.77677e-05 2.77499e-05 2.7732e-05 2.77515e-05 2.77521e-05 2.77543e-05 2.77573e-05 2.77575e-05 2.77563e-05 2.77566e-05 2.77535e-05 2.77518e-05 2.77523e-05 2.77512e-05 2.77506e-05 2.77505e-05 2.77505e-05 2.77499e-05 2.7749e-05 2.77488e-05 2.77494e-05 2.77483e-05 2.77475e-05 2.7748e-05 2.7748e-05 2.77469e-05 2.7745e-05 2.7741e-05 2.77157e-05 2.77131e-05 2.77447e-05 2.77484e-05 2.7749e-05 2.77466e-05 2.77431e-05
3.83381e-05 3.83026e-05 3.83475e-05 3.83583e-05 3.83364e-05 3.83428e-05 3.83532e-05 3.83518e-05 2.77711e-05 2.77555e-05 2.77608e-05 2.77834e-05 2.77269e-05 2.77557e-05 2.77859e-05 2.77544e-05 2.77249e-05 2.77552e-05 2.77558e-05 2.77551e-05 2.77544e-05 2.77534e-05 2.77536e-05 2.77563e-05 2.77563e-05 2.77535e-05 2.77546e-05 2.77563e-05 2.77538e-05 2.77544e-05 2.77484e-05 2.77892e-05 2.77533e-05 2.77544e-05 2.77528e-05 2.77529e-05 2.77537e-05 2.7754e-05 2.77545e-05 2.7753e-05 2.77263e-05 2.77559e-05 2.77368e-05 2.77704e-05 2.77495e-05 2.7753e-05 2.775e-05 2.77507e-05 2.77495e-05 2.77507e-05 2.77514e-05 2.77547e-05 2.77571e-05 2.77587e-05 2.77551e-05 2.77527e-05 2.77501e-05 2.77489e-05 2.7749e-05 2.7749e-05 2.77491e-05 2.77485e-05 2.77476e-05 2.7747e-05 2.77471e-05 2.77482e-05 2.77474e-05 2.77446e-05 2.77457e-05 2.77457e-05 2.77435e-05 2.77108e-05 2.77419e-05 2.77442e-05 2.77447e-05 2.77434e-05
3.83393e-05 3.8308e-05 3.83526e-05 3.83459e-05 3.83471e-05 3.83468e-05 3.83518e-05 3.83526e-05 2.77773e-05 2.77615e-05 2.78011e-05 2.77422e-05 2.7726e-05 2.77554e-05 2.77644e-05 2.77549e-05 2.77471e-05 2.77546e-05 2.77546e-05 2.77552e-05 2.77552e-05 2.77556e-05 2.77558e-05 2.77537e-05 2.7758e-05 2.77565e-05 2.77821e-05 2.77849e-05 2.77733e-05 2.77565e-05 2.77526e-05 2.77832e-05 2.77568e-05 2.77534e-05 2.77531e-05 2.77533e-05 2.77537e-05 2.77538e-05 2.77542e-05 2.77512e-05 2.77109e-05 2.77698e-05 2.7752e-05 2.77533e-05 2.77557e-05 2.77538e-05 2.77465e-05 2.77513e-05 2.7752e-05 2.77514e-05 2.77507e-05 2.77501e-05 2.77487e-05 2.77476e-05 2.77508e-05 2.77517e-05 2.77528e-05 2.77522e-05 2.77489e-05 2.77478e-05 2.77472e-05 2.77479e-05 2.77473e-05 2.77466e-05 2.77459e-05 2.77491e-05 2.77453e-05 2.77439e-05 2.77449e-05 2.77455e-05 2.77467e-05 2.7752e-05 2.77043e-05 2.77052e-05 2.77427e-05 2.77436e-05
3.83464e-05 3.83135e-05 3.83439e-05 3.83485e-05 3.8348e-05 3.83492e-05 3.83442e-05 3.83457e-05 2.77691e-05 2.77817e-05 2.77658e-05 2.7745e-05 2.77674e-05 2.77545e-05 2.77586e-05 2.77549e-05 2.77539e-05 2.77517e-05 2.7754e-05 2.77561e-05 2.77559e-05 2.77557e-05 2.77568e-05 2.77599e-05 2.7781e-05 2.77903e-05 2.77647e-05 2.77565e-05 2.77711e-05 2.77897e-05 2.77897e-05 2.77576e-05 2.77799e-05 2.77528e-05 2.77541e-05 2.77531e-05 2.77531e-05 2.77532e-05 2.77532e-05 2.77529e-05 2.7747e-05 2.773e-05 2.77804e-05 2.77275e-05 2.77577e-05 2.77753e-05 2.77254e-05 2.77508e-05 2.77528e-05 2.77537e-05 2.77534e-05 2.77525e-05 2.7753e-05 2.77513e-05 2.77501e-05 2.7751e-05 2.77512e-05 2.77488e-05 2.77505e-05 2.77501e-05 2.7748e-05 2.77468e-05 2.77467e-05 2.77464e-05 2.77467e-05 2.77479e-05 2.77461e-05 2.77432e-05 2.77444e-05 2.77448e-05 2.77485e-05 2.77761e-05 2.77152e-05 2.77418e-05 2.77048e-05 2.77264e-05
