Outputs/initial_cond/H_20m.asc
ncols 500
nrows 458
xllcorner 528670
yllcorner 5.07688e+06
cellsize 20
NODATA_value -9999
[rows 340 to 373 of 458, columns 76 to 151 of 500]
0 0 0 0 0 0 0 0 0 0 0 0 0 0 0 0 0 0 0 0 0 0 0 0 0 0 0 0 0 0 0 0 0 0 0 0 0 0 0 0 0 0 0 0 0 0 0 0 0 0 0 8.83397e-05 8.84576e-05 8.84373e-05 8.84257e-05 8.82344e-05 8.83096e-05 8.87183e-05 8.83711e-05 8.85329e-05 8.81428e-05 8.84232e-05 8.84193e-05 8.83202e-05 8.86748e-05 8.84438e-05 8.8429e-05 8.84189e-05 8.83218e-05 8.83143e-05 8.84525e-05 8.86332e-05 8.84569e-05 8.84627e-05 8.84335e-05 8.84324e-05
0 0 0 0 0 0 0 0 0 0 0 0 0 0 0 0 0 0 0 0 0 0 0 0 0 0 0 0 0 0 0 0 0 0 0 0 0 0 0 0 0 0 0 0 0 0 0 0 0 0 8.83145e-05 8.83961e-05 8.84044e-05 8.8422e-05 8.84265e-05 8.84008e-05 8.82312e-05 8.8838e-05 8.87003e-05 8.84001e-05 8.82653e-05 8.83947e-05 8.84244e-05 8.8443e-05 8.85074e-05 8.84804e-05 8.84298e-05 8.84367e-05 8.82606e-05 8.84198e-05 8.85977e-05 8.84666e-05 8.86062e-05 8.85895e-05 8.83065e-05 8.8423e-05
0 0 0 0 0 0 0 0 0 0 0 0 0 0 0 0 0 0 0 0 0 0 0 0 0 0 0 0 0 0 0 0 0 0 0 0 0 0 0 0 0 0 0 0 0 0 0 0 0 5.69658e-05 8.84039e-05 8.8403e-05 8.84282e-05 8.84286e-05 8.84278e-05 8.8413e-05 8.8368e-05 8.80508e-05 8.83739e-05 8.84127e-05 8.81284e-05 8.85198e-05 8.84198e-05 8.83586e-05 8.8396e-05 8.86232e-05 8.84289e-05 8.82098e-05 8.85955e-05 8.84244e-05 8.84179e-05 8.86498e-05 8.84627e-05 8.84412e-05 8.8672e-05 8.84494e-05
0 0 0 0 0 0 0 0 0 0 0 0 0 0 0 0 0 0 0 0 0 0 0 0 0 0 0 0 0 0 0 0 0 0 0 0 0 0 0 0 0 0 0 0 0 0 0 0 8.83395e-05 8.83747e-05 8.84181e-05 8.84113e-05 8.8425e-05 8.84261e-05 8.84405e-05 8.84306e-05 8.83828e-05 8.82078e-05 8.86883e-05 8.83124e-05 8.8517e-05 8.80337e-05 8.85228e-05 8.8368e-05 8.84171e-05 8.86535e-05 8.84255e-05 8.84025e-05 8.84463e-05 8.84211e-05 8.84232e-05 8.84555e-05 8.83946e-05 8.83976e-05 8.8343e-05 8.85779e-05
0 0 0 0 0 0 0 0 0 0 0 0 0 0 0 0 0 0 0 0 0 0 0 0 0 0 0 0 0 0 0 0 0 0 0 0 0 0 0 0 0 0 0 0 0 0 0 5.68995e-05 8.84192e-05 8.84087e-05 8.84192e-05 8.84368e-05 8.84193e-05 8.84004e-05 8.82774e-05 8.86153e-05 8.85173e-05 8.81154e-05 8.87068e-05 8.84739e-05 8.8228e-05 8.83317e-05 8.84325e-05 8.84047e-05 8.84341e-05 8.86367e-05 8.84339e-05 8.83973e-05 8.84493e-05 8.84459e-05 8.84411e-05 8.83847e-05 8.84036e-05 8.83914e-05 8.83456e-05 8.82897e-05
0 0 0 0 0 0 0 0 0 0 0 0 0 0 0 0 0 0 0 0 0 0 0 0 0 0 0 0 0 0 0 0 0 0 0 0 0 0 0 0 0 0 0 0 0 0 5.68704e-05 5.71139e-05 8.84225e-05 8.84068e-05 8.82087e-05 8.82724e-05 8.85241e-05 8.82924e-05 8.8695e-05 8.82264e-05 8.84219e-05 8.85838e-05 8.82476e-05 8.86195e-05 8.84455e-05 8.8518e-05 8.81548e-05 8.84312e-05 8.84568e-05 8.84117e-05 8.86005e-05 8.84116e-05 8.86654e-05 8.86613e-05 8.85102e-05 8.82624e-05 8.83869e-05 8.825e-05 8.84334e-05 8.84092e-05
0 0 0 0 0 0 0 0 0 0 0 0 0 0 0 0 0 0 0 0 0 0 0 0 0 0 0 0 0 0 0 0 0 0 0 0 0 0 0 0 0 0 0 0 0 5.69062e-05 5.69455e-05 8.82519e-05 8.8617e-05 8.84314e-05 8.83852e-05 8.82789e-05 8.83988e-05 8.85878e-05 8.82407e-05 8.84284e-05 8.84138e-05 8.85815e-05 8.84516e-05 8.84164e-05 8.84598e-05 8.84362e-05 8.82424e-05 8.83905e-05 8.84182e-05 8.84219e-05 8.8655e-05 8.86576e-05 8.84251e-05 8.82064e-05 8.85352e-05 8.84079e-05 8.82126e-05 8.8371e-05 8.8348e-05 8.84171e-05
0 0 0 0 0 0 0 0 0 0 0 0 0 0 0 0 0 0 0 0 0 0 0 0 0 0 0 0 0 0 0 0 0 0 0 0 0 0 0 0 0 0 0 0 5.68819e-05 5.7021e-05 5.69949e-05 8.83361e-05 8.83197e-05 8.85859e-05 8.84243e-05 8.82754e-05 8.84292e-05 8.86104e-05 8.83976e-05 8.85555e-05 8.83283e-05 8.84295e-05 8.84175e-05 8.84333e-05 8.84495e-05 8.84015e-05 8.82335e-05 8.84404e-05 8.84297e-05 8.85732e-05 8.8405e-05 8.82045e-05 8.82183e-05 8.84348e-05 8.82188e-05 8.83877e-05 8.84077e-05 8.84128e-05 8.82215e-05 8.85962e-05
0 0 0 0 0 0 0 0 0 0 0 0 0 0 0 0 0 0 0 0 0 0 0 0 0 0 0 0 0 0 0 0 0 0 0 0 0 0 0 0 0 0 0 5.69123e-05 5.69558e-05 5.71135e-05 8.80946e-05 8.85145e-05 8.85034e-05 8.83438e-05 8.83464e-05 8.84233e-05 8.86463e-05 8.84662e-05 8.84199e-05 8.84159e-05 8.84213e-05 8.84217e-05 8.84136e-05 8.84203e-05 8.83823e-05 8.82304e-05 8.84026e-05 8.84247e-05 8.85864e-05 8.84586e-05 8.84183e-05 8.83739e-05 8.83908e-05 8.84695e-05 8.83522e-05 8.83633e-05 8.8505e-05 8.81085e-05 8.8728e-05 8.83475e-05
0 0 0 0 0 0 0 0 0 0 0 0 0 0 0 0 0 0 0 0 0 0 0 0 0 0 0 0 0 0 0 0 0 0 0 0 0 0 0 0 0 0 5.69121e-05 5.69912e-05 5.69671e-05 5.70055e-05 8.82367e-05 8.84448e-05 8.85692e-05 8.84498e-05 8.82425e-05 8.84162e-05 8.84212e-05 8.85918e-05 8.83897e-05 8.84614e-05 8.84276e-05 8.84213e-05 8.83989e-05 8.81134e-05 8.84863e-05 8.84053e-05 8.83431e-05 8.85306e-05 8.84206e-05 8.85956e-05 8.84948e-05 8.84201e-05 8.84191e-05 8.8449e-05 8.83866e-05 8.81887e-05 8.84066e-05 8.84367e-05 8.8641e-05 8.84239e-05
0 0 0 0 0 0 0 0 0 0 0 0 0 0 0 0 0 0 0 0 0 0 0 0 0 0 0 0 0 0 0 0 0 0 0 0 0 0 0 0 0 5.69263e-05 5.69282e-05 5.69883e-05 5.69626e-05 5.70031e-05 8.84132e-05 8.82566e-05 8.84047e-05 8.85367e-05 8.84358e-05 8.82228e-05 8.83762e-05 8.86871e-05 8.83347e-05 8.83875e-05 8.84378e-05 8.8416e-05 8.8199e-05 8.83912e-05 8.86044e-05 8.84215e-05 8.85237e-05 8.82259e-05 8.84885e-05 8.84155e-05 8.8435e-05 8.84479e-05 8.84525e-05 8.8431e-05 8.83694e-05 8.81586e-05 8.85174e-05 8.8425e-05 8.85245e-05 8.84936e-05
0 0 0 0 0 0 0 0 0 0 0 0 0 0 0 0 0 0 0 0 0 0 0 0 0 0 0 0 0 0 0 0 0 0 0 0 0 0 0 0 5.69067e-05 5.6944e-05 5.69225e-05 5.69911e-05 5.69969e-05 8.83608e-05 8.84233e-05 8.82589e-05 8.84351e-05 8.85652e-05 8.84183e-05 8.8254e-05 8.84091e-05 8.85906e-05 8.83886e-05 8.83829e-05 8.82374e-05 8.83744e-05 8.84734e-05 8.88565e-05 8.84681e-05 8.84176e-05 8.84137e-05 8.84058e-05 8.84486e-05 8.8403e-05 8.84254e-05 8.84366e-05 8.84057e-05 8.84527e-05 8.84331e-05 8.84741e-05 8.82562e-05 8.84047e-05 8.84513e-05 8.84401e-05
0 0 0 0 0 0 0 0 0 0 0 0 0 0 0 0 0 0 0 0 0 0 0 0 0 0 0 0 0 0 0 0 0 0 0 0 0 0 0 5.69048e-05 5.69453e-05 5.69231e-05 5.69934e-05 5.69541e-05 5.7e-05 8.84014e-05 8.82678e-05 8.84069e-05 8.84235e-05 8.84241e-05 8.85926e-05 8.85026e-05 8.81465e-05 8.83921e-05 8.85727e-05 8.84029e-05 8.82084e-05 8.838e-05 8.86101e-05 8.85102e-05 8.85325e-05 8.84207e-05 8.84295e-05 8.84187e-05 8.84403e-05 8.84001e-05 8.84017e-05 8.84118e-05 8.84325e-05 8.84119e-05 8.84308e-05 8.82606e-05 8.83966e-05 8.84068e-05 8.83914e-05 8.84232e-05
0 0 0 0 0 0 0 0 0 0 0 0 0 0 0 0 0 0 0 0 0 0 0 0 0 0 0 0 0 0 0 0 0 0 0 0 0 0 5.6902e-05 5.69591e-05 5.69524e-05 5.68865e-05 5.70274e-05 5.70134e-05 8.83385e-05 8.82258e-05 8.83864e-05 8.84196e-05 8.84185e-05 8.83618e-05 8.85401e-05 8.83539e-05 8.84114e-05 8.84339e-05 8.86176e-05 8.82431e-05 8.86384e-05 8.84704e-05 8.79468e-05 8.81683e-05 8.89273e-05 8.86653e-05 8.84431e-05 8.84116e-05 8.8399e-05 8.84205e-05 8.84201e-05 8.84288e-05 8.84195e-05 8.84143e-05 8.84162e-05 8.82276e-05 8.8401e-05 8.84216e-05 8.84228e-05 8.84358e-05
0 0 0 0 0 0 0 0 0 0 0 0 0 0 0 0 0 0 0 0 0 0 0 0 0 0 0 0 0 0 0 0 0 0 0 0 0 0 5.70161e-05 5.6959e-05 5.69458e-05 5.69004e-05 5.69574e-05 5.70236e-05 5.6943e-05 8.85799e-05 8.84476e-05 8.82306e-05 8.83885e-05 8.84559e-05 8.84604e-05 8.85082e-05 8.83561e-05 8.8403e-05 8.8638e-05 8.84304e-05 8.84086e-05 8.84572e-05 8.84265e-05 8.81435e-05 8.84306e-05 8.82268e-05 8.84105e-05 8.8411e-05 8.84105e-05 8.84239e-05 8.84184e-05 8.84073e-05 8.84312e-05 8.84095e-05 8.82512e-05 8.84037e-05 8.84116e-05 8.84028e-05 8.84373e-05 8.84361e-05
0 0 0 0 0 0 0 0 0 0 0 0 0 0 0 0 0 0 0 0 0 0 0 0 0 0 0 0 0 0 0 0 0 0 0 0 0 5.68851e-05 5.68015e-05 5.70841e-05 5.69038e-05 5.69038e-05 5.69571e-05 5.69669e-05 5.70695e-05 8.84214e-05 8.8332e-05 8.83455e-05 8.84099e-05 8.84329e-05 8.84381e-05 8.84026e-05 8.84251e-05 8.84117e-05 8.86068e-05 8.84579e-05 8.84187e-05 8.83662e-05 8.84188e-05 8.84701e-05 8.83965e-05 8.83453e-05 8.84033e-05 8.84024e-05 8.85276e-05 8.83233e-05 8.84071e-05 8.84127e-05 8.84249e-05 8.83958e-05 8.82493e-05 8.84189e-05 8.84365e-05 8.83973e-05 8.84259e-05 8.83897e-05
0 0 0 0 0 0 0 0 0 0 0 0 0 0 0 0 0 0 0 0 0 0 0 0 0 0 0 0 0 0 0 0 0 0 0 0 0 5.67849e-05 5.69582e-05 5.69447e-05 5.68896e-05 5.70435e-05 8.81933e-05 8.83475e-05 8.83634e-05 8.84125e-05 8.85882e-05 8.82165e-05 8.83903e-05 8.84325e-05 8.83137e-05 8.85332e-05 8.84948e-05 8.86058e-05 8.81065e-05 8.86412e-05 8.84134e-05 8.84558e-05 8.84382e-05 8.84323e-05 8.84474e-05 8.84424e-05 8.83884e-05 8.84271e-05 8.84109e-05 8.84205e-05 8.84071e-05 8.8423e-05 8.84261e-05 8.84104e-05 8.82492e-05 8.8367e-05 8.84774e-05 8.84199e-05 8.83657e-05 8.8416e-05
0 0 0 0 0 0 0 0 0 0 0 0 0 0 0 0 0 0 0 0 0 0 0 0 0 0 0 0 0 0 0 0 0 0 0 0 5.69214e-05 5.69576e-05 5.70048e-05 5.68306e-05 5.69537e-05 5.70084e-05 8.83057e-05 8.85677e-05 8.82636e-05 8.83853e-05 8.83243e-05 8.8421e-05 8.85294e-05 8.86819e-05 8.80316e-05 8.85435e-05 8.84803e-05 8.84173e-05 8.84929e-05 8.83877e-05 8.84184e-05 8.84055e-05 8.84413e-05 8.84088e-05 8.84307e-05 8.84087e-05 8.84428e-05 8.83332e-05 8.85148e-05 8.83942e-05 8.84413e-05 8.84214e-05 8.83918e-05 8.82429e-05 8.83738e-05 8.83798e-05 8.84217e-05 8.84025e-05 8.83679e-05 8.8423e-05
0 0 0 0 0 0 0 0 0 0 0 0 0 0 0 0 0 0 0 0 0 0 0 0 0 0 0 0 0 0 0 0 0 0 0 0 5.69151e-05 5.70168e-05 5.68899e-05 5.69557e-05 5.69078e-05 8.836e-05 8.84418e-05 8.8484e-05 8.83176e-05 8.84116e-05 8.84451e-05 8.84792e-05 8.84824e-05 8.8437e-05 8.84017e-05 8.82364e-05 8.85509e-05 8.85426e-05 8.83039e-05 8.84274e-05 8.84226e-05 8.84229e-05 8.8408e-05 8.84264e-05 8.83955e-05 8.84318e-05 8.84162e-05 8.82741e-05 8.84145e-05 8.85921e-05 8.84286e-05 8.84008e-05 8.84246e-05 8.824e-05 8.8411e-05 8.84072e-05 8.84091e-05 8.83918e-05 8.84134e-05 8.84343e-05
0 0 0 0 0 0 0 0 0 0 0 0 0 0 0 0 0 0 0 0 0 0 0 0 0 0 0 0 0 0 0 0 0 0 0 5.69152e-05 5.69398e-05 5.68777e-05 5.69495e-05 5.69624e-05 5.6949e-05 8.85352e-05 8.82509e-05 8.84105e-05 8.84378e-05 8.84106e-05 8.84587e-05 8.85895e-05 8.84521e-05 8.84234e-05 8.84254e-05 8.81359e-05 8.87062e-05 8.83705e-05 8.84266e-05 8.8435e-05 8.84119e-05 8.84247e-05 8.84087e-05 8.84249e-05 8.84096e-05 8.84184e-05 8.84215e-05 8.82875e-05 8.83072e-05 8.83259e-05 8.86341e-05 8.84069e-05 8.82067e-05 8.83584e-05 8.84251e-05 8.8418e-05 8.8414e-05 8.84184e-05 8.84286e-05 8.84286e-05
0 0 0 0 0 0 0 0 0 0 0 0 0 0 0 0 0 0 0 0 0 0 0 0 0 0 0 0 0 0 0 0 0 0 0 5.69684e-05 5.69547e-05 5.69629e-05 5.68859e-05 5.69528e-05 8.83204e-05 8.84098e-05 8.83988e-05 8.84512e-05 8.84293e-05 8.84844e-05 8.85178e-05 8.84252e-05 8.84237e-05 8.84348e-05 8.84369e-05 8.844e-05 8.85657e-05 8.83936e-05 8.83989e-05 8.84259e-05 8.84173e-05 8.84155e-05 8.84225e-05 8.8409e-05 8.84099e-05 8.8431e-05 8.83799e-05 8.84193e-05 8.86116e-05 8.85925e-05 8.84314e-05 8.86307e-05 8.82467e-05 8.83437e-05 8.84172e-05 8.84108e-05 8.84263e-05 8.84336e-05 8.84675e-05 8.88332e-05
0 0 0 0 0 0 0 0 0 0 0 0 0 0 0 0 0 0 0 0 0 0 0 0 0 0 0 0 0 0 0 0 0 0 5.69159e-05 5.69682e-05 5.70068e-05 5.69703e-05 5.68847e-05 5.69527e-05 8.82874e-05 8.84464e-05 8.85589e-05 8.84523e-05 8.85545e-05 8.82399e-05 8.83629e-05 8.84392e-05 8.85563e-05 8.82845e-05 8.84901e-05 8.84999e-05 8.8432e-05 8.84501e-05 8.83956e-05 8.84153e-05 8.84272e-05 8.84084e-05 8.84246e-05 8.84135e-05 8.84529e-05 8.84189e-05 8.84127e-05 8.83138e-05 8.80383e-05 8.83225e-05 8.84118e-05 8.84139e-05 8.84123e-05 8.84187e-05 8.8419e-05 8.84048e-05 8.84235e-05 8.84902e-05 8.88305e-05 8.8434e-05
0 0 0 0 0 0 0 0 0 0 0 0 0 0 0 0 0 0 0 0 0 0 0 0 0 0 0 0 0 0 0 0 0 0 5.69632e-05 5.69214e-05 5.69784e-05 5.70063e-05 5.68302e-05 5.70713e-05 8.8393e-05 8.83296e-05 8.83387e-05 8.83612e-05 8.84513e-05 8.85589e-05 8.81439e-05 8.84094e-05 8.8601e-05 8.84115e-05 8.84104e-05 8.84853e-05 8.84039e-05 8.84646e-05 8.84421e-05 8.83889e-05 8.84023e-05 8.84263e-05 8.84155e-05 8.8434e-05 8.83975e-05 8.84225e-05 8.84146e-05 8.84113e-05 8.82164e-05 8.83663e-05 8.84074e-05 8.84445e-05 8.83782e-05 8.84486e-05 8.84213e-05 8.8413e-05 8.84589e-05 8.87795e-05 8.84282e-05 8.84079e-05
0 0 0 0 0 0 0 0 0 0 0 0 0 0 0 0 0 0 0 0 0 0 0 0 0 0 0 0 0 0 0 0 0 5.69166e-05 5.69502e-05 5.68661e-05 5.69637e-05 5.69861e-05 5.68672e-05 8.85381e-05 8.84055e-05 8.83912e-05 8.82126e-05 8.83876e-05 8.84257e-05 8.85594e-05 8.84387e-05 8.8332e-05 8.84296e-05 8.84099e-05 8.84066e-05 8.84841e-05 8.84501e-05 8.83803e-05 8.8466e-05 8.84396e-05 8.83964e-05 8.83728e-05 8.84439e-05 8.83738e-05 8.84601e-05 8.84156e-05 8.84271e-05 8.83911e-05 8.82529e-05 8.83867e-05 8.84201e-05 8.8485e-05 8.85796e-05 8.87163e-05 8.84319e-05 8.842e-05 8.87153e-05 8.84434e-05 8.84431e-05 8.8416e-05
0 0 0 0 0 0 0 0 0 0 0 0 0 0 0 0 0 0 0 0 0 0 0 0 0 0 0 5.69197e-05 5.69074e-05 5.68643e-05 0 5.6921e-05 5.68433e-05 5.68981e-05 5.70768e-05 5.69627e-05 5.69518e-05 5.69222e-05 5.6972e-05 8.84554e-05 8.84308e-05 8.8337e-05 8.83487e-05 8.83885e-05 8.84428e-05 8.85677e-05 8.84405e-05 8.83627e-05 8.82167e-05 8.84282e-05 8.85596e-05 8.84263e-05 8.83892e-05 8.84293e-05 8.83951e-05 8.84266e-05 8.84293e-05 8.85052e-05 8.83692e-05 8.83772e-05 8.84042e-05 8.84307e-05 8.8394e-05 8.81565e-05 8.85321e-05 8.83688e-05 8.84844e-05 8.8496e-05 8.81747e-05 8.84662e-05 8.8626e-05 8.85251e-05 8.88522e-05 8.84238e-05 8.84094e-05 8.84205e-05
0 0 0 0 0 0 0 0 0 0 0 0 0 0 0 0 0 0 0 0 0 0 0 0 0 0 5.69212e-05 5.6885e-05 5.71227e-05 5.70462e-05 5.69049e-05 5.69499e-05 5.69615e-05 5.69253e-05 5.69259e-05 5.708e-05 5.69091e-05 5.68819e-05 5.70589e-05 8.85373e-05 8.83103e-05 8.83287e-05 8.83407e-05 8.83924e-05 8.83285e-05 8.86994e-05 8.84037e-05 8.83927e-05 8.82602e-05 8.84102e-05 8.86107e-05 8.84046e-05 8.84358e-05 8.84147e-05 8.83889e-05 8.84143e-05 8.83853e-05 8.84424e-05 8.84462e-05 8.83879e-05 8.84085e-05 8.84212e-05 8.8407e-05 8.85226e-05 8.80998e-05 8.84009e-05 8.86275e-05 8.82502e-05 8.83904e-05 8.8396e-05 8.84174e-05 8.82433e-05 8.84076e-05 8.84071e-05 8.84255e-05 8.84283e-05
0 0 0 0 0 0 0 0 0 0 0 0 0 0 0 0 0 0 0 0 0 0 0 0 0 5.69167e-05 5.69562e-05 5.69451e-05 5.68965e-05 5.68852e-05 5.68884e-05 5.69918e-05 5.69884e-05 5.69302e-05 5.69587e-05 5.70468e-05 5.68297e-05 5.69492e-05 8.85001e-05 8.82448e-05 8.85676e-05 8.8424e-05 8.82466e-05 8.84184e-05 8.84026e-05 8.85897e-05 8.84371e-05 8.84037e-05 8.81478e-05 8.87105e-05 8.84381e-05 8.84353e-05 8.84244e-05 8.84078e-05 8.84123e-05 8.84115e-05 8.84215e-05 8.83747e-05 8.8457e-05 8.84121e-05 8.84213e-05 8.83772e-05 8.84266e-05 8.82487e-05 8.83811e-05 8.84628e-05 8.84379e-05 8.83657e-05 8.84011e-05 8.82146e-05 8.81802e-05 8.83958e-05 8.89899e-05 8.84225e-05 8.84178e-05 8.83794e-05
0 0 0 0 0 0 0 0 0 0 0 0 0 0 0 0 0 0 0 0 0 0 0 0 5.6912e-05 5.69559e-05 5.69616e-05 5.69484e-05 5.69669e-05 5.6954e-05 5.68436e-05 5.69646e-05 5.69833e-05 5.69549e-05 5.68661e-05 5.70089e-05 5.69616e-05 8.83258e-05 8.86255e-05 8.84234e-05 8.82365e-05 8.84589e-05 8.86882e-05 8.81574e-05 8.84359e-05 8.86952e-05 8.83414e-05 8.84383e-05 8.83976e-05 8.84204e-05 8.84034e-05 8.84049e-05 8.8392e-05 8.84561e-05 8.84194e-05 8.84061e-05 8.84186e-05 8.84089e-05 8.83934e-05 8.84545e-05 8.84299e-05 8.84928e-05 8.81499e-05 8.84004e-05 8.84286e-05 8.84166e-05 8.82146e-05 8.8366e-05 8.84249e-05 8.84283e-05 8.83437e-05 8.84388e-05 8.86791e-05 8.8416e-05 8.84132e-05 8.83797e-05
0 0 0 0 0 0 0 0 0 0 0 0 0 0 0 0 0 0 0 0 0 0 0 5.69069e-05 5.69537e-05 5.69524e-05 5.69362e-05 5.69221e-05 5.69095e-05 5.70383e-05 5.69552e-05 5.69289e-05 5.69555e-05 5.69552e-05 5.69845e-05 5.68804e-05 8.83187e-05 8.83739e-05 8.83989e-05 8.83e-05 8.84209e-05 8.85199e-05 8.8565e-05 8.82667e-05 8.84284e-05 8.85537e-05 8.84295e-05 8.8441e-05 8.84371e-05 8.84056e-05 8.84164e-05 8.8423e-05 8.84225e-05 8.84111e-05 8.84057e-05 8.84177e-05 8.84277e-05 8.84166e-05 8.84151e-05 8.83959e-05 8.84121e-05 8.84474e-05 8.82262e-05 8.84146e-05 8.83024e-05 8.8566e-05 8.83808e-05 8.85076e-05 8.8378e-05 8.83789e-05 8.83561e-05 8.88734e-05 8.84268e-05 8.84243e-05 8.83878e-05 8.84516e-05
0 0 0 0 0 0 0 0 0 0 0 0 0 0 0 0 0 0 0 0 0 0 5.69101e-05 5.69659e-05 5.6952e-05 5.69467e-05 5.68671e-05 5.71331e-05 5.69453e-05 5.69185e-05 5.68722e-05 5.70097e-05 5.69844e-05 5.70422e-05 5.68185e-05 5.69586e-05 8.84496e-05 8.82258e-05 8.85396e-05 8.84126e-05 8.82877e-05 8.8524e-05 8.84277e-05 8.84866e-05 8.84181e-05 8.84923e-05 8.84323e-05 8.84346e-05 8.83887e-05 8.84295e-05 8.84252e-05 8.84173e-05 8.84081e-05 8.84208e-05 8.8406e-05 8.84152e-05 8.84099e-05 8.84265e-05 8.84137e-05 8.83959e-05 8.85225e-05 8.82929e-05 8.82601e-05 8.83935e-05 8.83763e-05 8.84155e-05 8.88489e-05 8.81762e-05 8.83924e-05 8.8452e-05 8.83988e-05 8.87268e-05 8.8419e-05 8.83782e-05 8.83765e-05 8.82716e-05
0 0 0 0 0 0 0 0 0 0 0 0 0 0 0 0 0 0 0 0 0 5.69254e-05 5.69779e-05 5.69638e-05 5.69771e-05 5.69417e-05 5.6961e-05 5.68767e-05 5.69191e-05 5.6844e-05 5.69309e-05 5.6962e-05 5.69852e-05 5.69137e-05 5.69486e-05 8.83288e-05 8.85907e-05 8.84274e-05 8.82599e-05 8.84112e-05 8.84937e-05 8.83536e-05 8.86753e-05 8.84176e-05 8.82255e-05 8.85053e-05 8.85343e-05 8.84253e-05 8.84106e-05 8.84041e-05 8.84398e-05 8.84202e-05 8.84126e-05 8.84011e-05 8.84158e-05 8.84122e-05 8.84035e-05 8.83929e-05 8.84001e-05 8.83918e-05 8.82694e-05 8.84001e-05 8.83857e-05 8.84089e-05 8.84921e-05 8.88498e-05 8.80019e-05 8.83754e-05 8.84338e-05 8.84586e-05 8.89068e-05 8.81874e-05 8.84119e-05 8.82465e-05 8.81723e-05 8.82575e-05
0 0 0 0 0 0 0 0 0 0 0 0 0 0 0 0 0 0 0 0 8.81165e-05 5.69446e-05 5.69376e-05 5.69533e-05 5.69498e-05 5.69514e-05 5.69517e-05 5.69564e-05 5.6951e-05 5.68457e-05 5.69486e-05 5.69745e-05 5.6951e-05 5.7012e-05 8.81402e-05 8.84837e-05 8.85928e-05 8.84261e-05 8.81589e-05 8.85469e-05 8.84807e-05 8.86075e-05 8.82916e-05 8.83477e-05 8.85093e-05 8.84347e-05 8.83184e-05 8.83941e-05 8.84262e-05 8.84219e-05 8.8419e-05 8.8417e-05 8.83849e-05 8.84075e-05 8.84077e-05 8.84153e-05 8.83836e-05 8.84265e-05 8.84194e-05 8.8394e-05 8.82324e-05 8.84218e-05 8.84031e-05 8.84499e-05 8.86556e-05 8.80461e-05 8.84255e-05 8.84209e-05 8.84233e-05 8.8918e-05 8.83849e-05 8.85525e-05 8.82194e-05 8.84239e-05 8.8355e-05 8.82559e-05
0 0 0 0 0 0 0 0 0 0 0 0 0 0 0 0 0 0 0 8.83042e-05 5.70102e-05 5.6976e-05 5.69501e-05 5.69512e-05 5.69535e-05 5.69566e-05 5.69571e-05 5.69553e-05 5.69551e-05 5.69402e-05 5.68828e-05 5.69507e-05 5.69083e-05 5.70079e-05 8.84511e-05 8.84877e-05 8.82567e-05 8.84863e-05 8.84887e-05 8.8252e-05 8.85662e-05 8.82569e-05 8.85775e-05 8.84056e-05 8.84266e-05 8.83931e-05 8.84263e-05 8.8417e-05 8.84024e-05 8.84232e-05 8.84302e-05 8.84245e-05 8.82247e-05 8.85768e-05 8.84524e-05 8.84111e-05 8.84199e-05 8.83997e-05 8.84479e-05 8.84206e-05 8.83901e-05 8.82373e-05 8.84693e-05 8.86763e-05 8.86e-05 8.81035e-05 8.84017e-05 8.83924e-05 8.88981e-05 8.83857e-05 8.84249e-05 8.8244e-05 8.84406e-05 8.84177e-05 8.84211e-05 8.8392e-05
0 0 0 0 0 0 0 0 0 0 0 0 0 0 0 0 0 0 8.8331e-05 8.83853e-05 5.69618e-05 5.69631e-05 5.69542e-05 5.69554e-05 5.69648e-05 5.69453e-05 5.69522e-05 5.69718e-05 5.69665e-05 5.69539e-05 5.694e-05 5.68663e-05 5.7082e-05 8.81692e-05 8.87189e-05 8.83313e-05 8.84133e-05 8.85236e-05 8.80277e-05 8.84913e-05 8.84306e-05 8.86021e-05 8.84663e-05 8.84602e-05 8.82866e-05 8.8424e-05 8.84142e-05 8.84186e-05 8.84157e-05 8.8396e-05 8.8452e-05 8.84007e-05 8.84362e-05 8.87087e-05 8.82305e-05 8.84199e-05 8.8259e-05 8.84289e-05 8.8634e-05 8.84306e-05 8.83089e-05 8.85208e-05 8.8224e-05 8.85029e-05 8.80829e-05 8.83253e-05 8.84356e-05 8.84502e-05 8.86415e-05 8.82257e-05 8.8196e-05 8.85228e-05 8.84365e-05 8.84137e-05 8.84307e-05 8.84063e-05
