Outputs/initial_cond/H_35m.asc
ncols 286
nrows 262
xllcorner 528670
yllcorner 5.07688e+06
cellsize 35
NODATA_value -9999
[rows 170 to 203 of 262, columns 154 to 230 of 286]
5.55019e-05 5.56317e-05 5.53475e-05 5.53647e-05 5.55205e-05 5.56462e-05 5.55199e-05 5.54798e-05 5.53533e-05 5.55382e-05 5.5467e-05 5.54858e-05 5.54922e-05 5.56616e-05 5.54162e-05 5.54726e-05 5.54863e-05 5.55009e-05 5.54091e-05 5.54617e-05 5.54983e-05 5.53053e-05 5.55502e-05 5.54973e-05 5.55042e-05 5.55248e-05 5.58022e-05 5.56629e-05 5.55075e-05 5.55272e-05 5.5529e-05 5.56259e-05 5.55216e-05 5.55052e-05 5.54979e-05 5.55049e-05 5.55007e-05 5.55292e-05 5.55091e-05 5.54681e-05 5.5524e-05 5.55052e-05 5.53618e-05 5.56186e-05 5.55164e-05 5.553e-05 5.54697e-05 5.5546e-05 5.55304e-05 5.53861e-05 5.54997e-05 5.54815e-05 5.54985e-05 5.55236e-05 5.55247e-05 5.55111e-05 5.55379e-05 5.55104e-05 5.55158e-05 5.55258e-05 5.55137e-05 5.55258e-05 5.55393e-05 5.55376e-05 5.52471e-05 5.54981e-05 5.5537e-05 0 0 0 0 0 0 0 0 0 0
5.56246e-05 5.53899e-05 5.54873e-05 5.53378e-05 5.54867e-05 5.56496e-05 5.55278e-05 5.54972e-05 5.54919e-05 5.54975e-05 5.53421e-05 5.54975e-05 5.54975e-05 5.55251e-05 5.57662e-05 5.55011e-05 5.54971e-05 5.55056e-05 5.54916e-05 5.5375e-05 5.53645e-05 5.53797e-05 5.54636e-05 5.5495e-05 5.54979e-05 5.54946e-05 5.56427e-05 5.54829e-05 5.56424e-05 5.5613e-05 5.5522e-05 5.54936e-05 5.5507e-05 5.55112e-05 5.5492e-05 5.55081e-05 5.55065e-05 5.55181e-05 5.55159e-05 5.54878e-05 5.55302e-05 5.54977e-05 5.54946e-05 5.54939e-05 5.53993e-05 5.56451e-05 5.55094e-05 5.54833e-05 5.5537e-05 5.56511e-05 5.56582e-05 5.56599e-05 5.55027e-05 5.55029e-05 5.55234e-05 5.55012e-05 5.55419e-05 5.55208e-05 5.55129e-05 5.5523e-05 5.55206e-05 5.55178e-05 5.55255e-05 5.55254e-05 5.54827e-05 5.55223e-05 5.55338e-05 0 0 0 0 0 0 0 0 0 0
5.54815e-05 5.56314e-05 5.56327e-05 5.54892e-05 5.53496e-05 5.55303e-05 5.56275e-05 5.54978e-05 5.54961e-05 5.54991e-05 5.53284e-05 5.54954e-05 5.55002e-05 5.55039e-05 5.56502e-05 5.56507e-05 5.56282e-05 5.56221e-05 5.56423e-05 5.56524e-05 5.5626e-05 5.54624e-05 5.53498e-05 5.53528e-05 5.53614e-05 5.53784e-05 5.56329e-05 5.5562e-05 5.55603e-05 5.55196e-05 5.54971e-05 5.54968e-05 5.5503e-05 5.55115e-05 5.54969e-05 5.55006e-05 5.55114e-05 5.5512e-05 5.55133e-05 5.55132e-05 5.55082e-05 5.55088e-05 5.54942e-05 5.54865e-05 5.54e-05 5.56428e-05 5.55234e-05 5.54903e-05 5.5503e-05 5.55431e-05 5.55274e-05 5.55201e-05 5.55168e-05 5.5516e-05 5.55171e-05 5.54873e-05 5.55419e-05 5.55212e-05 5.5524e-05 5.55187e-05 5.5524e-05 5.55197e-05 5.55244e-05 5.53816e-05 5.5288e-05 5.56432e-05 0 0 0 0 0 0 0 0 0 0 0
5.54931e-05 5.54988e-05 5.55032e-05 5.54985e-05 5.53342e-05 5.54893e-05 5.56564e-05 5.54979e-05 5.54916e-05 5.54963e-05 5.53458e-05 5.54732e-05 5.55007e-05 5.55005e-05 5.55198e-05 5.56501e-05 5.53811e-05 5.53635e-05 5.53554e-05 5.53565e-05 5.53735e-05 5.5254e-05 5.53165e-05 5.54925e-05 5.55006e-05 5.56106e-05 5.57865e-05 7.66931e-05 7.66261e-05 5.55671e-05 5.54977e-05 5.54981e-05 5.55021e-05 5.55092e-05 5.55022e-05 5.54959e-05 5.5517e-05 5.55122e-05 5.5509e-05 5.55083e-05 5.55126e-05 5.55157e-05 5.55003e-05 5.53822e-05 5.54928e-05 5.56275e-05 5.55439e-05 5.54975e-05 5.55167e-05 5.55097e-05 5.55233e-05 5.55169e-05 5.55112e-05 5.55222e-05 5.55193e-05 5.55042e-05 5.55205e-05 5.55243e-05 5.55301e-05 5.55222e-05 5.55245e-05 5.55215e-05 5.5392e-05 5.54797e-05 5.55848e-05 5.54466e-05 0 0 0 0 0 0 0 0 0 0 0
5.54789e-05 5.54966e-05 5.54969e-05 5.54803e-05 5.53358e-05 5.55153e-05 5.56467e-05 5.5484e-05 5.54845e-05 5.54926e-05 5.55031e-05 5.53602e-05 5.54963e-05 5.55007e-05 5.55044e-05 5.56783e-05 5.56088e-05 5.54982e-05 5.54987e-05 5.54995e-05 5.54862e-05 5.53159e-05 5.54837e-05 5.55077e-05 5.55232e-05 5.57098e-05 7.67309e-05 7.66848e-05 7.6706e-05 7.66308e-05 5.55035e-05 5.54971e-05 5.54994e-05 5.55077e-05 5.55058e-05 5.54981e-05 5.55134e-05 5.55188e-05 5.55092e-05 5.55051e-05 5.55038e-05 5.55201e-05 5.5512e-05 5.55005e-05 5.55066e-05 5.53691e-05 5.56762e-05 5.55126e-05 5.55103e-05 5.5501e-05 5.55349e-05 5.55183e-05 5.55128e-05 5.55179e-05 5.55189e-05 5.55164e-05 5.5509e-05 5.55225e-05 5.55248e-05 5.55384e-05 5.55224e-05 5.55125e-05 5.53641e-05 5.55208e-05 5.5553e-05 5.55725e-05 0 0 0 0 0 0 0 0 0 0 0
5.54936e-05 5.55135e-05 5.5492e-05 5.53596e-05 5.5458e-05 5.55074e-05 5.56619e-05 5.5518e-05 5.55009e-05 5.54826e-05 5.54997e-05 5.53731e-05 5.54861e-05 5.55016e-05 5.55063e-05 5.5524e-05 5.56642e-05 5.56382e-05 5.56516e-05 5.56505e-05 5.56456e-05 5.53782e-05 5.55194e-05 5.56243e-05 5.56381e-05 5.57625e-05 7.66772e-05 7.66939e-05 7.6693e-05 7.66296e-05 5.55728e-05 5.55071e-05 5.54984e-05 5.55028e-05 5.55101e-05 5.54992e-05 5.55133e-05 5.55199e-05 5.55143e-05 5.5499e-05 5.55093e-05 5.5513e-05 5.55224e-05 5.55063e-05 5.54941e-05 5.53755e-05 5.56747e-05 5.55208e-05 5.55107e-05 5.54968e-05 5.55117e-05 5.55495e-05 5.55237e-05 5.55202e-05 5.55191e-05 5.5524e-05 5.55156e-05 5.5523e-05 5.54019e-05 5.56576e-05 5.55277e-05 5.53693e-05 5.55063e-05 5.55336e-05 5.55567e-05 0 0 0 0 0 0 0 0 0 0 0 0
5.55021e-05 5.53504e-05 5.53494e-05 5.51763e-05 5.53512e-05 5.55242e-05 5.56307e-05 5.54904e-05 5.5481e-05 5.54867e-05 5.54956e-05 5.54793e-05 5.538e-05 5.55005e-05 5.55061e-05 5.54979e-05 5.56706e-05 5.53845e-05 5.53604e-05 5.54912e-05 5.55061e-05 5.5482e-05 5.56359e-05 5.55446e-05 5.56149e-05 7.68667e-05 7.66681e-05 7.67005e-05 7.66827e-05 7.66823e-05 7.66384e-05 5.55086e-05 5.55093e-05 5.54999e-05 5.55071e-05 5.55034e-05 5.55138e-05 5.55182e-05 5.55125e-05 5.5509e-05 5.5508e-05 5.54963e-05 5.55305e-05 5.55109e-05 5.54846e-05 5.53853e-05 5.56661e-05 5.55284e-05 5.55115e-05 5.55004e-05 5.55092e-05 5.55394e-05 5.55212e-05 5.55109e-05 5.55166e-05 5.55012e-05 5.55177e-05 5.55279e-05 5.5379e-05 5.56719e-05 5.55284e-05 5.53608e-05 5.55253e-05 5.54585e-05 0 0 0 0 0 0 0 0 0 0 0 0 0
5.53485e-05 5.56252e-05 5.54752e-05 5.54903e-05 5.53484e-05 5.55352e-05 5.55019e-05 5.54876e-05 5.54932e-05 5.54843e-05 5.54929e-05 5.54954e-05 5.53575e-05 5.54987e-05 5.55014e-05 5.55016e-05 5.55282e-05 5.57836e-05 5.56526e-05 5.55233e-05 5.55007e-05 5.53436e-05 5.54993e-05 5.55673e-05 7.66622e-05 7.69112e-05 7.67112e-05 7.66908e-05 7.66831e-05 7.66815e-05 7.66297e-05 5.55129e-05 5.5509e-05 5.55076e-05 5.55058e-05 5.55028e-05 5.55103e-05 5.55222e-05 5.55165e-05 5.5516e-05 5.55128e-05 5.55087e-05 5.55136e-05 5.55226e-05 5.55657e-05 5.53031e-05 5.56749e-05 5.55279e-05 5.5516e-05 5.55093e-05 5.55073e-05 5.55401e-05 5.55215e-05 5.55243e-05 5.54159e-05 5.53934e-05 5.55078e-05 5.55229e-05 5.55111e-05 5.55202e-05 5.54256e-05 5.5501e-05 5.55318e-05 0 0 0 0 0 0 0 0 0 0 0 0 0 0
5.55147e-05 5.53512e-05 5.53765e-05 5.56347e-05 5.54926e-05 5.54953e-05 5.53832e-05 5.53719e-05 5.53199e-05 5.5558e-05 5.54883e-05 5.5499e-05 5.53613e-05 5.54857e-05 5.55002e-05 5.55063e-05 5.55149e-05 5.56343e-05 5.55128e-05 5.55103e-05 5.54996e-05 5.53274e-05 5.54887e-05 7.66335e-05 7.67073e-05 7.68816e-05 7.67663e-05 7.66865e-05 7.6686e-05 7.66814e-05 7.66227e-05 5.55105e-05 5.55072e-05 5.55106e-05 5.55103e-05 5.55032e-05 5.55094e-05 5.5522e-05 5.55197e-05 5.5514e-05 5.55129e-05 5.55051e-05 5.55189e-05 5.55213e-05 5.54973e-05 5.53706e-05 5.56726e-05 5.55338e-05 5.55223e-05 5.55164e-05 5.55158e-05 5.55271e-05 5.55093e-05 5.55289e-05 5.56533e-05 5.56772e-05 5.55347e-05 5.53748e-05 5.54871e-05 5.5531e-05 5.53469e-05 5.53694e-05 5.53671e-05 0 0 0 0 0 0 0 0 0 0 0 0 0 0
5.5451e-05 5.53683e-05 5.56311e-05 5.551e-05 5.55297e-05 5.56504e-05 5.5649e-05 5.56441e-05 5.55755e-05 5.53187e-05 5.53853e-05 5.54885e-05 5.54947e-05 5.53582e-05 5.54964e-05 5.55314e-05 5.56297e-05 5.54835e-05 5.54264e-05 5.56378e-05 5.53871e-05 5.52076e-05 5.54651e-05 7.66179e-05 7.67169e-05 7.6592e-05 7.70399e-05 7.66984e-05 7.6691e-05 7.6681e-05 7.66125e-05 5.55102e-05 5.55093e-05 5.55063e-05 5.55165e-05 5.55096e-05 5.55037e-05 5.5525e-05 5.55179e-05 5.55144e-05 5.55159e-05 5.55107e-05 5.55134e-05 5.5525e-05 5.5505e-05 5.53654e-05 5.56775e-05 5.55231e-05 5.55325e-05 5.55198e-05 5.55233e-05 5.5527e-05 5.55145e-05 5.55312e-05 5.55286e-05 5.55157e-05 5.5542e-05 5.56903e-05 5.55382e-05 5.51953e-05 5.54026e-05 5.55279e-05 5.55131e-05 0 0 0 0 0 0 0 0 0 0 0 0 0 0
5.55101e-05 5.56375e-05 5.56334e-05 5.56514e-05 5.56214e-05 5.54948e-05 5.54786e-05 5.55179e-05 5.56458e-05 5.56636e-05 5.5496e-05 5.54755e-05 5.54956e-05 5.53686e-05 5.54799e-05 5.56632e-05 5.5514e-05 5.53597e-05 5.55003e-05 5.56521e-05 5.5652e-05 5.55022e-05 5.52009e-05 7.63925e-05 7.67134e-05 7.68793e-05 7.66968e-05 7.67328e-05 7.66862e-05 7.66819e-05 7.66128e-05 5.55075e-05 5.55078e-05 5.55065e-05 5.55109e-05 5.55188e-05 5.55052e-05 5.55212e-05 5.55189e-05 5.55128e-05 5.5516e-05 5.55154e-05 5.55091e-05 5.55281e-05 5.54907e-05 5.53872e-05 5.56752e-05 5.55185e-05 5.55366e-05 5.55222e-05 5.55238e-05 5.55254e-05 5.55271e-05 5.55296e-05 5.55377e-05 5.55187e-05 5.55381e-05 5.55318e-05 5.53643e-05 5.55303e-05 5.55321e-05 5.55659e-05 0 0 0 0 0 0 0 0 0 0 0 0 0 0 0
5.56456e-05 5.55029e-05 5.55276e-05 5.54873e-05 5.54825e-05 5.54826e-05 5.53425e-05 5.5488e-05 5.55207e-05 5.54975e-05 5.56336e-05 5.55282e-05 5.54972e-05 5.54885e-05 5.53721e-05 5.56532e-05 5.55059e-05 5.53453e-05 5.54984e-05 5.55089e-05 5.55423e-05 5.5791e-05 5.53985e-05 7.6642e-05 7.68374e-05 7.67135e-05 7.66961e-05 7.66921e-05 7.67056e-05 7.66726e-05 7.66246e-05 5.55079e-05 5.55079e-05 5.55094e-05 5.55093e-05 5.55151e-05 5.55133e-05 5.55157e-05 5.55212e-05 5.55214e-05 5.55142e-05 5.55101e-05 5.55077e-05 5.55209e-05 5.54889e-05 5.53957e-05 5.56729e-05 5.55186e-05 5.55327e-05 5.55263e-05 5.5524e-05 5.55237e-05 5.55276e-05 5.5528e-05 5.55372e-05 5.55287e-05 5.55285e-05 5.54173e-05 5.53326e-05 5.55291e-05 5.55268e-05 0 0 0 0 0 0 0 0 0 0 0 0 0 0 0 0
5.56178e-05 5.5494e-05 5.54978e-05 5.55096e-05 5.55263e-05 5.55305e-05 5.56709e-05 5.55019e-05 5.54949e-05 5.55203e-05 5.55132e-05 5.55046e-05 5.54957e-05 5.55126e-05 5.55688e-05 5.54348e-05 5.54978e-05 5.53584e-05 5.5505e-05 5.55113e-05 5.54985e-05 5.5509e-05 7.7047e-05 7.68907e-05 7.67613e-05 7.67041e-05 7.66769e-05 7.66477e-05 7.67038e-05 7.66922e-05 7.66092e-05 5.55616e-05 5.55026e-05 5.55096e-05 5.55127e-05 5.5512e-05 5.55177e-05 5.55149e-05 5.55208e-05 5.55208e-05 5.55251e-05 5.55297e-05 5.55221e-05 5.55172e-05 5.5496e-05 5.53975e-05 5.56685e-05 5.55253e-05 5.55255e-05 5.55377e-05 5.55279e-05 5.55297e-05 5.55301e-05 5.55288e-05 5.55324e-05 5.5531e-05 5.53639e-05 5.53539e-05 5.55299e-05 5.55334e-05 0 0 0 0 0 0 0 0 0 0 0 0 0 0 0 0 0
5.56297e-05 5.56325e-05 5.55361e-05 5.55026e-05 5.54953e-05 5.54981e-05 5.55037e-05 5.5506e-05 5.54755e-05 5.55279e-05 5.55155e-05 5.55073e-05 5.54879e-05 5.5512e-05 5.55006e-05 5.55004e-05 5.53726e-05 5.54967e-05 5.55183e-05 5.55216e-05 5.54708e-05 5.54697e-05 7.68618e-05 7.67353e-05 7.6686e-05 7.67048e-05 7.66497e-05 7.64328e-05 7.66618e-05 7.67232e-05 7.67162e-05 7.65666e-05 5.54878e-05 5.55146e-05 5.55072e-05 5.55111e-05 5.55203e-05 5.55148e-05 5.55075e-05 5.55314e-05 5.55178e-05 5.55221e-05 5.55295e-05 5.5523e-05 5.55115e-05 5.55022e-05 5.55398e-05 5.55348e-05 5.55194e-05 5.55373e-05 5.55266e-05 5.55304e-05 5.55294e-05 5.5532e-05 5.55348e-05 5.53753e-05 5.53525e-05 5.55333e-05 5.55354e-05 5.55233e-05 0 0 0 0 0 0 0 0 0 0 0 0 0 0 0 0 0
5.54928e-05 5.54944e-05 5.53591e-05 5.54876e-05 5.55059e-05 5.54939e-05 5.55018e-05 5.55046e-05 5.54864e-05 5.5506e-05 5.55214e-05 5.55128e-05 5.54762e-05 5.55054e-05 5.55093e-05 5.54891e-05 5.53643e-05 5.55025e-05 5.55037e-05 5.55519e-05 5.53884e-05 5.54025e-05 7.68557e-05 7.67683e-05 7.6665e-05 7.67081e-05 7.67498e-05 7.69186e-05 7.66903e-05 7.66775e-05 7.67068e-05 7.67014e-05 5.5525e-05 5.55106e-05 5.55209e-05 5.55119e-05 5.55117e-05 5.55219e-05 5.55153e-05 5.55202e-05 5.55269e-05 5.55231e-05 5.55241e-05 5.55293e-05 5.55266e-05 5.55108e-05 5.55181e-05 5.55486e-05 5.55225e-05 5.55392e-05 5.55353e-05 5.55301e-05 5.55317e-05 5.55335e-05 5.5521e-05 5.52228e-05 5.55353e-05 5.55345e-05 5.55488e-05 0 0 0 0 0 0 0 0 0 0 0 0 0 0 0 0 0 0
5.53259e-05 5.53663e-05 5.54887e-05 5.53352e-05 5.53711e-05 5.53259e-05 5.53622e-05 5.53541e-05 5.53537e-05 5.53126e-05 5.53942e-05 5.56479e-05 5.55214e-05 5.55183e-05 5.55075e-05 5.54863e-05 5.53578e-05 5.54925e-05 5.55002e-05 5.54381e-05 5.56215e-05 7.68232e-05 7.69252e-05 7.67549e-05 7.66643e-05 7.66959e-05 7.67097e-05 7.67212e-05 7.67065e-05 7.66921e-05 7.66841e-05 7.66327e-05 5.55177e-05 5.55143e-05 5.55198e-05 5.55172e-05 5.55082e-05 5.55063e-05 5.55232e-05 5.55207e-05 5.55243e-05 5.5524e-05 5.55237e-05 5.55259e-05 5.55294e-05 5.5526e-05 5.55114e-05 5.55446e-05 5.55174e-05 5.55375e-05 5.55296e-05 5.55266e-05 5.55319e-05 5.55025e-05 5.52413e-05 5.55336e-05 5.55351e-05 5.55292e-05 0 0 0 0 0 0 0 0 0 0 0 0 0 0 0 0 0 0 0
5.55183e-05 5.54942e-05 5.54967e-05 5.54865e-05 5.54881e-05 5.55343e-05 5.53749e-05 5.56679e-05 5.55174e-05 5.55292e-05 5.53489e-05 5.53782e-05 5.5505e-05 5.55049e-05 5.55151e-05 5.54717e-05 5.53615e-05 5.55136e-05 5.55254e-05 5.55262e-05 5.55513e-05 7.66347e-05 7.67116e-05 7.69581e-05 7.66959e-05 7.66667e-05 7.66924e-05 7.67009e-05 7.66995e-05 7.66993e-05 7.66959e-05 7.66173e-05 5.55016e-05 5.55106e-05 5.55131e-05 5.55209e-05 5.55187e-05 5.55082e-05 5.55091e-05 5.55231e-05 5.55262e-05 5.55243e-05 5.55248e-05 5.55263e-05 5.55272e-05 5.55325e-05 5.55289e-05 5.55304e-05 5.552e-05 5.55296e-05 5.55298e-05 5.55309e-05 5.55262e-05 5.52223e-05 5.5528e-05 5.55387e-05 5.55314e-05 0 0 0 0 0 0 0 0 0 0 0 0 0 0 0 0 0 0 0 0
5.54571e-05 5.5456e-05 5.55318e-05 5.55027e-05 5.54912e-05 5.5462e-05 5.54944e-05 5.53343e-05 5.56269e-05 5.54557e-05 5.54946e-05 5.55326e-05 5.5345e-05 5.55118e-05 5.55079e-05 5.53784e-05 5.54963e-05 5.55257e-05 5.5514e-05 5.55572e-05 5.54439e-05 7.66659e-05 7.66876e-05 7.69984e-05 7.66955e-05 7.64763e-05 7.66799e-05 7.66667e-05 7.66671e-05 7.66946e-05 7.67126e-05 7.6643e-05 5.55706e-05 5.55094e-05 5.55109e-05 5.55179e-05 5.55256e-05 5.5532e-05 5.55257e-05 5.55232e-05 5.55223e-05 5.55263e-05 5.55269e-05 5.5527e-05 5.55301e-05 5.55306e-05 5.55308e-05 5.55361e-05 5.55448e-05 5.55455e-05 5.55416e-05 5.53888e-05 5.5509e-05 5.55233e-05 5.55419e-05 5.55244e-05 0 0 0 0 0 0 0 0 0 0 0 0 0 0 0 0 0 0 0 0 0
5.54835e-05 5.54563e-05 5.54868e-05 5.55298e-05 5.55016e-05 5.5498e-05 5.5499e-05 5.54878e-05 5.54967e-05 5.54916e-05 5.54767e-05 5.54976e-05 5.55293e-05 5.55063e-05 5.55135e-05 5.53556e-05 5.55064e-05 5.55227e-05 5.55174e-05 5.56605e-05 5.54488e-05 7.65837e-05 7.67167e-05 7.69392e-05 7.6765e-05 7.68977e-05 7.6689e-05 7.66504e-05 7.66474e-05 7.66964e-05 7.67078e-05 7.66983e-05 7.66351e-05 5.55132e-05 5.55185e-05 5.5518e-05 5.55224e-05 5.5525e-05 5.55243e-05 5.55228e-05 5.55239e-05 5.57295e-05 5.5729e-05 5.57304e-05 5.57277e-05 5.5707e-05 5.572e-05 5.57346e-05 5.57347e-05 5.57291e-05 5.53874e-05 5.53742e-05 5.54162e-05 5.55514e-05 5.5543e-05 0 0 0 0 0 0 0 0 0 0 0 0 0 0 0 0 0 0 0 0 0 0
5.54904e-05 5.54906e-05 5.54605e-05 5.54561e-05 5.55033e-05 5.54874e-05 5.54927e-05 5.54985e-05 5.54972e-05 5.54893e-05 5.54908e-05 5.55027e-05 5.55071e-05 5.53671e-05 5.54977e-05 5.53594e-05 5.54968e-05 5.55155e-05 5.55148e-05 5.5722e-05 7.64449e-05 7.66526e-05 7.67043e-05 7.67329e-05 7.69052e-05 7.67478e-05 7.67324e-05 7.67198e-05 7.66842e-05 7.66868e-05 7.67023e-05 7.67022e-05 7.66259e-05 5.55131e-05 5.53934e-05 5.53872e-05 5.55185e-05 5.57309e-05 5.57192e-05 5.57245e-05 5.59458e-05 0.000114107 0.000114101 0.000114096 0.000113522 0.000113556 0.000113537 0.000113592 0.000113576 0.00011333 5.52143e-05 5.55174e-05 5.55502e-05 5.55461e-05 0 0 0 0 0 0 0 0 0 0 0 0 0 0 0 0 0 0 0 0 0 0 0
5.55916e-05 5.55103e-05 5.55053e-05 5.54989e-05 5.54773e-05 5.54816e-05 5.54892e-05 5.54862e-05 5.54863e-05 5.54915e-05 5.56332e-05 5.56356e-05 5.55071e-05 5.55318e-05 5.55057e-05 5.53607e-05 5.54802e-05 5.55214e-05 5.55224e-05 5.56773e-05 7.67458e-05 7.64184e-05 7.668e-05 7.67142e-05 7.67474e-05 7.68972e-05 7.67217e-05 7.66888e-05 7.66934e-05 7.6667e-05 7.6664e-05 7.66563e-05 7.64673e-05 7.64284e-05 5.54776e-05 5.54957e-05 5.59272e-05 0.000114084 0.00011408 0.000114102 0.000114091 0.000113515 0.000113499 0.000113406 0.000114229 0.000114095 0.000114109 0.000114095 0.000114061 0.000113946 5.55405e-05 5.55098e-05 5.5202e-05 0 0 0 0 0 0 0 0 0 0 0 0 0 0 0 0 0 0 0 0 0 0 0 0
5.53639e-05 5.54572e-05 5.54717e-05 5.54873e-05 5.54884e-05 5.5484e-05 5.54872e-05 5.54919e-05 5.5491e-05 5.56024e-05 5.55607e-05 5.53843e-05 5.54695e-05 5.55144e-05 5.53541e-05 5.52178e-05 5.53362e-05 5.5521e-05 5.55153e-05 5.55252e-05 7.68771e-05 7.64319e-05 7.66679e-05 7.66801e-05 7.67033e-05 7.69181e-05 7.66983e-05 7.6693e-05 7.66893e-05 7.64805e-05 7.64921e-05 7.64858e-05 7.65941e-05 4.81029e-05 4.82547e-05 0.000114363 0.00011354 0.000113489 0.000113503 0.000113529 0.000113079 0.000114585 0.000114127 0.000113601 0.000114629 0.000114103 0.000114099 0.000114047 0.000114083 0.000113851 0.000113698 5.54115e-05 0 0 0 0 0 0 0 0 0 0 0 0 0 0 0 0 0 0 0 0 0 0 0 0 0
5.54664e-05 5.54636e-05 5.54671e-05 5.54611e-05 5.54735e-05 5.54872e-05 5.54898e-05 5.54959e-05 5.54901e-05 5.53693e-05 5.53146e-05 5.55054e-05 5.55565e-05 5.55537e-05 5.55476e-05 5.54919e-05 5.55102e-05 5.52021e-05 5.5564e-05 5.55865e-05 7.66413e-05 7.66586e-05 7.66616e-05 7.67258e-05 7.64626e-05 7.67077e-05 7.64956e-05 7.64886e-05 7.64751e-05 7.66633e-05 7.66593e-05 7.66173e-05 4.81001e-05 4.80393e-05 4.81924e-05 0.000113881 0.000114201 0.000114232 0.000114137 0.000114058 0.000114004 0.000114124 0.000113372 0.000114733 0.000114152 0.000113797 0 0 0 0 0 0 0 0 0 0 0 0 0 0 0 0 0 0 0 0 0 0 0 0 0 0 0 0 0 0 0
5.54905e-05 5.5487e-05 5.54846e-05 5.54865e-05 5.54925e-05 5.54905e-05 5.54854e-05 5.54855e-05 5.54778e-05 5.54932e-05 5.55014e-05 5.55017e-05 5.54848e-05 5.55081e-05 5.55378e-05 7.66866e-05 7.66548e-05 5.55579e-05 7.6114e-05 7.66629e-05 7.66663e-05 7.67084e-05 7.67326e-05 7.66487e-05 7.67065e-05 7.69565e-05 7.6666e-05 7.66384e-05 7.66314e-05 7.67451e-05 7.67005e-05 7.66009e-05 4.80466e-05 4.79686e-05 0 0 0 0 0 0.000113906 0.00011455 0.000113921 0.000113521 0.000114103 0 0 0 0 0 0 0 0 0 0 0 0 0 0 0 0 0 0 0 0 0 0 0 0 0 0 0 0 0 0 0 0 0
5.54768e-05 5.54805e-05 5.54825e-05 5.54804e-05 5.5476e-05 5.54777e-05 5.54824e-05 5.5481e-05 5.54849e-05 5.54904e-05 5.5481e-05 5.54753e-05 5.54789e-05 5.54722e-05 5.55327e-05 7.6569e-05 7.67023e-05 7.67324e-05 7.66896e-05 7.6201e-05 7.6451e-05 7.64502e-05 7.64457e-05 7.64641e-05 7.66961e-05 7.691e-05 7.67649e-05 7.66974e-05 7.67061e-05 7.67305e-05 7.66444e-05 4.80686e-05 0 0 0 0 0 0 0 0 0 0 0 0 0 0 0 0 0 0 0 0 0 0 0 0 0 0 0 0 0 0 0 0 0 0 0 0 0 0 0 0 0 0 0 0 0
5.56065e-05 5.5618e-05 5.56112e-05 5.54957e-05 5.54903e-05 5.54855e-05 5.54899e-05 5.54905e-05 5.54919e-05 5.54965e-05 5.55041e-05 5.55114e-05 5.55133e-05 5.55139e-05 5.5508e-05 5.55549e-05 5.56477e-05 7.66577e-05 7.67185e-05 7.66892e-05 7.64323e-05 7.66435e-05 7.67403e-05 7.67399e-05 0 0 0 0 0 0 0 0 0 0 0 0 0 0 0 0 0 0 0 0 0 0 0 0 0 0 0 0 0 0 0 0 0 0 0 0 0 0 0 0 0 0 0 0 0 0 0 0 0 0 0 0 0
5.54673e-05 5.54689e-05 5.54961e-05 5.56192e-05 5.56837e-05 5.55036e-05 5.5507e-05 5.56198e-05 5.5637e-05 5.56452e-05 5.56371e-05 5.56279e-05 5.56201e-05 5.56176e-05 5.56301e-05 5.56269e-05 5.54359e-05 7.67085e-05 7.67512e-05 7.64033e-05 7.66326e-05 7.67189e-05 0 0 0 0 0 0 0 0 0 0 0 0 0 0 0 0 0 0 0 0 0 0 0 0 0 0 0 0 0 0 0 0 0 0 0 0 0 0 0 0 0 0 0 0 0 0 0 0 0 0 0 0 0 0 0
5.54951e-05 5.54925e-05 5.54815e-05 5.54814e-05 5.5424e-05 5.56072e-05 5.56065e-05 5.54978e-05 5.54666e-05 5.53671e-05 5.53712e-05 5.5375e-05 5.53915e-05 5.54937e-05 5.55035e-05 5.55088e-05 5.56068e-05 5.57416e-05 7.66965e-05 7.64473e-05 7.66691e-05 7.67152e-05 0 0 0 0 0 0 0 0 0 0 0 0 0 0 0 0 0 0 0 0 0 0 0 0 0 0 0 0 0 0 0 0 0 0 0 0 0 0 0 0 0 0 0 0 0 0 0 0 0 0 0 0 0 0 0
5.54614e-05 5.54715e-05 5.54091e-05 5.54137e-05 5.54901e-05 5.5499e-05 5.54881e-05 5.5467e-05 5.53933e-05 5.5479e-05 5.54821e-05 5.54269e-05 5.55905e-05 5.55041e-05 5.54964e-05 5.54933e-05 5.55239e-05 5.55286e-05 7.70039e-05 7.66124e-05 7.69575e-05 0 0 0 0 0 0 0 0 0 0 0 0 0 0 0 0 0 0 0 0 0 0 0 0 0 0 0 0 0 0 0 0 0 0 0 0 0 0 0 0 0 0 0 0 0 0 0 0 0 0 0 0 0 0 0 0
5.54274e-05 5.5342e-05 0 0 5.54198e-05 5.54123e-05 5.54194e-05 5.5444e-05 5.55061e-05 5.56166e-05 5.56233e-05 5.56829e-05 5.55122e-05 5.5514e-05 5.55131e-05 5.54998e-05 5.55001e-05 5.55981e-05 7.66955e-05 7.64364e-05 7.67002e-05 0 0 0 0 0 0 0 0 0 0 0 0 0 0 0 0 0 0 0 0 0 0 0 0 0 0 0 0 0 0 0 0 0 0 0 0 0 0 0 0 0 0 0 0 0 0 0 0 0 0 0 0 0 0 0 0
0 0 0 0 0 0 0 0 0 5.54314e-05 5.54225e-05 5.54242e-05 5.54255e-05 5.5423e-05 5.54231e-05 5.54005e-05 5.54958e-05 5.55908e-05 7.66892e-05 7.64069e-05 7.66616e-05 0 0 0 0 0 0 0 0 0 0 0 0 0 0 0 0 0 0 0 0 0 0 0 0 0 0 0 0 0 0 0 0 0 0 0 0 0 0 0 0 0 0 0 0 0 0 0 0 0 0 0 0 0 0 0 0
0 0 0 0 0 0 0 0 0 0 0 0 0 0 0 0 5.55351e-05 5.5501e-05 7.61226e-05 7.64351e-05 7.64838e-05 0 0 0 0 0 0 0 0 0 0 0 0 0 0 0 0 0 0 0 0 0 0 0 0 0 0 0 0 0 0 0 0 0 0 0 0 0 0 0 0 0 0 0 0 0 0 0 0 0 0 0 0 0 0 0 0
0 0 0 0 0 0 0 0 0 0 0 0 0 0 0 0 0 0 7.65769e-05 7.66946e-05 7.66872e-05 0 0 0 0 0 0 0 0 0 0 0 0 0 0 0 0 0 0 0 0 0 0 0 0 0 0 0 0 0 0 0 0 0 0 0 0 0 0 0 0 0 0 0 0 0 0 0 0 0 0 0 0 0 0 0 0
0 0 0 0 0 0 0 0 0 0 0 0 0 0 0 0 0 0 0 7.65114e-05 7.66849e-05 0 0 0 0 0 0 0 0 0 0 0 0 0 0 0 0 0 0 0 0 0 0 0 0 0 0 0 0 0 0 0 0 0 0 0 0 0 0 0 0 0 0 0 0 0 0 0 0 0 0 0 0 0 0 0 0
