Outputs/initial_cond/H_35m.asc
ncols 286
nrows 262
xllcorner 528670
yllcorner 5.07688e+06
cellsize 35
NODATA_value -9999
[rows 136 to 169 of 262, columns 77 to 153 of 286]
0 0 0 0 0 0 0 0 0 0 0 0 0 0 0 0 0 0 0 0 0 0 0 0 0 0 0 0 0 0 0 0 0 0 0 0 0 0 0 5.54134e-05 5.54593e-05 5.53335e-05 5.54651e-05 5.54744e-05 5.5482e-05 5.54851e-05 5.54444e-05 5.54577e-05 5.5464e-05 5.54659e-05 5.57193e-05 5.54871e-05 5.54704e-05 5.547e-05 5.54531e-05 5.54731e-05 5.54894e-05 5.53697e-05 5.54907e-05 5.55021e-05 5.54925e-05 5.53611e-05 5.54934e-05 4.81333e-05 4.79945e-05 4.80003e-05 4.80049e-05 4.80359e-05 4.78982e-05 4.78914e-05 4.78979e-05 4.79278e-05 4.78692e-05 4.81456e-05 4.79868e-05 4.78959e-05 4.8149e-05
0 0 0 0 0 0 0 0 0 0 0 0 0 0 0 0 0 0 0 0 0 0 0 0 0 0 0 0 0 0 0 0 0 0 0 0 0 0 0 0 5.54991e-05 5.53277e-05 5.54624e-05 5.54807e-05 5.54788e-05 5.56553e-05 5.52671e-05 5.54677e-05 5.54708e-05 5.54682e-05 5.54961e-05 5.56188e-05 5.54647e-05 5.54656e-05 5.54677e-05 5.54594e-05 5.54526e-05 5.54512e-05 5.54526e-05 5.54482e-05 5.54421e-05 4.79921e-05 4.7984e-05 4.7995e-05 4.79875e-05 4.79861e-05 4.79831e-05 4.79749e-05 4.801e-05 4.79924e-05 4.80325e-05 4.79994e-05 4.78836e-05 4.81323e-05 4.78869e-05 4.81368e-05 4.80033e-05
0 0 0 0 0 0 0 0 0 0 0 0 0 0 0 0 0 0 0 0 0 0 0 0 0 0 0 0 0 0 0 0 0 0 0 0 0 0 0 0 5.54301e-05 5.5444e-05 5.5349e-05 5.54767e-05 5.54909e-05 5.55741e-05 5.53326e-05 5.54313e-05 5.53307e-05 5.53382e-05 5.54548e-05 5.57231e-05 5.54813e-05 5.54626e-05 5.54668e-05 5.5468e-05 5.5469e-05 5.54638e-05 5.54489e-05 4.79963e-05 4.79992e-05 4.80067e-05 4.79922e-05 4.79892e-05 4.80043e-05 4.79937e-05 4.79993e-05 4.79931e-05 4.79792e-05 4.79901e-05 4.79941e-05 4.7999e-05 4.79902e-05 4.79355e-05 4.80774e-05 4.80299e-05 4.8014e-05
0 0 0 0 0 0 0 0 0 0 0 0 0 0 0 0 0 0 0 0 0 0 0 0 0 0 0 0 0 0 0 0 0 0 0 0 0 0 0 0 0 5.54287e-05 5.53389e-05 5.54651e-05 5.55032e-05 5.54406e-05 5.54577e-05 5.55124e-05 5.56049e-05 5.55991e-05 5.54789e-05 5.55106e-05 5.56057e-05 5.54717e-05 5.54672e-05 5.54693e-05 5.54723e-05 5.54536e-05 4.80147e-05 4.80005e-05 4.79936e-05 4.79842e-05 4.79884e-05 4.79847e-05 4.7999e-05 4.79993e-05 4.79943e-05 4.79989e-05 4.79976e-05 4.79909e-05 4.80036e-05 4.78996e-05 4.80783e-05 4.79301e-05 4.80757e-05 4.80233e-05 4.79978e-05
0 0 0 0 0 0 0 0 0 0 0 0 0 0 0 0 0 0 0 0 0 0 0 0 0 0 0 0 0 0 0 0 0 0 0 0 0 0 0 0 0 0 5.5428e-05 5.54522e-05 5.54552e-05 4.80375e-05 5.54064e-05 5.54542e-05 5.54524e-05 5.54499e-05 5.53514e-05 5.54487e-05 5.56317e-05 5.54879e-05 5.54693e-05 5.54516e-05 4.80043e-05 4.80036e-05 4.79814e-05 4.80663e-05 4.80216e-05 4.79942e-05 4.79863e-05 4.79833e-05 4.79974e-05 4.79952e-05 4.79966e-05 4.79912e-05 4.79919e-05 4.80029e-05 4.79877e-05 4.8002e-05 4.78917e-05 4.81203e-05 4.80553e-05 4.79772e-05 4.80102e-05
0 0 0 0 0 0 0 0 0 0 0 0 0 0 0 0 0 0 0 0 0 0 0 0 0 0 0 0 0 0 0 0 0 0 0 0 0 0 0 0 0 0 5.55133e-05 5.52968e-05 4.80961e-05 4.79029e-05 4.79818e-05 4.80031e-05 4.79901e-05 4.79889e-05 4.80889e-05 4.79896e-05 4.809e-05 4.81272e-05 4.80007e-05 4.79976e-05 4.7988e-05 4.79866e-05 4.79747e-05 4.78748e-05 4.79845e-05 4.80027e-05 4.79879e-05 4.79924e-05 4.79929e-05 4.79919e-05 4.7997e-05 4.79909e-05 4.7986e-05 4.80048e-05 4.79928e-05 4.80023e-05 4.79968e-05 4.80001e-05 4.79948e-05 4.80109e-05 4.80778e-05
0 0 0 0 0 0 0 0 0 0 0 0 0 0 0 0 0 0 0 0 0 0 0 0 0 0 0 0 0 0 0 0 0 0 0 0 0 0 0 0 0 0 0 5.54235e-05 4.79591e-05 4.80235e-05 4.79964e-05 4.79951e-05 4.79912e-05 4.79878e-05 4.79869e-05 4.79746e-05 4.79795e-05 4.82048e-05 4.79944e-05 4.79847e-05 4.79858e-05 4.79911e-05 4.79873e-05 4.7978e-05 4.79577e-05 4.79984e-05 4.79981e-05 4.79985e-05 4.79914e-05 4.79903e-05 4.79953e-05 4.79912e-05 4.79786e-05 4.79986e-05 4.80079e-05 4.79876e-05 4.79947e-05 4.80014e-05 4.79981e-05 4.8081e-05 7.66114e-05
0 0 0 0 0 0 0 0 0 0 0 0 0 0 0 0 0 0 0 0 0 0 0 0 0 0 0 0 0 0 0 0 0 0 0 0 0 0 0 0 0 0 0 5.54315e-05 4.8008e-05 4.79665e-05 4.79886e-05 4.79945e-05 4.79948e-05 4.79918e-05 4.799e-05 4.80015e-05 4.79871e-05 4.79959e-05 4.81111e-05 4.79832e-05 4.79723e-05 4.79835e-05 4.79837e-05 4.79842e-05 4.79712e-05 4.79873e-05 4.80138e-05 4.7996e-05 4.79916e-05 4.79899e-05 4.79944e-05 4.79888e-05 4.79729e-05 4.8003e-05 4.80159e-05 4.80052e-05 4.80212e-05 4.80109e-05 4.80061e-05 4.80751e-05 7.66505e-05
0 0 0 0 0 0 0 0 0 0 0 0 0 0 0 0 0 0 0 0 0 0 0 0 0 0 0 0 0 0 0 0 0 0 0 0 0 0 0 0 0 0 0 5.53572e-05 4.79967e-05 4.79847e-05 4.80048e-05 4.79932e-05 4.79903e-05 4.79964e-05 4.79831e-05 4.799e-05 4.79796e-05 4.79823e-05 4.81248e-05 4.79777e-05 4.79836e-05 4.79851e-05 4.79817e-05 4.79845e-05 4.79809e-05 4.79709e-05 4.8003e-05 4.79951e-05 4.79892e-05 4.79927e-05 4.79815e-05 4.79903e-05 4.79728e-05 4.80201e-05 4.79959e-05 4.79853e-05 4.79763e-05 4.79961e-05 4.80007e-05 4.80634e-05 7.64347e-05
0 0 0 0 0 0 0 0 0 0 0 0 0 0 0 0 0 0 0 0 0 0 0 0 0 0 0 0 0 0 0 0 0 0 0 0 0 0 0 0 0 0 0 0 4.78247e-05 4.78912e-05 4.79847e-05 4.79929e-05 4.79959e-05 4.79959e-05 4.8007e-05 4.79855e-05 4.79877e-05 4.79862e-05 4.81063e-05 4.80897e-05 4.79841e-05 4.79859e-05 4.79827e-05 4.79803e-05 4.79783e-05 4.79932e-05 4.79735e-05 4.79841e-05 4.80095e-05 5.54552e-05 5.54561e-05 5.54524e-05 5.54608e-05 5.54848e-05 5.54549e-05 4.79985e-05 4.79911e-05 4.79877e-05 4.80674e-05 7.65229e-05 7.64546e-05
0 0 0 0 0 0 0 0 0 0 0 0 0 0 0 0 0 0 0 0 0 0 0 0 0 0 0 0 0 0 0 0 0 0 0 0 0 0 0 0 0 0 0 0 4.79339e-05 4.80069e-05 4.79838e-05 4.77647e-05 4.78692e-05 4.78725e-05 4.79905e-05 4.79871e-05 4.79711e-05 4.7987e-05 4.79894e-05 4.81931e-05 4.80288e-05 4.79883e-05 4.79883e-05 4.79727e-05 4.79831e-05 4.8005e-05 5.54537e-05 5.54097e-05 5.5481e-05 5.54735e-05 5.54742e-05 5.54806e-05 5.56094e-05 5.55846e-05 5.55949e-05 5.55859e-05 5.54652e-05 4.79963e-05 4.80733e-05 7.63892e-05 7.68724e-05
0 0 0 0 0 0 0 0 0 0 0 0 0 0 0 0 0 0 0 0 0 0 0 0 0 0 0 0 0 0 0 0 0 0 0 0 0 0 0 0 0 0 0 0 4.794e-05 4.80158e-05 4.80824e-05 4.78937e-05 4.79973e-05 4.79973e-05 4.78856e-05 4.78736e-05 4.79893e-05 4.79695e-05 4.79643e-05 4.78617e-05 4.80881e-05 4.80209e-05 5.54416e-05 5.54273e-05 5.54641e-05 5.5453e-05 5.54615e-05 5.54546e-05 5.54522e-05 5.54951e-05 5.54822e-05 5.56138e-05 5.548e-05 5.54723e-05 5.54488e-05 5.54563e-05 5.56132e-05 5.56099e-05 5.54919e-05 5.5383e-05 7.68309e-05
0 0 0 0 0 0 0 0 0 0 0 0 0 0 0 0 0 0 0 0 0 0 0 0 0 0 0 0 0 0 0 0 0 0 0 0 0 0 0 0 0 0 0 4.78826e-05 4.79953e-05 4.80117e-05 4.79998e-05 4.7976e-05 4.79959e-05 4.79934e-05 4.79891e-05 4.79899e-05 4.7867e-05 4.78798e-05 4.7884e-05 4.79803e-05 4.81308e-05 5.54364e-05 5.54524e-05 5.54499e-05 5.54761e-05 5.54685e-05 5.54591e-05 5.54588e-05 5.54675e-05 5.54738e-05 5.54801e-05 5.53289e-05 5.5328e-05 5.53554e-05 5.53805e-05 5.53764e-05 5.53317e-05 5.53569e-05 5.53024e-05 7.65065e-05 7.69355e-05
0 0 0 0 0 0 0 0 0 0 0 0 0 0 0 0 0 0 0 0 0 0 0 0 0 0 0 0 0 0 0 0 0 0 0 0 0 0 0 0 0 0 4.79012e-05 4.80024e-05 4.79957e-05 4.80012e-05 4.79985e-05 4.79782e-05 4.79974e-05 4.79853e-05 4.79894e-05 4.79903e-05 4.79914e-05 4.79707e-05 4.79777e-05 4.80008e-05 5.55714e-05 5.54525e-05 5.54494e-05 5.54642e-05 5.54619e-05 5.54652e-05 5.5459e-05 5.54637e-05 5.54483e-05 5.54964e-05 5.54761e-05 5.54791e-05 5.54928e-05 5.54741e-05 5.55267e-05 5.55886e-05 5.54848e-05 5.54474e-05 7.63689e-05 7.66531e-05 7.69299e-05
0 0 0 0 0 0 0 0 0 0 0 0 0 0 0 0 0 0 0 0 0 0 0 0 0 0 0 0 0 0 0 0 0 0 0 0 0 0 0 4.79037e-05 4.80269e-05 4.78581e-05 4.79859e-05 4.79968e-05 4.80107e-05 4.7992e-05 4.80026e-05 4.7978e-05 4.79955e-05 4.79811e-05 4.79882e-05 4.79958e-05 4.79948e-05 4.79776e-05 4.79805e-05 4.80199e-05 5.55663e-05 5.54514e-05 5.54519e-05 5.54614e-05 5.54674e-05 5.54547e-05 5.54611e-05 5.54667e-05 5.54716e-05 5.5493e-05 5.55646e-05 5.54853e-05 5.54526e-05 5.54554e-05 5.54039e-05 5.53749e-05 5.57066e-05 7.63229e-05 7.66324e-05 7.66818e-05 7.69188e-05
0 0 0 0 0 0 0 0 0 0 0 0 0 0 0 0 0 0 0 0 0 0 0 0 0 0 0 0 0 0 0 0 0 4.78916e-05 4.80366e-05 4.79447e-05 4.79565e-05 4.79511e-05 4.78277e-05 4.80198e-05 4.79767e-05 4.8074e-05 4.79073e-05 4.79893e-05 4.79736e-05 4.79981e-05 4.79974e-05 4.799e-05 4.79829e-05 4.79835e-05 4.79902e-05 4.79707e-05 4.79748e-05 4.79803e-05 4.79795e-05 5.54677e-05 5.55802e-05 5.54508e-05 5.54514e-05 5.54758e-05 5.54511e-05 5.54777e-05 5.54515e-05 5.5342e-05 5.56059e-05 5.55834e-05 5.54824e-05 5.5464e-05 5.54774e-05 5.54783e-05 5.54771e-05 5.54993e-05 7.64393e-05 7.63788e-05 7.66532e-05 7.69344e-05 7.68761e-05
0 0 0 0 0 0 0 0 0 0 0 0 0 0 0 0 0 0 0 0 0 0 0 0 0 0 0 0 0 0 4.7949e-05 4.78598e-05 4.7915e-05 4.79897e-05 4.80915e-05 4.79186e-05 4.80839e-05 4.79961e-05 4.7881e-05 4.80155e-05 4.79759e-05 4.79898e-05 4.79845e-05 4.79884e-05 4.7991e-05 4.79826e-05 4.8083e-05 4.80057e-05 4.79756e-05 4.79845e-05 4.79834e-05 4.79828e-05 4.7982e-05 4.79795e-05 5.54353e-05 5.55792e-05 5.54938e-05 5.54481e-05 5.5451e-05 5.54633e-05 5.54847e-05 5.54407e-05 5.54432e-05 5.54882e-05 5.54668e-05 5.53369e-05 5.53434e-05 5.55795e-05 5.56077e-05 5.5617e-05 5.57116e-05 7.6583e-05 7.63138e-05 7.66561e-05 7.66526e-05 7.69313e-05 7.66929e-05
0 0 0 0 0 0 0 0 0 0 0 0 0 0 0 0 0 0 0 0 0 0 0 0 0 0 0 0 0 4.79108e-05 4.7983e-05 4.79036e-05 4.79757e-05 4.79953e-05 4.80829e-05 4.79292e-05 4.80785e-05 4.79898e-05 4.78867e-05 4.7998e-05 4.79974e-05 4.79735e-05 4.79939e-05 4.79863e-05 4.7989e-05 4.7995e-05 4.78889e-05 4.79815e-05 4.79855e-05 4.79814e-05 4.79791e-05 4.7986e-05 4.79816e-05 4.79794e-05 5.54511e-05 5.56081e-05 5.54655e-05 5.54449e-05 5.54488e-05 5.54722e-05 5.54432e-05 5.54489e-05 5.54538e-05 5.54936e-05 5.54671e-05 5.5454e-05 5.54485e-05 5.53556e-05 5.53446e-05 5.55139e-05 7.61287e-05 7.69164e-05 7.63713e-05 7.66331e-05 7.69243e-05 7.66303e-05 7.63975e-05
0 0 0 0 0 0 0 0 0 0 0 0 0 0 0 0 0 0 0 0 0 0 0 0 0 0 0 0 4.79358e-05 4.80049e-05 4.79714e-05 4.79015e-05 4.79872e-05 4.7995e-05 4.80853e-05 4.79877e-05 4.80071e-05 4.79769e-05 4.79073e-05 4.79843e-05 4.79944e-05 4.79798e-05 4.7992e-05 4.79893e-05 4.79836e-05 4.79897e-05 4.79906e-05 4.79902e-05 4.79854e-05 4.7988e-05 4.79794e-05 4.79706e-05 5.54423e-05 5.54746e-05 5.56453e-05 5.54287e-05 5.54363e-05 5.54634e-05 5.54705e-05 5.54488e-05 5.54309e-05 5.53708e-05 5.55645e-05 5.54764e-05 5.54542e-05 5.54601e-05 5.54553e-05 5.545e-05 5.55822e-05 5.53287e-05 7.64317e-05 7.68843e-05 7.64508e-05 7.65821e-05 7.696e-05 7.66314e-05 7.66617e-05
0 0 0 0 0 0 0 0 0 0 0 0 0 0 0 0 0 0 0 0 0 0 0 0 0 0 0 0 4.79782e-05 4.79963e-05 4.79727e-05 4.79014e-05 4.79831e-05 4.79992e-05 4.80869e-05 4.79121e-05 4.80665e-05 4.79071e-05 4.79893e-05 4.79806e-05 4.79787e-05 4.79929e-05 4.79879e-05 4.79886e-05 4.79833e-05 4.79907e-05 4.79773e-05 4.79831e-05 4.79837e-05 4.79825e-05 4.79811e-05 4.79781e-05 5.54241e-05 5.54505e-05 5.56263e-05 5.54767e-05 5.54175e-05 5.54937e-05 5.5449e-05 5.54468e-05 5.54504e-05 5.53723e-05 5.55725e-05 5.54606e-05 5.5456e-05 5.54612e-05 5.54593e-05 5.54629e-05 5.54066e-05 7.63011e-05 7.66377e-05 7.68306e-05 5.54095e-05 5.56415e-05 5.54806e-05 5.55162e-05 5.55186e-05
0 0 0 0 0 0 0 0 0 0 0 0 0 0 0 0 0 0 0 0 0 0 0 0 0 0 0 5.53942e-05 4.79969e-05 4.79827e-05 4.79879e-05 4.78917e-05 4.79795e-05 4.80157e-05 4.80705e-05 4.78916e-05 4.80738e-05 4.79054e-05 4.79931e-05 4.79967e-05 4.79618e-05 4.79952e-05 4.79837e-05 4.79879e-05 4.79786e-05 5.54423e-05 4.79917e-05 4.79839e-05 4.79897e-05 4.79872e-05 4.7955e-05 5.5446e-05 5.54594e-05 5.54406e-05 5.55493e-05 5.56216e-05 5.54405e-05 5.5468e-05 5.54599e-05 5.5438e-05 5.53239e-05 5.55765e-05 5.54952e-05 5.54576e-05 5.546e-05 5.54697e-05 5.54669e-05 5.5462e-05 5.55056e-05 7.63818e-05 5.55614e-05 5.55436e-05 5.55983e-05 5.54786e-05 5.54711e-05 5.54749e-05 5.54747e-05
0 0 0 0 0 0 0 0 0 0 0 0 0 0 0 0 0 0 0 0 0 0 0 0 0 0 0 5.54703e-05 5.54631e-05 5.54357e-05 5.54639e-05 5.53321e-05 5.5441e-05 5.55875e-05 5.54405e-05 4.78845e-05 4.80809e-05 4.79052e-05 4.79809e-05 4.80097e-05 4.79609e-05 4.79894e-05 4.79838e-05 4.79797e-05 5.54294e-05 5.54582e-05 5.5451e-05 5.54468e-05 4.80026e-05 5.55523e-05 5.53336e-05 5.54167e-05 5.5472e-05 5.54471e-05 5.53338e-05 5.55921e-05 5.54764e-05 5.54738e-05 5.54595e-05 5.54613e-05 5.55903e-05 5.56068e-05 5.5338e-05 5.55468e-05 5.56271e-05 5.56135e-05 5.54583e-05 5.54513e-05 5.55089e-05 7.6397e-05 5.55226e-05 5.54894e-05 5.57472e-05 5.5613e-05 5.56014e-05 5.56158e-05 5.561e-05
0 0 0 0 0 0 0 0 0 0 0 0 0 0 0 0 0 0 0 0 0 0 0 0 0 0 0 5.54587e-05 5.54785e-05 5.54429e-05 5.54805e-05 5.53617e-05 5.54413e-05 5.56126e-05 5.54416e-05 4.78852e-05 4.79994e-05 4.79834e-05 4.79804e-05 4.79929e-05 4.79824e-05 4.79867e-05 4.79778e-05 5.54268e-05 5.54632e-05 5.54606e-05 5.54776e-05 5.54748e-05 5.54565e-05 5.5583e-05 5.54798e-05 5.52992e-05 5.54489e-05 5.54709e-05 5.54403e-05 5.54597e-05 5.5637e-05 5.558e-05 5.55891e-05 5.54797e-05 5.52628e-05 5.52024e-05 5.54595e-05 5.57394e-05 5.54571e-05 5.5301e-05 5.56364e-05 5.57207e-05 5.54858e-05 5.53464e-05 5.54676e-05 5.57799e-05 5.54528e-05 5.54764e-05 5.53055e-05 5.55914e-05 5.55022e-05
0 0 0 0 0 0 0 0 0 0 0 0 0 0 0 0 0 0 0 0 0 0 0 0 0 0 0 5.54648e-05 5.54796e-05 5.54504e-05 5.54831e-05 5.54512e-05 5.53709e-05 5.55801e-05 5.536e-05 5.54157e-05 5.54515e-05 4.80001e-05 4.79921e-05 4.79784e-05 4.80049e-05 5.54318e-05 5.54333e-05 5.5451e-05 5.54681e-05 5.54646e-05 5.54307e-05 5.54564e-05 5.54644e-05 5.54918e-05 5.55856e-05 5.54273e-05 5.53139e-05 5.54605e-05 5.54576e-05 5.54602e-05 5.57042e-05 5.54326e-05 5.53269e-05 5.54254e-05 5.5317e-05 5.54389e-05 5.56224e-05 5.53306e-05 5.53112e-05 5.5452e-05 5.53172e-05 5.54586e-05 5.57467e-05 5.54513e-05 5.57618e-05 5.54563e-05 5.54716e-05 5.5502e-05 5.53183e-05 5.54704e-05 5.54877e-05
0 0 0 0 0 0 0 0 0 0 0 0 0 0 0 0 0 0 0 0 0 0 0 0 0 0 0 5.54744e-05 5.54813e-05 5.54529e-05 5.54748e-05 5.54494e-05 5.54698e-05 5.54957e-05 5.53566e-05 5.5438e-05 5.54568e-05 5.54512e-05 4.80022e-05 4.79781e-05 5.54451e-05 5.55709e-05 5.53493e-05 5.54426e-05 5.54526e-05 5.54753e-05 5.54525e-05 5.54384e-05 5.54505e-05 5.54571e-05 5.56089e-05 5.54545e-05 5.53055e-05 5.54276e-05 5.54498e-05 5.56083e-05 5.53561e-05 5.53302e-05 5.5431e-05 5.54431e-05 5.53305e-05 5.55805e-05 5.56365e-05 5.55833e-05 5.54562e-05 5.53409e-05 5.52879e-05 5.53714e-05 5.54475e-05 5.56116e-05 5.5461e-05 5.54489e-05 5.53383e-05 5.5345e-05 5.52376e-05 5.545e-05 5.55933e-05
0 0 0 0 0 0 0 0 0 0 0 0 0 0 0 0 0 0 0 0 0 0 0 0 0 0 0 5.54081e-05 5.54107e-05 5.56248e-05 5.54626e-05 5.5391e-05 5.55579e-05 5.54771e-05 5.53429e-05 5.54461e-05 5.54597e-05 5.54638e-05 5.5456e-05 5.5461e-05 5.54615e-05 5.55579e-05 5.53588e-05 5.54558e-05 5.54476e-05 5.54612e-05 5.54744e-05 5.5442e-05 5.54485e-05 5.54541e-05 5.55879e-05 5.54778e-05 5.53215e-05 5.54289e-05 5.54482e-05 5.56098e-05 5.54258e-05 5.53973e-05 5.54576e-05 5.53339e-05 5.56009e-05 5.56321e-05 5.54536e-05 5.54618e-05 5.55735e-05 5.54608e-05 5.54481e-05 5.53029e-05 5.53411e-05 5.56035e-05 5.54763e-05 5.5471e-05 5.55656e-05 5.5491e-05 5.54755e-05 5.53589e-05 5.53592e-05
0 0 0 0 0 0 0 0 0 0 0 0 0 0 0 0 0 0 0 0 0 0 0 0 0 0 0 5.54186e-05 5.54769e-05 5.54973e-05 5.54387e-05 5.55863e-05 5.54759e-05 5.54639e-05 5.53299e-05 5.54448e-05 5.54601e-05 5.54615e-05 5.54612e-05 5.54897e-05 5.54634e-05 5.55589e-05 5.53415e-05 5.54656e-05 5.54597e-05 5.54393e-05 5.54627e-05 5.54603e-05 5.54471e-05 5.54514e-05 5.54759e-05 5.5585e-05 5.53312e-05 5.54251e-05 5.54594e-05 5.56259e-05 5.54646e-05 5.54459e-05 5.52973e-05 5.57308e-05 5.5605e-05 5.54575e-05 5.54589e-05 5.54588e-05 5.5454e-05 5.54649e-05 5.54629e-05 5.54612e-05 5.54686e-05 5.54561e-05 5.54678e-05 5.54904e-05 5.54725e-05 5.56093e-05 5.56177e-05 5.56309e-05 5.56326e-05
0 0 0 0 0 0 0 0 0 0 0 0 0 0 0 0 0 0 0 0 0 0 0 0 0 0 0 5.53746e-05 5.54569e-05 5.54822e-05 5.54633e-05 5.5592e-05 5.54767e-05 5.54517e-05 5.53153e-05 5.54544e-05 5.54651e-05 5.546e-05 5.54577e-05 5.54714e-05 5.55979e-05 5.54618e-05 5.53055e-05 5.54613e-05 5.54732e-05 5.54432e-05 5.54489e-05 5.54666e-05 5.5448e-05 5.54528e-05 5.54687e-05 5.54743e-05 5.54304e-05 5.54551e-05 5.57177e-05 5.55688e-05 5.55731e-05 5.56158e-05 5.56158e-05 5.54959e-05 5.54538e-05 5.54539e-05 5.54636e-05 5.54536e-05 5.55177e-05 5.54529e-05 5.5461e-05 5.56425e-05 5.54767e-05 5.54735e-05 5.54712e-05 5.54702e-05 5.54932e-05 5.54673e-05 5.54451e-05 5.54804e-05 5.5482e-05
0 0 0 0 0 0 0 0 0 0 0 0 0 0 0 0 0 0 0 0 0 0 0 0 0 0 5.53387e-05 5.54344e-05 5.54585e-05 5.54627e-05 5.54735e-05 5.5603e-05 5.54818e-05 5.54606e-05 5.53256e-05 5.54485e-05 5.54693e-05 5.54739e-05 5.54619e-05 5.54651e-05 5.56113e-05 5.54467e-05 5.53129e-05 5.54415e-05 5.54667e-05 5.54613e-05 5.54432e-05 5.54562e-05 5.54585e-05 5.54477e-05 5.54612e-05 5.54591e-05 5.54818e-05 5.57015e-05 5.54689e-05 5.54322e-05 5.54302e-05 5.54614e-05 5.54571e-05 5.54472e-05 5.54391e-05 5.54492e-05 5.54475e-05 5.54655e-05 5.54012e-05 5.56012e-05 5.55895e-05 5.54123e-05 5.54892e-05 5.54529e-05 5.5474e-05 5.54754e-05 5.54806e-05 5.54815e-05 5.54825e-05 5.54672e-05 5.54568e-05
0 0 0 0 0 0 0 0 0 0 0 0 0 0 0 0 0 0 0 0 0 0 0 0 5.54078e-05 5.53876e-05 5.53426e-05 5.54389e-05 5.54667e-05 5.54702e-05 5.54905e-05 5.55958e-05 5.54549e-05 5.54399e-05 5.53453e-05 5.54505e-05 5.54421e-05 5.54816e-05 5.54832e-05 5.54699e-05 5.56008e-05 5.54631e-05 5.53336e-05 5.5425e-05 5.5454e-05 5.54684e-05 5.54458e-05 5.54449e-05 5.54527e-05 5.54716e-05 5.54619e-05 5.55687e-05 5.55983e-05 5.54633e-05 5.54657e-05 5.54747e-05 5.54471e-05 5.54483e-05 5.54393e-05 5.54315e-05 5.54614e-05 5.54561e-05 5.54626e-05 5.54358e-05 5.54824e-05 5.54688e-05 5.54699e-05 5.54701e-05 5.53499e-05 5.54807e-05 5.52775e-05 5.54907e-05 5.54936e-05 5.5487e-05 5.55022e-05 5.55117e-05 5.55039e-05
0 0 0 0 0 0 0 0 0 0 0 0 0 0 0 0 0 0 0 0 0 0 5.53676e-05 5.54107e-05 5.54543e-05 5.54604e-05 5.53324e-05 5.54486e-05 5.54597e-05 5.54668e-05 5.55764e-05 5.55197e-05 5.54592e-05 5.53263e-05 5.54511e-05 5.55725e-05 5.53307e-05 5.54369e-05 5.55488e-05 5.56351e-05 5.55012e-05 5.55709e-05 5.53362e-05 5.54315e-05 5.54434e-05 5.54603e-05 5.54555e-05 5.54527e-05 5.54714e-05 5.54652e-05 5.54633e-05 5.57045e-05 5.54605e-05 5.54567e-05 5.54397e-05 5.54647e-05 5.54656e-05 5.546e-05 5.54689e-05 5.54845e-05 5.54524e-05 5.54532e-05 5.54362e-05 5.54776e-05 5.5473e-05 5.54531e-05 5.54583e-05 5.54492e-05 5.56241e-05 5.54811e-05 5.56633e-05 5.53311e-05 5.53265e-05 5.53273e-05 5.53253e-05 5.54781e-05 5.54902e-05
0 0 0 0 0 0 0 0 0 0 0 0 0 0 0 7.64886e-05 7.64671e-05 5.54092e-05 5.5401e-05 5.53839e-05 5.53961e-05 5.53174e-05 5.5574e-05 5.5513e-05 5.54769e-05 5.5467e-05 5.53234e-05 5.54572e-05 5.54633e-05 5.54603e-05 5.56168e-05 5.5445e-05 5.54535e-05 5.53168e-05 5.54393e-05 5.54877e-05 5.54425e-05 5.54326e-05 5.53467e-05 5.52764e-05 5.54723e-05 5.55856e-05 5.53663e-05 5.54319e-05 5.54417e-05 5.54393e-05 5.54565e-05 5.54692e-05 5.54809e-05 5.54571e-05 5.56016e-05 5.54536e-05 5.54575e-05 5.54518e-05 5.54325e-05 5.5458e-05 5.54629e-05 5.54552e-05 5.54639e-05 5.54636e-05 5.54751e-05 5.54455e-05 5.54735e-05 5.54659e-05 5.5464e-05 5.545e-05 5.5329e-05 5.5462e-05 5.54769e-05 5.54764e-05 5.54772e-05 5.56312e-05 5.56091e-05 5.55095e-05 5.56322e-05 5.55372e-05 5.5353e-05
0 0 0 0 0 0 0 0 0 0 0 0 7.65214e-05 7.65198e-05 7.65307e-05 7.65841e-05 5.55142e-05 5.54508e-05 5.54723e-05 5.54647e-05 5.54321e-05 5.54416e-05 5.54106e-05 5.56385e-05 5.57079e-05 5.55082e-05 5.53444e-05 5.54589e-05 5.54719e-05 5.54892e-05 5.56037e-05 5.5476e-05 5.5448e-05 5.54198e-05 5.534e-05 5.54577e-05 5.54773e-05 5.5446e-05 5.54377e-05 5.54501e-05 5.54359e-05 5.54831e-05 5.54751e-05 5.55495e-05 5.53469e-05 5.54358e-05 5.54342e-05 5.54225e-05 5.54623e-05 5.55613e-05 5.5595e-05 5.54606e-05 5.54529e-05 5.54504e-05 5.54353e-05 5.5454e-05 5.54524e-05 5.54671e-05 5.54558e-05 5.54546e-05 5.54596e-05 5.54754e-05 5.54682e-05 5.54486e-05 5.54622e-05 5.54584e-05 5.55651e-05 5.55061e-05 5.54832e-05 5.54647e-05 5.54614e-05 5.5479e-05 5.5516e-05 5.56051e-05 5.5332e-05 5.53058e-05 5.5491e-05
0 0 0 0 0 0 0 0 0 0 0 7.65289e-05 7.66349e-05 7.66096e-05 7.65874e-05 5.55278e-05 5.54628e-05 5.54604e-05 5.54707e-05 5.54658e-05 5.54504e-05 5.54222e-05 5.51813e-05 5.53684e-05 5.52108e-05 5.55541e-05 5.55494e-05 5.55744e-05 5.55593e-05 5.55571e-05 5.55147e-05 5.55877e-05 5.54511e-05 5.54445e-05 5.53266e-05 5.54514e-05 5.547e-05 5.54598e-05 5.5442e-05 5.54516e-05 5.5448e-05 5.54465e-05 5.54922e-05 5.54798e-05 5.54344e-05 5.54565e-05 5.54494e-05 5.54455e-05 5.5458e-05 5.56983e-05 5.54431e-05 5.54276e-05 5.54359e-05 5.54298e-05 5.54387e-05 5.54189e-05 5.5452e-05 5.54642e-05 5.5456e-05 5.54607e-05 5.5454e-05 5.54521e-05 5.54817e-05 5.54708e-05 5.54655e-05 5.54693e-05 5.54621e-05 5.54836e-05 5.54666e-05 5.54694e-05 5.54811e-05 5.54815e-05 5.54836e-05 5.54819e-05 5.56272e-05 5.54941e-05 5.54893e-05
