Outputs/initial_cond/H_35m.asc
ncols 286
nrows 262
xllcorner 528670
yllcorner 5.07688e+06
cellsize 35
NODATA_value -9999
[rows 68 to 101 of 262, columns 154 to 230 of 286]
5.54933e-05 5.52992e-05 5.53603e-05 5.55001e-05 5.5485e-05 5.54823e-05 5.55118e-05 5.55191e-05 5.55201e-05 5.55196e-05 5.5515e-05 5.5516e-05 5.55213e-05 5.55221e-05 5.54546e-05 0 0 0 0 0 0 0 0 0 0 0 0 0 0 0 0 0 0 0 0 0 0 0 0 0 0 0 0 0 0 0 0 0 0 0 0 0 0 0 0 0 0 0 0 0 0 0 0 0 0 0 0 0 0 0 0 0 0 0 0 0 0
5.55023e-05 5.57054e-05 5.56381e-05 5.54811e-05 5.54074e-05 5.54157e-05 5.53779e-05 5.5503e-05 5.55142e-05 5.55235e-05 5.5524e-05 5.55147e-05 5.55221e-05 5.55212e-05 5.5524e-05 5.54526e-05 0 0 0 0 0 0 0 0 0 0 0 0 0 0 0 0 0 0 0 0 0 0 0 0 0 0 0 0 0 0 0 0 0 0 0 0 0 0 0 0 0 0 0 0 0 0 0 0 0 0 0 0 0 0 0 0 0 0 0 0 0
5.55046e-05 5.55066e-05 5.55328e-05 5.5545e-05 5.56389e-05 5.56397e-05 5.56506e-05 5.55146e-05 5.55015e-05 5.55042e-05 5.55194e-05 5.55215e-05 5.55221e-05 5.55204e-05 5.55244e-05 5.55212e-05 5.54558e-05 0 0 0 0 0 0 0 0 0 0 0 0 0 0 0 0 0 0 0 0 0 0 0 0 0 0 0 0 0 0 0 0 0 0 0 0 0 0 0 0 0 0 0 0 0 0 0 0 0 0 0 0 0 0 0 0 0 0 0 0
5.55046e-05 5.54993e-05 5.55065e-05 5.55076e-05 5.5507e-05 5.55148e-05 5.5517e-05 5.55321e-05 5.5537e-05 5.55312e-05 5.53937e-05 5.53804e-05 5.5506e-05 5.55083e-05 5.55173e-05 5.55212e-05 5.55164e-05 5.54653e-05 0 0 0 0 0 0 0 0 0 0 0 0 0 0 0 0 0 0 0 0 0 0 0 0 0 0 0 0 0 0 0 0 0 0 0 0 0 0 0 0 0 0 0 0 0 0 0 0 0 0 0 0 0 0 0 0 0 0 0
5.55044e-05 5.551e-05 5.5513e-05 5.55112e-05 5.55161e-05 5.55026e-05 5.55025e-05 5.54984e-05 5.55186e-05 5.54143e-05 7.65507e-05 5.54974e-05 5.53727e-05 5.53721e-05 5.53643e-05 5.53696e-05 5.53824e-05 5.55076e-05 5.54821e-05 0 0 0 0 0 0 0 0 0 0 0 0 0 0 0 0 0 0 0 0 0 0 0 0 0 0 0 0 0 0 0 0 0 0 0 0 0 0 0 0 0 0 0 0 0 0 0 0 0 0 0 0 0 0 0 0 0 0
5.54818e-05 5.55027e-05 5.55108e-05 5.5508e-05 5.54932e-05 5.53696e-05 5.53578e-05 5.54291e-05 7.64611e-05 7.66654e-05 7.6711e-05 7.66488e-05 7.6652e-05 7.66606e-05 7.66606e-05 7.6646e-05 7.65662e-05 5.53775e-05 5.54375e-05 0 0 0 0 0 0 0 0 0 0 0 0 0 0 0 0 0 0 0 0 0 0 0 0 0 0 0 0 0 0 0 0 0 0 0 0 0 0 0 0 0 0 0 0 0 0 0 0 0 0 0 0 0 0 0 0 0 0
5.55129e-05 5.55009e-05 5.55072e-05 5.53501e-05 5.53623e-05 5.55117e-05 5.55729e-05 7.66521e-05 7.66821e-05 7.67254e-05 7.67049e-05 7.67103e-05 7.67048e-05 7.67075e-05 7.67048e-05 7.67144e-05 7.66691e-05 5.55051e-05 5.53629e-05 5.53945e-05 0 0 0 0 0 0 0 0 0 0 0 0 0 0 0 0 0 0 0 0 0 0 0 0 0 0 0 0 0 0 0 0 0 0 0 0 0 0 0 0 0 0 0 0 0 0 0 0 0 0 0 0 0 0 0 0 0
5.55136e-05 5.55053e-05 5.5328e-05 5.55379e-05 5.55132e-05 5.55777e-05 7.66378e-05 7.67063e-05 7.66986e-05 7.67043e-05 7.6702e-05 7.67086e-05 7.67047e-05 7.67146e-05 7.6713e-05 7.67093e-05 7.67089e-05 7.66579e-05 7.66871e-05 7.66378e-05 5.54674e-05 0 0 0 0 0 0 0 0 0 0 0 0 0 0 0 0 0 0 0 0 0 0 0 0 0 0 0 0 0 0 0 0 0 0 0 0 0 0 0 0 0 0 0 0 0 0 0 0 0 0 0 0 0 0 0 0
5.54994e-05 5.53611e-05 5.53419e-05 5.56783e-05 5.55124e-05 5.55615e-05 7.67004e-05 7.67036e-05 7.66961e-05 7.66985e-05 7.67003e-05 7.67615e-05 7.69713e-05 7.69727e-05 7.69829e-05 7.69929e-05 7.69813e-05 7.67856e-05 7.67446e-05 7.66548e-05 5.52977e-05 0 0 0 0 0 0 0 0 0 0 0 0 0 0 0 0 0 0 0 0 0 0 0 0 0 0 0 0 0 0 0 0 0 0 0 0 0 0 0 0 0 0 0 0 0 0 0 0 0 0 0 0 0 0 0 0
5.53475e-05 5.53532e-05 5.54938e-05 5.56721e-05 5.55106e-05 5.55418e-05 7.67179e-05 7.67256e-05 7.69687e-05 7.69833e-05 7.69748e-05 7.68883e-05 7.65073e-05 7.66807e-05 7.666e-05 7.67003e-05 7.67159e-05 7.67206e-05 7.66711e-05 7.66639e-05 7.63726e-05 5.55528e-05 0 0 0 0 0 0 0 0 0 0 0 0 0 0 0 0 0 0 0 0 0 0 0 0 0 0 0 0 0 0 0 0 0 0 0 0 0 0 0 0 0 0 0 0 0 0 0 0 0 0 0 0 0 0 0
5.5518e-05 5.53516e-05 5.56439e-05 5.55359e-05 5.55682e-05 7.66547e-05 7.69708e-05 7.69547e-05 7.67243e-05 7.67127e-05 7.67142e-05 7.67499e-05 7.69343e-05 7.67501e-05 7.67361e-05 7.64572e-05 7.64436e-05 7.66528e-05 7.67249e-05 7.67215e-05 7.67133e-05 7.65128e-05 0 0 0 0 0 0 0 0 0 0 0 0 0 0 0 0 0 0 0 0 0 0 0 0 0 0 0 0 0 0 0 0 0 0 0 0 0 0 0 0 0 0 0 0 0 0 0 0 0 0 0 0 0 0 0
5.5482e-05 5.53797e-05 5.56383e-05 5.55142e-05 5.56369e-05 5.57429e-05 7.64516e-05 7.64865e-05 7.6705e-05 7.6701e-05 7.67024e-05 7.67007e-05 7.66976e-05 7.64703e-05 7.64667e-05 7.67055e-05 7.67161e-05 7.67058e-05 7.67152e-05 7.67131e-05 7.67183e-05 7.64628e-05 7.67688e-05 0 0 0 0 0 0 0 0 0 0 0 0 0 0 0 0 0 0 0 0 0 0 0 0 0 0 0 0 0 0 0 0 0 0 0 0 0 0 0 0 0 0 0 0 0 0 0 0 0 0 0 0 0 0
5.54734e-05 5.55226e-05 5.5524e-05 5.55031e-05 5.53717e-05 5.5433e-05 7.66634e-05 7.66444e-05 7.64436e-05 7.66725e-05 7.66652e-05 7.64283e-05 7.64196e-05 7.66815e-05 7.67129e-05 7.67194e-05 7.67103e-05 7.67107e-05 7.67215e-05 7.67168e-05 7.67201e-05 7.67369e-05 7.63278e-05 0 0 0 0 0 0 0 0 0 0 0 0 0 0 0 0 0 0 0 0 0 0 0 0 0 0 0 0 0 0 0 0 0 0 0 0 0 0 0 0 0 0 0 0 0 0 0 0 0 0 0 0 0 0
5.54873e-05 5.55236e-05 5.55024e-05 5.55145e-05 5.56465e-05 5.57135e-05 7.69863e-05 7.69428e-05 7.67468e-05 7.64637e-05 7.64415e-05 7.66919e-05 7.67059e-05 7.67229e-05 7.67128e-05 7.67139e-05 7.67038e-05 7.67188e-05 7.67203e-05 7.67328e-05 7.67445e-05 7.67524e-05 7.68087e-05 0 0 0 0 0 0 0 0 0 0 0 0 0 0 0 0 0 0 0 0 0 0 0 0 0 0 0 0 0 0 0 0 0 0 0 0 0 0 0 0 0 0 0 0 0 0 0 0 0 0 0 0 0 0
5.56423e-05 5.56466e-05 5.5648e-05 5.56461e-05 5.5526e-05 5.55552e-05 7.67026e-05 7.6424e-05 7.66528e-05 7.6673e-05 7.67416e-05 7.67141e-05 7.67042e-05 7.67065e-05 7.67039e-05 7.67124e-05 7.67341e-05 7.67689e-05 7.69499e-05 7.69653e-05 7.69461e-05 7.67481e-05 7.62585e-05 7.67316e-05 0 0 0 0 0 0 0 0 0 0 0 0 0 0 0 0 0 0 0 0 0 0 0 0 0 0 0 0 0 0 0 0 0 0 0 0 0 0 0 0 0 0 0 0 0 0 0 0 0 0 0 0 0
5.538e-05 5.53772e-05 5.53937e-05 5.55085e-05 5.55062e-05 5.55423e-05 7.64262e-05 7.66794e-05 7.66992e-05 7.66728e-05 7.66839e-05 7.66894e-05 7.67018e-05 7.67175e-05 7.67415e-05 7.67469e-05 7.69468e-05 7.69274e-05 7.67126e-05 7.6479e-05 7.64762e-05 7.66628e-05 7.66437e-05 7.65979e-05 0 0 0 0 0 0 0 0 0 0 0 0 0 0 0 0 0 0 5.54237e-05 5.54313e-05 5.54684e-05 5.53677e-05 0 0 0 0 0 0 0 0 0 0 0 0 0 0 0 0 0 0 0 0 0 0 0 0 0 0 0 0 0 0 0
5.56337e-05 5.54837e-05 5.54553e-05 5.53525e-05 5.53435e-05 5.54125e-05 7.66927e-05 7.66813e-05 7.66909e-05 7.66981e-05 7.67373e-05 7.69274e-05 7.67466e-05 7.69142e-05 7.67363e-05 7.67187e-05 7.64683e-05 7.64494e-05 7.64984e-05 7.69057e-05 7.67718e-05 7.69448e-05 7.69647e-05 7.65769e-05 0 0 0 0 0 0 0 0 0 0 0 0 0 0 0 5.53586e-05 5.54386e-05 5.54606e-05 5.56365e-05 5.5516e-05 5.55265e-05 5.53598e-05 5.54315e-05 5.55994e-05 5.54284e-05 5.54376e-05 5.54412e-05 5.53624e-05 0 0 0 0 0 0 0 0 0 0 0 0 0 0 0 0 0 0 0 0 0 0 0 0 0
5.55375e-05 5.56673e-05 5.56553e-05 5.55118e-05 5.55119e-05 5.55679e-05 7.67e-05 7.67534e-05 7.6974e-05 7.69697e-05 7.69364e-05 7.67605e-05 7.69449e-05 7.6767e-05 7.69281e-05 7.69344e-05 7.69702e-05 7.69919e-05 7.69801e-05 7.6795e-05 7.69374e-05 7.67689e-05 7.67499e-05 7.64309e-05 7.67879e-05 0 0 0 0 0 0 0 0 0 0 0 0 5.53559e-05 5.54378e-05 5.5504e-05 5.55121e-05 5.54922e-05 5.55234e-05 5.56623e-05 5.55039e-05 5.53717e-05 5.55006e-05 5.56748e-05 5.54892e-05 5.55189e-05 5.55173e-05 5.55053e-05 5.54295e-05 5.54469e-05 5.5368e-05 0 0 0 0 0 0 0 0 0 0 0 0 0 0 0 0 0 0 0 0 0 0
5.55126e-05 5.55098e-05 5.55139e-05 5.5659e-05 5.57229e-05 7.69232e-05 7.69651e-05 7.69133e-05 7.66995e-05 7.66988e-05 7.66965e-05 7.66894e-05 7.66993e-05 7.67103e-05 7.67106e-05 7.67127e-05 7.67192e-05 7.67076e-05 7.67252e-05 7.6716e-05 7.672e-05 7.67228e-05 7.67283e-05 7.64039e-05 7.64972e-05 7.67006e-05 7.67379e-05 7.65787e-05 7.65741e-05 7.65779e-05 5.55081e-05 5.54482e-05 5.54434e-05 5.54407e-05 5.54377e-05 5.54412e-05 5.54533e-05 5.55278e-05 5.55213e-05 5.55195e-05 5.55219e-05 5.5516e-05 5.54736e-05 5.5709e-05 5.53305e-05 5.54785e-05 5.55137e-05 5.56621e-05 5.55034e-05 5.55121e-05 5.5514e-05 5.55018e-05 5.55149e-05 5.54935e-05 5.54988e-05 5.54486e-05 5.5461e-05 5.5361e-05 0 0 0 0 0 0 0 0 0 0 0 0 0 0 0 0 0 0 0
5.55288e-05 5.55116e-05 5.55074e-05 5.55101e-05 5.55676e-05 7.66926e-05 7.67045e-05 7.66957e-05 7.66797e-05 7.66927e-05 7.6705e-05 7.6703e-05 7.66862e-05 7.66956e-05 7.67083e-05 7.67117e-05 7.67083e-05 7.67026e-05 7.67259e-05 7.67027e-05 7.67211e-05 7.67192e-05 7.67236e-05 7.61264e-05 7.66764e-05 7.64433e-05 7.64689e-05 7.69521e-05 7.67331e-05 7.67224e-05 5.55803e-05 5.55125e-05 5.55169e-05 5.55246e-05 5.55166e-05 5.551e-05 5.55006e-05 5.5511e-05 5.55248e-05 5.56402e-05 5.55399e-05 5.55334e-05 5.5494e-05 5.55374e-05 5.56186e-05 5.53683e-05 5.55095e-05 5.56485e-05 5.55214e-05 5.5513e-05 5.54982e-05 5.5519e-05 5.55006e-05 5.53563e-05 5.5621e-05 5.55563e-05 5.55094e-05 5.54983e-05 5.54494e-05 5.54473e-05 5.54401e-05 5.54248e-05 5.53273e-05 5.55763e-05 5.54519e-05 5.54444e-05 5.54463e-05 5.53714e-05 0 0 0 0 0 0 0 0 0
5.5522e-05 5.55151e-05 5.55054e-05 5.55037e-05 5.55769e-05 7.66926e-05 7.66894e-05 7.67059e-05 7.67212e-05 7.66961e-05 7.66856e-05 7.67031e-05 7.67204e-05 7.67121e-05 7.67083e-05 7.6709e-05 7.67012e-05 7.67087e-05 7.67202e-05 7.67351e-05 7.67189e-05 7.67164e-05 7.62008e-05 7.66919e-05 7.67253e-05 7.67137e-05 7.67037e-05 7.6464e-05 7.67064e-05 5.56565e-05 5.55278e-05 5.55261e-05 5.55287e-05 5.55373e-05 5.55434e-05 5.55235e-05 5.54985e-05 5.5492e-05 5.54868e-05 5.53722e-05 5.55006e-05 5.5524e-05 5.55084e-05 5.56369e-05 5.53881e-05 5.54918e-05 5.57139e-05 5.54309e-05 5.55249e-05 5.55113e-05 5.55073e-05 5.5497e-05 5.53813e-05 5.54756e-05 5.56667e-05 5.55073e-05 5.54805e-05 5.55201e-05 5.55244e-05 5.55126e-05 5.55075e-05 5.5497e-05 5.55145e-05 5.55463e-05 5.55255e-05 5.55147e-05 5.55152e-05 5.54419e-05 0 0 0 0 0 0 0 0 0
5.54998e-05 5.5517e-05 5.5506e-05 5.55036e-05 5.56321e-05 7.66989e-05 7.66879e-05 7.66931e-05 7.66993e-05 7.67136e-05 7.67137e-05 7.66792e-05 7.66545e-05 7.66846e-05 7.67057e-05 7.6706e-05 7.6715e-05 7.67168e-05 7.67288e-05 7.67226e-05 7.67253e-05 7.67145e-05 7.6379e-05 7.67248e-05 7.67319e-05 7.67346e-05 7.67364e-05 7.6718e-05 7.67166e-05 5.55991e-05 5.5666e-05 5.56747e-05 5.56714e-05 5.56471e-05 5.56313e-05 5.56702e-05 5.55554e-05 5.55172e-05 5.55175e-05 5.5501e-05 5.54828e-05 5.54862e-05 5.55219e-05 5.55292e-05 5.54927e-05 5.5632e-05 5.53848e-05 5.56386e-05 5.55219e-05 5.54857e-05 5.552e-05 5.54934e-05 5.53486e-05 5.55264e-05 5.5653e-05 5.54874e-05 5.55063e-05 5.55087e-05 5.55266e-05 5.55052e-05 5.55104e-05 5.55031e-05 5.55261e-05 5.54982e-05 5.54943e-05 5.56395e-05 5.56586e-05 5.53871e-05 5.54807e-05 0 0 0 0 0 0 0 0
5.53632e-05 5.54889e-05 5.55008e-05 5.56258e-05 7.66968e-05 7.67034e-05 7.67002e-05 7.6689e-05 7.66959e-05 7.67044e-05 7.67058e-05 7.67309e-05 7.67488e-05 7.66815e-05 7.64457e-05 7.64477e-05 7.64636e-05 7.67101e-05 7.67134e-05 7.64432e-05 7.64318e-05 7.61895e-05 7.66871e-05 7.67372e-05 7.67309e-05 7.67357e-05 7.67737e-05 7.6988e-05 7.69888e-05 5.57246e-05 5.55375e-05 5.55194e-05 5.55093e-05 5.55124e-05 5.55345e-05 5.5517e-05 5.56357e-05 5.56728e-05 5.56788e-05 5.56713e-05 5.55229e-05 5.56573e-05 5.56517e-05 5.56623e-05 5.55316e-05 5.55231e-05 5.56197e-05 5.5525e-05 5.54858e-05 5.54974e-05 5.55208e-05 5.54807e-05 5.53669e-05 5.56253e-05 5.55516e-05 5.54626e-05 5.54132e-05 5.56328e-05 5.55091e-05 5.55039e-05 5.55106e-05 5.55238e-05 5.56379e-05 5.56696e-05 5.56723e-05 5.55531e-05 5.53808e-05 5.53646e-05 5.55402e-05 0 0 0 0 0 0 0 0
5.55068e-05 5.53607e-05 5.54083e-05 7.66349e-05 7.66857e-05 7.66836e-05 7.67163e-05 7.67019e-05 7.66933e-05 7.67015e-05 7.67053e-05 7.67034e-05 7.67094e-05 7.67525e-05 7.69859e-05 7.69693e-05 7.69341e-05 7.64395e-05 7.64225e-05 7.67059e-05 7.671e-05 7.64238e-05 7.6668e-05 7.69465e-05 7.6988e-05 7.69866e-05 7.69388e-05 7.67309e-05 7.67137e-05 5.55673e-05 5.54766e-05 5.55116e-05 5.55209e-05 5.55275e-05 5.55151e-05 5.55179e-05 5.55173e-05 5.55088e-05 5.55022e-05 5.55202e-05 5.56563e-05 5.54947e-05 5.53557e-05 5.53658e-05 5.55215e-05 5.55256e-05 5.56595e-05 5.5502e-05 5.54775e-05 5.55407e-05 5.55082e-05 5.5366e-05 5.54423e-05 5.57072e-05 5.55147e-05 5.53451e-05 5.55147e-05 5.56495e-05 5.54991e-05 5.55268e-05 5.56708e-05 5.56496e-05 5.55398e-05 5.55157e-05 5.5513e-05 5.53705e-05 5.53682e-05 5.5478e-05 5.55174e-05 5.54101e-05 0 0 0 0 0 0 0
5.57022e-05 5.57526e-05 7.68987e-05 7.67477e-05 7.66884e-05 7.66744e-05 7.6705e-05 7.67121e-05 7.67022e-05 7.66993e-05 7.67052e-05 7.67041e-05 7.67085e-05 7.67092e-05 7.67089e-05 7.67053e-05 7.64562e-05 7.67026e-05 7.67207e-05 7.67253e-05 7.67384e-05 7.66859e-05 7.6417e-05 7.67804e-05 7.67367e-05 7.67085e-05 7.64643e-05 7.64228e-05 7.64321e-05 5.54391e-05 5.54162e-05 5.53896e-05 5.53893e-05 5.54803e-05 5.54808e-05 5.54688e-05 5.53693e-05 5.54801e-05 5.53964e-05 5.54639e-05 5.55573e-05 5.55754e-05 5.56548e-05 5.54973e-05 5.54638e-05 5.5497e-05 5.56671e-05 5.55045e-05 5.55197e-05 5.54886e-05 5.53041e-05 5.55126e-05 5.56498e-05 5.55151e-05 5.54918e-05 5.53463e-05 5.55117e-05 5.56548e-05 5.55163e-05 5.5613e-05 5.54953e-05 5.55118e-05 5.55045e-05 5.53797e-05 5.53518e-05 5.53513e-05 5.55238e-05 5.54933e-05 5.55136e-05 5.56774e-05 5.53648e-05 0 0 0 0 0 0
7.67032e-05 7.67136e-05 7.6686e-05 7.66815e-05 7.66737e-05 7.66689e-05 7.66854e-05 7.67076e-05 7.67055e-05 7.67046e-05 7.67054e-05 7.67074e-05 7.67066e-05 7.67075e-05 7.64301e-05 7.62122e-05 7.69397e-05 7.67143e-05 7.67393e-05 7.67376e-05 7.66974e-05 7.6718e-05 7.67368e-05 7.64076e-05 7.66702e-05 7.64379e-05 7.66837e-05 7.67224e-05 7.67144e-05 7.66674e-05 5.56014e-05 5.5638e-05 5.56345e-05 5.55449e-05 5.56144e-05 5.55681e-05 5.55081e-05 5.53745e-05 5.54594e-05 5.53761e-05 7.63557e-05 7.64568e-05 7.65012e-05 5.55519e-05 5.5502e-05 5.55233e-05 5.56519e-05 5.54965e-05 5.5483e-05 5.54806e-05 5.53417e-05 5.5527e-05 5.56458e-05 5.55278e-05 5.5457e-05 5.5381e-05 5.54803e-05 5.57071e-05 5.56193e-05 5.53974e-05 5.53657e-05 5.53552e-05 5.53605e-05 5.54817e-05 5.54907e-05 5.53975e-05 5.56593e-05 5.53568e-05 5.55116e-05 5.56829e-05 5.55181e-05 5.53647e-05 0 0 0 0 0
7.64418e-05 7.66317e-05 7.64573e-05 7.64396e-05 7.6439e-05 7.64546e-05 7.66559e-05 7.66896e-05 7.67045e-05 7.67069e-05 7.67063e-05 7.66608e-05 7.64149e-05 7.64073e-05 7.64121e-05 7.69506e-05 7.67736e-05 7.67437e-05 7.67311e-05 7.66925e-05 7.67061e-05 7.67448e-05 7.67125e-05 7.61311e-05 7.64914e-05 7.67199e-05 7.6929e-05 7.67707e-05 7.67271e-05 7.67037e-05 7.66409e-05 5.54666e-05 5.55256e-05 5.53613e-05 7.63509e-05 7.64585e-05 7.66191e-05 7.66528e-05 7.6633e-05 7.66455e-05 7.66893e-05 7.66463e-05 7.66482e-05 7.66237e-05 5.55431e-05 5.56568e-05 5.55027e-05 5.54836e-05 5.55023e-05 5.54836e-05 5.53489e-05 5.56557e-05 5.55306e-05 5.54922e-05 5.53319e-05 5.54995e-05 5.56702e-05 5.55038e-05 5.53858e-05 5.54886e-05 5.5506e-05 5.55059e-05 5.55055e-05 5.53673e-05 5.5501e-05 5.56443e-05 5.5513e-05 5.53541e-05 5.55184e-05 5.56772e-05 5.55292e-05 5.55177e-05 5.5363e-05 0 0 0 0
7.69163e-05 7.67347e-05 7.69297e-05 7.69629e-05 7.69192e-05 7.66967e-05 7.64602e-05 7.64172e-05 7.64255e-05 7.64184e-05 7.63765e-05 7.64816e-05 7.65039e-05 7.69537e-05 7.64376e-05 7.69985e-05 7.6712e-05 7.66891e-05 7.66668e-05 7.67175e-05 7.67377e-05 7.6731e-05 7.6716e-05 7.64318e-05 7.67405e-05 7.67018e-05 7.64967e-05 7.66899e-05 7.67196e-05 7.67103e-05 7.66791e-05 7.66194e-05 7.64947e-05 7.66354e-05 7.66939e-05 7.66989e-05 7.67002e-05 7.66815e-05 7.6683e-05 7.66875e-05 7.67131e-05 7.66889e-05 7.6698e-05 7.66991e-05 7.66125e-05 7.68357e-05 5.55405e-05 5.54975e-05 5.5513e-05 5.53422e-05 5.54798e-05 5.56768e-05 5.54864e-05 5.54648e-05 5.53439e-05 5.56357e-05 5.55453e-05 5.55031e-05 5.54977e-05 5.55055e-05 5.55057e-05 5.55062e-05 5.54971e-05 5.53612e-05 5.55423e-05 5.56282e-05 5.54718e-05 5.54006e-05 5.56528e-05 5.55156e-05 5.54943e-05 5.55038e-05 5.55254e-05 5.54581e-05 5.54541e-05 0 0
7.64232e-05 7.64215e-05 7.6427e-05 7.64548e-05 7.67579e-05 7.69714e-05 7.69816e-05 7.69505e-05 7.66948e-05 7.66981e-05 7.64419e-05 7.67165e-05 7.69319e-05 7.67312e-05 7.66496e-05 7.67609e-05 7.67515e-05 7.67085e-05 7.67065e-05 7.67215e-05 7.67155e-05 7.67177e-05 7.63981e-05 7.66945e-05 7.67365e-05 7.67146e-05 7.66779e-05 7.66727e-05 7.66994e-05 7.67047e-05 7.67199e-05 7.67194e-05 7.66977e-05 7.66992e-05 7.67021e-05 7.66931e-05 7.66936e-05 7.6726e-05 7.66748e-05 7.66684e-05 7.66756e-05 7.66647e-05 7.66831e-05 7.66779e-05 7.66587e-05 7.66649e-05 7.68619e-05 5.55014e-05 5.54773e-05 5.53344e-05 5.55181e-05 5.5642e-05 5.54908e-05 5.53687e-05 5.5462e-05 5.56758e-05 5.5506e-05 5.54873e-05 5.54993e-05 5.55005e-05 5.55058e-05 5.55017e-05 5.54978e-05 5.53562e-05 5.56585e-05 5.55066e-05 5.53835e-05 5.56094e-05 5.55456e-05 5.55131e-05 5.5525e-05 5.55472e-05 5.55308e-05 5.55101e-05 5.54047e-05 0 0
7.66797e-05 7.66845e-05 7.67145e-05 7.66865e-05 7.64204e-05 7.6653e-05 7.67031e-05 7.6723e-05 7.64346e-05 7.66859e-05 7.69352e-05 7.64437e-05 7.69619e-05 7.67162e-05 7.67072e-05 7.6705e-05 7.666e-05 7.66981e-05 7.67288e-05 7.67456e-05 7.67484e-05 7.70799e-05 7.64125e-05 7.67169e-05 7.67408e-05 7.67334e-05 7.66853e-05 7.66866e-05 7.67207e-05 7.67007e-05 7.6699e-05 7.6699e-05 7.67037e-05 7.66961e-05 7.6699e-05 7.67244e-05 7.67378e-05 7.66874e-05 7.67027e-05 7.6727e-05 7.66853e-05 7.66693e-05 7.66638e-05 7.66733e-05 7.66768e-05 7.66555e-05 7.6892e-05 5.54946e-05 5.54883e-05 5.53367e-05 5.56465e-05 5.55172e-05 5.54818e-05 5.54619e-05 5.55305e-05 5.5651e-05 5.55237e-05 5.54947e-05 5.54977e-05 5.5505e-05 5.55148e-05 5.54879e-05 5.54982e-05 5.53739e-05 5.56588e-05 5.53723e-05 5.56107e-05 5.55252e-05 5.55616e-05 5.56579e-05 5.56388e-05 5.55027e-05 5.54963e-05 5.54831e-05 5.53647e-05 5.53759e-05 0
7.67347e-05 7.69034e-05 7.693e-05 7.66655e-05 7.66923e-05 7.64706e-05 7.64269e-05 7.61309e-05 7.66978e-05 7.67174e-05 7.6741e-05 7.68874e-05 7.67176e-05 7.67194e-05 7.671e-05 7.66973e-05 7.66896e-05 7.673e-05 7.69719e-05 7.66799e-05 7.66688e-05 7.60468e-05 7.67106e-05 7.67055e-05 7.67319e-05 7.67374e-05 7.67176e-05 7.67291e-05 7.66173e-05 7.67001e-05 7.67079e-05 7.66853e-05 7.6953e-05 7.64364e-05 7.6696e-05 7.69024e-05 7.66618e-05 7.67028e-05 7.66909e-05 7.66584e-05 7.67212e-05 7.69424e-05 7.67257e-05 7.67517e-05 7.67236e-05 7.69149e-05 7.71031e-05 5.55173e-05 5.54911e-05 5.53408e-05 5.56761e-05 5.55053e-05 5.54627e-05 5.55344e-05 5.55394e-05 5.53847e-05 5.54911e-05 5.54967e-05 5.54975e-05 5.55052e-05 5.54732e-05 5.53892e-05 5.55131e-05 5.5596e-05 5.55318e-05 5.53702e-05 5.56319e-05 5.55353e-05 5.56044e-05 5.53878e-05 5.53822e-05 5.5489e-05 5.55031e-05 5.55149e-05 5.55074e-05 5.54424e-05 0
5.55441e-05 5.5555e-05 7.64136e-05 7.67237e-05 7.66842e-05 7.6686e-05 7.66936e-05 7.64043e-05 7.66955e-05 7.67119e-05 7.67403e-05 7.69159e-05 7.67107e-05 7.67094e-05 7.66949e-05 7.67052e-05 7.67029e-05 7.66929e-05 7.64529e-05 7.67206e-05 7.67016e-05 7.64014e-05 7.69564e-05 7.69885e-05 7.67262e-05 7.67268e-05 7.69624e-05 7.64846e-05 7.66781e-05 7.67418e-05 7.67387e-05 7.66729e-05 7.69578e-05 7.64483e-05 7.66789e-05 7.64676e-05 7.66708e-05 7.66966e-05 7.69157e-05 7.69429e-05 7.69144e-05 7.67016e-05 7.69252e-05 7.69015e-05 7.6908e-05 7.67289e-05 7.67272e-05 7.68082e-05 5.55148e-05 5.55208e-05 5.56296e-05 5.53363e-05 5.56215e-05 5.55265e-05 5.55965e-05 5.56131e-05 5.54618e-05 5.54932e-05 5.55241e-05 5.55005e-05 5.54933e-05 5.54796e-05 5.53807e-05 5.56062e-05 5.55312e-05 5.54776e-05 5.55435e-05 5.54923e-05 5.53706e-05 5.54833e-05 5.54992e-05 5.5517e-05 5.55413e-05 5.54997e-05 5.55198e-05 5.5521e-05 5.536e-05
5.56293e-05 5.53866e-05 5.55935e-05 7.66976e-05 7.66919e-05 7.66947e-05 7.66922e-05 7.6412e-05 7.66849e-05 7.67116e-05 7.69147e-05 7.67487e-05 7.67016e-05 7.671e-05 7.67087e-05 7.67055e-05 7.67144e-05 7.67349e-05 7.67296e-05 7.69624e-05 7.69566e-05 7.69305e-05 7.64411e-05 7.64678e-05 7.69557e-05 7.6738e-05 7.69499e-05 7.6485e-05 7.67146e-05 7.66969e-05 7.6686e-05 7.66965e-05 7.67726e-05 7.66337e-05 7.67141e-05 7.66813e-05 7.69697e-05 7.69482e-05 7.67282e-05 7.66977e-05 7.66762e-05 7.66832e-05 7.66653e-05 7.66469e-05 7.66026e-05 7.64175e-05 7.64137e-05 7.67057e-05 5.57091e-05 5.56437e-05 5.53269e-05 5.53461e-05 5.56617e-05 5.56302e-05 5.53873e-05 5.52168e-05 5.54404e-05 5.56546e-05 5.55097e-05 5.54805e-05 5.5506e-05 5.54952e-05 5.53591e-05 5.56246e-05 5.54945e-05 5.55282e-05 5.55074e-05 5.55047e-05 5.55093e-05 5.55071e-05 5.55123e-05 5.55465e-05 5.54674e-05 5.55032e-05 5.55451e-05 5.5518e-05 5.55088e-05
5.53397e-05 5.53064e-05 5.5788e-05 7.66945e-05 7.66901e-05 7.66956e-05 7.66346e-05 7.64902e-05 7.66876e-05 7.67125e-05 7.6935e-05 7.67153e-05 7.66997e-05 7.6704e-05 7.67048e-05 7.67276e-05 7.6989e-05 7.69679e-05 7.6949e-05 7.67553e-05 7.67667e-05 7.67781e-05 7.61614e-05 7.6967e-05 7.67472e-05 7.69645e-05 7.66953e-05 7.66831e-05 7.66661e-05 7.66869e-05 7.67007e-05 7.67281e-05 7.67079e-05 7.67252e-05 7.69718e-05 7.63689e-05 7.6404e-05 7.66812e-05 7.66677e-05 7.66647e-05 7.66832e-05 7.66679e-05 7.66299e-05 7.64589e-05 7.64259e-05 7.66361e-05 7.66466e-05 7.66685e-05 5.59124e-05 5.54576e-05 5.53386e-05 5.56526e-05 5.56431e-05 5.53868e-05 5.5477e-05 5.53222e-05 5.54908e-05 5.56582e-05 5.55017e-05 5.54806e-05 5.55082e-05 5.54934e-05 5.54813e-05 5.53217e-05 5.56968e-05 5.55127e-05 5.55003e-05 5.5509e-05 5.55006e-05 5.55067e-05 5.55054e-05 5.54788e-05 5.5335e-05 5.56669e-05 5.55319e-05 5.55031e-05 5.55211e-05
