Outputs/initial_cond/H_35m.asc
ncols 286
nrows 262
xllcorner 528670
yllcorner 5.07688e+06
cellsize 35
NODATA_value -9999
[rows 102 to 135 of 262, columns 77 to 153 of 286]
0 0 0 0 0 0 0 0 0 0 0 0 0 0 0 0 0 0 0 0 0 0 0 0 0 0 0 5.47888e-05 5.54786e-05 5.54706e-05 5.53482e-05 5.53149e-05 5.53263e-05 5.53213e-05 5.53154e-05 5.53084e-05 0.000175759 0.000176419 0.000176586 0.000176926 0.000176947 0.000176794 0.00017684 0.000176896 0.000177035 0.000177685 0.000176246 0.00017682 0.000177655 0.000177105 0.000176529 5.54528e-05 5.54695e-05 5.54755e-05 5.548e-05 5.54954e-05 5.54931e-05 5.54747e-05 5.54571e-05 5.53322e-05 5.54569e-05 5.53592e-05 5.54869e-05 5.5336e-05 5.53667e-05 5.54589e-05 5.53505e-05 5.54949e-05 5.54824e-05 5.53549e-05 5.5349e-05 5.53557e-05 5.53302e-05 5.5622e-05 5.5512e-05 5.55031e-05 5.54955e-05
0 0 0 0 0 0 0 0 0 0 0 0 0 0 0 0 0 0 0 0 0 0 0 0 0 0 0 0 0 5.54739e-05 5.5454e-05 5.53737e-05 5.54665e-05 5.54623e-05 5.54627e-05 5.54567e-05 5.55251e-05 5.53517e-05 5.53625e-05 0.00017739 0.000176116 0.000176951 0.000176968 0.000176891 0.000177002 0.000177602 0.000176225 0.000176845 0.000176963 0.00017773 0.000176654 5.5468e-05 5.54966e-05 5.54907e-05 5.54787e-05 5.54624e-05 5.54731e-05 5.54854e-05 5.5481e-05 5.55045e-05 5.53358e-05 5.52958e-05 5.56589e-05 5.53351e-05 5.56391e-05 5.54963e-05 5.54912e-05 5.54892e-05 5.54939e-05 5.54981e-05 5.55043e-05 5.5484e-05 5.53657e-05 5.56303e-05 5.55077e-05 5.54861e-05 5.54891e-05
0 0 0 0 0 0 0 0 0 0 0 0 0 0 0 0 0 0 0 0 0 0 0 0 0 0 0 0 0 0 0 5.54226e-05 5.5466e-05 5.54705e-05 5.54693e-05 5.54659e-05 5.54603e-05 5.54582e-05 5.54684e-05 0.000176583 0.000177011 0.000178147 0.000175813 0.000176621 0.00017694 0.000176991 0.00017771 0.000175997 0.000176943 0.000177769 0.00017756 0.000176062 5.54141e-05 5.54266e-05 5.5464e-05 5.54802e-05 5.53213e-05 5.56408e-05 5.54891e-05 5.54583e-05 5.55045e-05 5.53266e-05 5.56468e-05 5.53301e-05 5.56211e-05 5.54948e-05 5.54773e-05 5.54869e-05 5.54858e-05 5.54894e-05 5.54877e-05 5.54861e-05 5.54626e-05 5.55036e-05 5.55095e-05 5.55122e-05 5.55118e-05
0 0 0 0 0 0 0 0 0 0 0 0 0 0 0 0 0 0 0 0 0 0 0 0 0 0 0 0 0 0 0 0 5.5403e-05 5.54718e-05 5.54721e-05 5.54688e-05 5.54712e-05 5.54683e-05 0.000176083 0.000176984 0.000177812 0.000176873 0.000176102 0.000176866 0.00017701 0.000176434 0.000177375 0.000176974 0.000177621 0.000177016 0.000177445 0.000176834 0.000176398 0.000175909 5.54303e-05 5.54628e-05 5.54545e-05 5.54405e-05 5.54852e-05 5.54648e-05 5.54803e-05 5.53214e-05 5.55007e-05 5.56102e-05 5.5479e-05 5.5482e-05 5.54923e-05 5.54809e-05 5.54897e-05 5.549e-05 5.54884e-05 5.54847e-05 5.54804e-05 5.54942e-05 5.54884e-05 5.54923e-05 5.54754e-05
0 0 0 0 0 0 0 0 0 0 0 0 0 0 0 0 0 0 0 0 0 0 0 0 0 0 0 0 0 0 0 0 5.54036e-05 5.54847e-05 5.54727e-05 5.54682e-05 5.54869e-05 5.54962e-05 0.000176553 0.000176977 0.000176875 0.000176968 0.000176866 0.000176902 0.000176994 0.00017685 0.000176875 0.000177742 0.000177115 0.000178188 0.000177062 0.000177817 0.000177084 0.000177076 0.000176136 5.54828e-05 5.54866e-05 5.54691e-05 5.54798e-05 5.54696e-05 5.54766e-05 5.53263e-05 5.56072e-05 5.54816e-05 5.54859e-05 5.54806e-05 5.54736e-05 5.54717e-05 5.54788e-05 5.5491e-05 5.5482e-05 5.54806e-05 5.54787e-05 5.54908e-05 5.54953e-05 5.54952e-05 5.55033e-05
0 0 0 0 0 0 0 0 0 0 0 0 0 0 0 0 0 0 0 0 0 0 0 0 0 0 0 0 0 0 0 0 5.54033e-05 5.54818e-05 5.54811e-05 5.54772e-05 5.54633e-05 0.000176107 0.000176984 0.000176903 0.000176951 0.000176909 0.000176999 0.000176803 0.00017694 0.000176405 0.000177466 0.000177622 0.000177605 0.000176393 0.000176272 0.000176136 0.000176868 0.000176889 0.000176891 0.000175987 5.55628e-05 5.56235e-05 5.56228e-05 5.56292e-05 5.56234e-05 5.56289e-05 5.54732e-05 5.54806e-05 5.5481e-05 5.54796e-05 5.54795e-05 5.54561e-05 5.54977e-05 5.54905e-05 5.54848e-05 5.54861e-05 5.55051e-05 5.55113e-05 5.54904e-05 5.54851e-05 5.54925e-05
0 0 0 0 0 0 0 0 0 0 0 0 0 0 0 0 0 0 0 0 0 0 0 0 0 0 0 0 0 0 0 0 5.54186e-05 5.54425e-05 5.54635e-05 5.54508e-05 0.000175958 0.000176879 0.00017702 0.000176958 0.000177038 0.00017853 0.000176243 0.000176986 0.000176919 0.0001776 0.000176939 0.000176935 0.000176275 0.000176001 0.000176849 0.000178234 0.000177734 0.000176833 0.000176416 5.60314e-05 5.55094e-05 5.54782e-05 5.54732e-05 5.54544e-05 5.5476e-05 5.54765e-05 5.56266e-05 5.56399e-05 5.56423e-05 5.5639e-05 5.5639e-05 5.56397e-05 5.56486e-05 5.56372e-05 5.56462e-05 5.56033e-05 5.54713e-05 5.54616e-05 5.54748e-05 5.54819e-05 5.5489e-05
0 0 0 0 0 0 0 0 0 0 0 0 0 0 0 0 0 0 0 0 0 0 0 0 0 0 0 0 0 0 0 0 0 5.53985e-05 0.00017597 0.000176489 0.000176911 0.000176769 0.000177064 0.000176834 0.000176824 0.00017617 0.000177122 0.000176689 0.000176747 0.00017733 0.000177677 0.000176988 0.000176639 0.000177171 0.000177776 0.000176453 0.00017615 0.000176984 0.000176424 5.53599e-05 5.53335e-05 5.53275e-05 5.53333e-05 5.53481e-05 5.54357e-05 5.54824e-05 5.54819e-05 5.54792e-05 5.54829e-05 5.54774e-05 5.54817e-05 5.54839e-05 5.54819e-05 5.54785e-05 5.54716e-05 5.55414e-05 5.56487e-05 5.56319e-05 5.54909e-05 5.54877e-05 5.54929e-05
0 0 0 0 0 0 0 0 0 0 0 0 0 0 0 0 0 0 0 0 0 0 0 0 0 0 0 0 0 0 0 0 0 0 0.00017638 0.00017692 0.000176949 0.000176964 0.00017691 0.000176956 0.000176994 0.000176746 0.000176991 0.000177676 0.000176228 0.000177588 0.000177009 0.000176817 0.000177025 0.000177652 0.000176117 0.000176068 0.000176782 0.000176868 0.000176552 5.54633e-05 5.54644e-05 5.54691e-05 5.54665e-05 5.54489e-05 5.53394e-05 5.54395e-05 5.54777e-05 5.54816e-05 5.54746e-05 5.54828e-05 5.54786e-05 5.5488e-05 5.5482e-05 5.54831e-05 5.5477e-05 5.54709e-05 5.549e-05 5.55159e-05 5.56577e-05 5.56534e-05 5.56356e-05
0 0 0 0 0 0 0 0 0 0 0 0 0 0 0 0 0 0 0 0 0 0 0 0 0 0 0 0 0 0 0 0 0 0 0.000176423 0.000176897 0.000177298 0.000176958 0.000176943 0.000176959 0.000177028 0.000176986 0.000176823 0.000176918 0.000176708 0.000177792 0.000176895 0.000176903 0.00017787 0.000176131 0.000176911 0.000176879 0.000176957 0.000176472 5.58893e-05 5.55732e-05 5.54623e-05 5.54932e-05 5.55087e-05 5.55012e-05 5.54822e-05 5.53726e-05 5.54511e-05 5.54744e-05 5.54775e-05 5.54813e-05 5.54796e-05 5.54818e-05 5.54858e-05 5.54843e-05 5.54717e-05 5.54754e-05 5.54905e-05 5.54738e-05 5.54933e-05 5.55109e-05 5.55105e-05
0 0 0 0 0 0 0 0 0 0 0 0 0 0 0 0 0 0 0 0 0 0 0 0 0 0 0 0 0 0 0 0 0 0 0.000176456 0.000177865 0.000176471 0.000176841 0.000176923 0.00017695 0.000176955 0.000177016 0.000176764 0.000177005 0.00017698 0.000177999 0.000176529 0.000177157 0.000176171 0.000176848 0.000176842 0.000176938 0.000176971 0.00017649 5.54661e-05 5.53744e-05 5.5497e-05 5.5577e-05 5.55765e-05 5.55958e-05 5.56113e-05 5.55933e-05 5.54927e-05 5.54807e-05 5.54825e-05 5.54833e-05 5.54794e-05 5.5478e-05 5.54855e-05 5.54972e-05 5.54944e-05 5.5477e-05 5.54771e-05 5.54832e-05 5.54822e-05 5.54864e-05 5.55144e-05
0 0 0 0 0 0 0 0 0 0 0 0 0 0 0 0 0 0 0 0 0 0 0 0 0 0 0 0 0 0 0 0 0 0 0 0.000176685 0.00017703 0.00017693 0.000176899 0.000176998 0.000177058 0.000176872 0.000176761 0.000176913 0.000178177 0.000175293 0.000178087 0.000176974 0.000176781 0.000176959 0.000176929 0.000176907 0.000176927 0.000176597 5.55692e-05 5.56035e-05 5.55968e-05 5.54869e-05 5.54704e-05 5.54633e-05 5.54756e-05 5.54962e-05 5.54899e-05 5.54795e-05 5.54819e-05 5.54822e-05 5.54717e-05 5.54802e-05 5.54813e-05 5.54926e-05 5.54874e-05 5.54864e-05 5.54878e-05 5.54882e-05 5.54877e-05 5.54796e-05 5.55016e-05
0 0 0 0 0 0 0 0 0 0 0 0 0 0 0 0 0 0 0 0 0 0 0 0 0 0 0 0 0 0 0 0 0 0 0 0.000175328 0.000177481 0.000176976 0.000176857 0.000177006 0.000176401 0.00017665 0.000176928 0.000177854 0.000176929 0.000176175 0.000177838 0.000176734 0.000176881 0.000176912 0.000176998 0.000176899 0.000176541 5.58864e-05 5.54905e-05 5.54666e-05 5.54631e-05 5.54674e-05 5.54715e-05 5.54775e-05 5.54671e-05 5.54689e-05 5.54781e-05 5.54836e-05 5.54752e-05 5.54837e-05 5.548e-05 5.54818e-05 5.54806e-05 5.54841e-05 5.54923e-05 5.54816e-05 5.54813e-05 5.54914e-05 5.54927e-05 5.54888e-05 5.54971e-05
0 0 0 0 0 0 0 0 0 0 0 0 0 0 0 0 0 0 0 0 0 0 0 0 0 0 0 0 0 0 0 0 0 0 0.000175986 0.000176878 0.000176915 0.000176971 0.000177088 0.000176957 0.000177309 0.000176822 0.00017706 0.000177602 0.000176089 0.000177789 0.000176881 0.000176817 0.00017687 0.000176904 0.000176959 0.000177003 0.000176526 5.54796e-05 5.5357e-05 5.53489e-05 5.53512e-05 5.53456e-05 5.53583e-05 5.54435e-05 5.54661e-05 5.54678e-05 5.54581e-05 5.54722e-05 5.54809e-05 5.54773e-05 5.54751e-05 5.54855e-05 5.54876e-05 5.54829e-05 5.54911e-05 5.55003e-05 5.5473e-05 5.54803e-05 5.54832e-05 5.54847e-05 5.54948e-05
0 0 0 0 0 0 0 0 0 0 0 0 0 0 0 0 0 0 0 0 0 0 0 0 0 0 0 0 0 0 0 0 0 0 0.000176388 0.000176806 0.000176949 0.000176987 0.000176439 0.000176815 0.000176839 0.000176959 0.00017691 0.000177095 0.000176997 0.000176844 0.000177752 0.000176875 0.000176985 0.000176885 0.000176905 0.000176934 0.000176531 5.54812e-05 5.55862e-05 5.55827e-05 5.54359e-05 5.54765e-05 5.54694e-05 5.53947e-05 5.53874e-05 5.54524e-05 5.53036e-05 5.5292e-05 5.54679e-05 5.54584e-05 5.54453e-05 5.54665e-05 5.54957e-05 5.54939e-05 5.54869e-05 5.55026e-05 5.55065e-05 5.54874e-05 5.54845e-05 5.54863e-05 5.54935e-05
0 0 0 0 0 0 0 0 0 0 0 0 0 0 0 0 0 0 0 0 0 0 0 0 0 0 0 0 0 0 0 0 0 0 0.0001765 0.000176989 0.000176978 0.000177005 0.000177357 0.00017685 0.000177101 0.000176974 0.000176913 0.000176769 0.000177861 0.000175983 0.00017782 0.000176862 0.000176978 0.000176974 0.00017692 0.000176465 5.591e-05 5.558e-05 5.54481e-05 5.54794e-05 5.56328e-05 5.56004e-05 5.55982e-05 5.55762e-05 5.55579e-05 5.53974e-05 5.56434e-05 5.55489e-05 5.53584e-05 5.53745e-05 5.53917e-05 5.54783e-05 5.549e-05 5.54887e-05 5.54807e-05 5.54919e-05 5.54947e-05 5.54896e-05 5.54978e-05 5.54928e-05 5.54848e-05
0 0 0 0 0 0 0 0 0 0 0 0 0 0 0 0 0 0 0 0 0 0 0 0 0 0 0 0 0 0 0 0 0 0 0.000176481 0.000176875 0.000176824 0.000176904 0.000176797 0.000176832 0.000176967 0.000176432 0.000177389 0.00017683 0.000176941 0.000176848 0.000177794 0.000176824 0.000176861 0.000176975 0.000176865 0.000176564 5.54836e-05 5.54922e-05 5.54924e-05 5.54492e-05 5.54505e-05 5.54619e-05 5.54779e-05 5.54944e-05 5.54972e-05 5.55759e-05 5.53783e-05 5.54649e-05 5.5477e-05 5.54783e-05 5.5595e-05 5.55028e-05 5.54944e-05 5.54855e-05 5.54751e-05 5.54787e-05 5.54909e-05 5.54886e-05 5.54634e-05 5.53789e-05 5.53815e-05
0 0 0 0 0 0 0 0 0 0 0 0 0 0 0 0 0 0 0 0 0 0 0 0 0 0 0 0 0 0 0 0 0 0 0.00017652 0.00017687 0.000176783 0.000176743 0.000177086 0.000177703 0.000176228 0.000176971 0.000176887 0.000176822 0.000176992 0.000177108 0.000178381 0.000176999 0.000176839 0.000176893 0.000176919 0.000176789 5.55759e-05 5.54742e-05 5.54772e-05 5.54981e-05 5.54959e-05 5.54818e-05 5.54657e-05 5.54672e-05 5.54844e-05 5.55026e-05 5.56114e-05 5.56203e-05 5.56105e-05 5.54883e-05 5.53702e-05 5.53582e-05 5.53518e-05 5.53727e-05 5.54803e-05 5.54708e-05 5.54965e-05 5.54994e-05 5.54976e-05 5.54841e-05 5.54665e-05
0 0 0 0 0 0 0 0 0 0 0 0 0 0 0 0 0 0 0 0 0 0 0 0 0 0 0 0 0 0 0 0 0 0 0.000176553 0.000176891 0.00017693 0.000176937 0.000177103 0.000177739 0.00017613 0.00017681 0.000176794 0.000176881 0.000176982 0.000177656 0.000175492 0.000177791 0.000176786 0.000177012 0.000177134 0.000177231 5.54961e-05 5.54555e-05 5.54717e-05 5.54683e-05 5.54638e-05 5.54696e-05 5.54829e-05 5.54827e-05 5.54752e-05 5.54748e-05 5.54808e-05 5.5493e-05 5.54919e-05 5.54839e-05 5.54752e-05 5.54813e-05 5.54776e-05 5.54665e-05 5.53818e-05 5.55737e-05 5.54675e-05 5.53682e-05 5.53792e-05 5.54933e-05 5.54984e-05
0 0 0 0 0 0 0 0 0 0 0 0 0 0 0 0 0 0 0 0 0 0 0 0 0 0 0 0 0 0 0 0 0 0 0 0.000176239 0.000177096 0.000176959 0.000177125 0.000178271 0.000175745 0.000176908 0.000176914 0.000176975 0.00017695 0.000177532 0.00017611 0.0001778 0.000176822 0.00017698 0.000177583 0.000176418 5.5477e-05 5.53717e-05 5.53341e-05 5.53229e-05 5.53235e-05 5.53291e-05 5.53487e-05 5.54507e-05 5.54738e-05 5.54741e-05 5.54627e-05 5.53283e-05 5.53571e-05 5.56639e-05 5.54957e-05 5.54824e-05 5.54792e-05 5.54753e-05 5.54612e-05 5.52825e-05 5.53759e-05 5.54621e-05 5.54749e-05 5.54882e-05 5.54956e-05
0 0 0 0 0 0 0 0 0 0 0 0 0 0 0 0 0 0 0 0 0 0 0 0 0 0 0 0 0 0 0 0 0 0 0 0.000176291 0.000176905 0.000176909 0.000177061 0.000176957 0.00017695 0.00017698 0.000176985 0.000176909 0.000176422 0.000177439 0.000176985 0.000177749 0.000176752 0.000176847 0.000176178 0.000175754 5.54967e-05 5.55932e-05 5.56101e-05 5.56217e-05 5.56366e-05 5.5629e-05 5.54629e-05 5.53519e-05 5.53341e-05 5.53514e-05 5.53808e-05 5.5622e-05 5.5623e-05 5.54366e-05 5.56274e-05 5.56447e-05 5.56441e-05 5.56346e-05 5.55168e-05 5.54894e-05 5.55157e-05 5.5631e-05 5.56498e-05 5.56554e-05 5.56485e-05
0 0 0 0 0 0 0 0 0 0 0 0 0 0 0 0 0 0 0 0 0 0 0 0 0 0 0 0 0 0 0 0 0 0 0 0.000176285 0.000177151 0.000176964 0.000177051 0.000176942 0.000176907 0.000176878 0.000176801 0.000177092 0.000176806 0.000176414 0.000177315 0.000176545 0.00017782 0.000176888 0.000176961 0.000176436 5.53421e-05 5.54587e-05 5.54721e-05 5.54745e-05 5.54683e-05 5.54656e-05 5.56277e-05 5.56322e-05 5.56326e-05 5.56257e-05 5.56018e-05 5.54897e-05 5.54826e-05 5.54828e-05 5.54837e-05 5.54869e-05 5.549e-05 5.54939e-05 5.56188e-05 5.56368e-05 5.56289e-05 5.55152e-05 5.55014e-05 5.54957e-05 5.55017e-05
0 0 0 0 0 0 0 0 0 0 0 0 0 0 0 0 0 0 0 0 0 0 0 0 0 0 0 0 0 0 0 0 0 0 0 0.000176225 0.000176728 0.000177763 0.000178244 0.000176456 0.000176315 0.000176846 0.000177015 0.000176798 0.000176815 0.000176881 0.000176816 0.000177316 0.000177395 0.00017692 0.000176902 0.000176535 5.54346e-05 5.53307e-05 5.53471e-05 5.5312e-05 5.53166e-05 5.53256e-05 5.534e-05 5.54728e-05 5.54738e-05 5.5455e-05 5.54358e-05 5.53481e-05 5.53369e-05 5.53104e-05 5.54691e-05 5.54444e-05 5.53362e-05 5.53444e-05 5.54676e-05 5.54872e-05 5.54913e-05 5.54931e-05 5.54928e-05 5.54925e-05 5.54937e-05
0 0 0 0 0 0 0 0 0 0 0 0 0 0 0 0 0 0 0 0 0 0 0 0 0 0 0 0 0 0 0 0 0 0 0 0 0.000175889 0.00017718 0.000176435 0.000178858 0.000177354 0.00017708 0.000176941 0.000176863 0.000176869 0.000176891 0.000176887 0.000176969 0.000179337 0.000176915 0.000176963 0.000177252 5.54838e-05 5.54554e-05 5.54368e-05 5.54827e-05 5.54747e-05 5.54691e-05 5.5465e-05 5.54686e-05 5.54742e-05 5.53471e-05 5.53694e-05 5.54713e-05 5.54897e-05 5.55151e-05 5.53415e-05 5.53536e-05 5.54814e-05 5.54866e-05 5.53851e-05 5.53367e-05 5.53415e-05 5.53458e-05 5.53695e-05 5.54828e-05 5.54738e-05
0 0 0 0 0 0 0 0 0 0 0 0 0 0 0 0 0 0 0 0 0 0 0 0 0 0 0 0 0 0 0 0 0 0 0 0 0 0.000176339 0.000177181 0.000176678 0.000177917 0.0001767 0.000177443 0.000176848 0.000176851 0.000176891 0.000177039 0.000177698 0.000175868 0.000176936 0.000177046 0.000176551 5.54738e-05 5.54769e-05 5.54593e-05 5.54703e-05 5.54708e-05 5.54735e-05 5.54713e-05 5.53543e-05 5.53204e-05 5.53719e-05 5.56202e-05 5.54837e-05 5.54749e-05 5.54668e-05 5.54891e-05 5.54694e-05 5.55048e-05 5.54844e-05 5.54479e-05 5.54999e-05 5.5487e-05 5.54766e-05 5.54582e-05 5.53348e-05 5.53708e-05
0 0 0 0 0 0 0 0 0 0 0 0 0 0 0 0 0 0 0 0 0 0 0 0 0 0 0 0 0 0 0 0 0 0 0 0 0 0.000176251 0.00017692 0.000176857 0.000176661 0.000178068 0.000177222 0.000176969 0.000176878 0.000176843 0.000177269 0.000176845 0.000176953 0.000176902 0.000176849 0.000175609 5.55443e-05 5.5591e-05 5.5608e-05 5.5618e-05 5.56036e-05 5.5476e-05 5.54624e-05 5.54628e-05 5.54402e-05 5.54655e-05 5.56334e-05 5.5605e-05 5.56147e-05 5.54932e-05 5.54809e-05 5.54785e-05 5.54938e-05 5.54875e-05 5.54794e-05 5.55021e-05 5.54934e-05 5.54959e-05 5.54951e-05 5.54862e-05 5.55032e-05
0 0 0 0 0 0 0 0 0 0 0 0 0 0 0 0 0 0 0 0 0 0 0 0 0 0 0 0 0 0 0 0 0 0 0 0 0 0.00017588 0.000176805 0.000177037 0.000177225 0.000176698 0.000177042 0.00017731 0.000176936 0.000176859 0.000178282 0.00017772 0.000176972 0.000176947 0.000176158 5.59944e-05 5.54961e-05 5.55013e-05 5.54994e-05 5.54814e-05 5.54939e-05 5.56244e-05 5.56306e-05 5.56212e-05 5.56266e-05 5.56263e-05 5.54794e-05 5.55107e-05 5.55008e-05 5.56161e-05 5.56432e-05 5.56448e-05 5.56416e-05 5.56449e-05 5.56436e-05 5.56377e-05 5.56414e-05 5.56385e-05 5.5643e-05 5.56494e-05 5.5649e-05
0 0 0 0 0 0 0 0 0 0 0 0 0 0 0 0 0 0 0 0 0 0 0 0 0 0 0 0 0 0 0 0 0 0 0 0 0 0 0.00017547 0.000176934 0.000177105 0.00017702 0.000176499 0.000177041 0.000177398 0.000177012 0.000176059 0.000178516 0.000176988 0.000177043 0.000176769 5.54435e-05 5.54464e-05 5.54408e-05 5.55019e-05 5.5472e-05 5.54684e-05 5.54733e-05 5.54798e-05 5.54829e-05 5.5484e-05 5.54836e-05 5.54668e-05 5.54913e-05 5.54884e-05 5.54953e-05 5.54694e-05 5.54747e-05 5.54837e-05 5.54897e-05 5.54947e-05 5.5503e-05 5.54968e-05 5.55034e-05 5.5503e-05 5.55055e-05 5.5503e-05
0 0 0 0 0 0 0 0 0 0 0 0 0 0 0 0 0 0 0 0 0 0 0 0 0 0 0 0 0 0 0 0 0 0 0 0 0 0 0.000176811 0.00017705 0.000177822 0.00017548 5.58385e-05 5.54792e-05 5.54881e-05 0.000176952 0.000177334 0.000176036 0.000179052 0.000176765 5.58593e-05 5.53498e-05 5.53357e-05 5.53137e-05 5.54856e-05 5.54716e-05 5.54718e-05 5.54771e-05 5.54748e-05 5.54771e-05 5.54756e-05 5.54741e-05 5.54695e-05 5.54855e-05 5.54716e-05 5.5488e-05 5.55008e-05 5.54937e-05 5.54778e-05 5.54774e-05 5.54839e-05 5.54894e-05 5.54983e-05 5.54941e-05 5.54966e-05 5.54961e-05 5.54969e-05
0 0 0 0 0 0 0 0 0 0 0 0 0 0 0 0 0 0 0 0 0 0 0 0 0 0 0 0 0 0 0 0 0 0 0 0 0 0 5.58197e-05 0.000176634 0.000175926 5.52928e-05 5.54509e-05 5.54704e-05 5.54827e-05 5.54967e-05 5.54868e-05 0.000176907 0.000176173 0.000177395 5.54715e-05 5.56437e-05 5.55898e-05 5.55919e-05 5.54594e-05 5.54667e-05 5.54711e-05 5.54693e-05 5.54703e-05 5.54768e-05 5.54783e-05 5.54839e-05 5.54844e-05 5.54802e-05 5.54885e-05 5.5481e-05 5.54816e-05 5.54888e-05 5.55049e-05 5.54973e-05 5.54871e-05 5.54841e-05 5.54875e-05 5.55017e-05 5.54937e-05 5.54922e-05 5.54961e-05
0 0 0 0 0 0 0 0 0 0 0 0 0 0 0 0 0 0 0 0 0 0 0 0 0 0 0 0 0 0 0 0 0 0 0 0 0 0 5.54554e-05 5.54818e-05 5.54325e-05 5.53064e-05 5.54652e-05 5.54773e-05 5.54642e-05 5.5468e-05 5.54778e-05 5.54622e-05 5.55075e-05 5.5927e-05 5.55819e-05 5.53924e-05 5.54595e-05 5.54761e-05 5.54792e-05 5.54733e-05 5.54737e-05 5.54779e-05 5.54772e-05 5.54748e-05 5.5477e-05 5.5479e-05 5.54821e-05 5.54833e-05 5.54806e-05 5.54838e-05 5.54873e-05 5.54819e-05 5.54868e-05 5.54965e-05 5.5497e-05 5.549e-05 5.54666e-05 5.54911e-05 5.54996e-05 5.55005e-05 5.54953e-05
0 0 0 0 0 0 0 0 0 0 0 0 0 0 0 0 0 0 0 0 0 0 0 0 0 0 0 0 0 0 0 0 0 0 0 0 0 0 5.5483e-05 5.55009e-05 5.54777e-05 5.53313e-05 5.54571e-05 5.54799e-05 5.54717e-05 5.54667e-05 5.54726e-05 5.54467e-05 5.54801e-05 5.56081e-05 5.53723e-05 5.53476e-05 5.53624e-05 5.53547e-05 5.5469e-05 5.54681e-05 5.54762e-05 5.54775e-05 5.548e-05 5.54795e-05 5.54786e-05 5.54803e-05 5.54805e-05 5.54841e-05 5.5484e-05 5.54812e-05 5.54864e-05 5.54892e-05 5.54857e-05 5.54904e-05 5.54918e-05 5.55015e-05 5.55185e-05 5.54886e-05 5.54865e-05 5.5493e-05 5.53271e-05
0 0 0 0 0 0 0 0 0 0 0 0 0 0 0 0 0 0 0 0 0 0 0 0 0 0 0 0 0 0 0 0 0 0 0 0 0 0 5.54166e-05 5.54764e-05 5.54726e-05 5.53353e-05 5.54556e-05 5.547e-05 5.54768e-05 5.54811e-05 5.54629e-05 5.544e-05 5.54712e-05 5.57334e-05 5.54764e-05 5.54594e-05 5.5448e-05 5.54335e-05 5.53329e-05 5.54765e-05 5.54756e-05 5.54771e-05 5.54772e-05 5.5478e-05 5.54776e-05 5.54796e-05 5.54722e-05 5.5467e-05 5.54699e-05 5.54718e-05 5.54683e-05 5.54906e-05 5.54901e-05 5.54894e-05 5.54726e-05 5.54744e-05 5.54774e-05 5.53619e-05 5.54722e-05 5.53117e-05 4.7896e-05
0 0 0 0 0 0 0 0 0 0 0 0 0 0 0 0 0 0 0 0 0 0 0 0 0 0 0 0 0 0 0 0 0 0 0 0 0 0 0 5.54672e-05 5.54588e-05 5.53327e-05 5.54655e-05 5.54757e-05 5.54773e-05 5.54834e-05 5.54568e-05 5.54561e-05 5.54675e-05 5.54738e-05 5.56464e-05 5.54656e-05 5.54629e-05 5.54577e-05 5.54822e-05 5.53358e-05 5.53228e-05 5.54556e-05 5.53352e-05 5.53272e-05 5.53286e-05 5.53253e-05 5.53501e-05 5.53538e-05 4.78878e-05 4.7894e-05 4.79057e-05 5.53455e-05 5.54756e-05 5.54571e-05 4.80015e-05 4.79737e-05 4.7795e-05 4.81159e-05 4.7801e-05 4.80116e-05 4.80156e-05
