Outputs/initial_cond/H_50m.asc
ncols 200
nrows 183
xllcorner 528670
yllcorner 5.07688e+06
cellsize 50
NODATA_value -9999
[rows 34 to 67 of 183, columns 78 to 155 of 200]
4.74504e-06 4.7406e-06 4.69439e-06 4.65165e-06 4.68424e-06 4.76994e-06 4.61022e-06 4.57391e-06 4.57904e-06 4.69113e-06 4.77882e-06 4.62999e-06 4.56471e-06 4.47205e-06 4.55011e-06 4.56851e-06 6.4078e-06 6.52387e-06 6.44735e-06 6.44099e-06 4.60167e-06 4.4888e-06 4.50418e-06 4.52078e-06 4.60969e-06 4.68433e-06 4.68294e-06 4.61402e-06 0 0 0 0 0 0 0 0 0 0 0 0 0 0 0 0 0 0 0 0 0 0 0 0 0 0 0 0 0 0 0 0 0 0 0 0 0 0 0 0 0 0 0 0 0 0 0 0 0 0
4.62022e-06 4.6344e-06 4.65977e-06 4.67686e-06 4.66912e-06 4.6812e-06 4.76125e-06 4.7578e-06 4.70873e-06 4.54772e-06 4.65865e-06 4.72354e-06 4.65922e-06 4.6079e-06 4.52749e-06 4.50826e-06 6.41267e-06 6.48775e-06 6.42992e-06 4.68708e-06 4.64483e-06 4.72896e-06 4.65334e-06 4.54778e-06 4.49609e-06 4.56752e-06 4.46273e-06 4.51175e-06 4.40789e-06 4.69291e-06 0 0 0 0 0 0 0 0 0 0 0 0 0 0 0 0 0 0 0 0 0 0 0 0 0 0 0 0 0 0 0 0 0 0 0 0 0 0 0 0 0 0 0 0 0 0 0 0
4.50766e-06 4.65127e-06 4.67974e-06 4.64645e-06 4.62775e-06 4.60669e-06 4.61392e-06 4.59019e-06 4.67965e-06 4.75205e-06 4.64878e-06 4.72359e-06 4.8115e-06 4.62576e-06 4.39083e-06 6.3058e-06 6.38832e-06 6.51236e-06 6.3985e-06 4.69489e-06 4.73659e-06 4.56577e-06 4.66388e-06 4.78253e-06 4.78406e-06 4.72068e-06 4.662e-06 4.69766e-06 4.66888e-06 4.41663e-06 0 0 0 0 0 0 0 0 0 0 0 0 0 0 0 0 0 0 0 0 0 0 0 0 0 0 0 0 0 0 0 0 0 0 0 0 0 0 0 0 0 0 0 0 0 0 0 0
4.44966e-06 4.53314e-06 4.45088e-06 4.53844e-06 4.56205e-06 4.60601e-06 4.6487e-06 4.6569e-06 4.64181e-06 4.59659e-06 4.63671e-06 4.68581e-06 4.73289e-06 4.84566e-06 4.64436e-06 6.2377e-06 6.51701e-06 6.46047e-06 6.39982e-06 4.63629e-06 4.69243e-06 4.66039e-06 4.46364e-06 4.44441e-06 4.6927e-06 4.67531e-06 4.76148e-06 4.75308e-06 4.77448e-06 4.55469e-06 4.62134e-06 0 0 0 0 0 0 0 0 0 0 0 0 0 0 0 0 0 0 0 0 0 0 0 0 0 0 0 0 0 0 0 0 0 0 0 0 0 0 0 0 0 0 0 0 0 0 0
4.49843e-06 4.71576e-06 4.74311e-06 4.60411e-06 4.56337e-06 4.53818e-06 4.53898e-06 4.48827e-06 4.60964e-06 4.68361e-06 4.70995e-06 4.6693e-06 4.67199e-06 4.61585e-06 4.82375e-06 6.4859e-06 6.41916e-06 6.44872e-06 6.41589e-06 4.66565e-06 4.7416e-06 4.63404e-06 4.5295e-06 4.48753e-06 4.58751e-06 4.60639e-06 4.56564e-06 4.58282e-06 4.65457e-06 4.81486e-06 4.4969e-06 4.58758e-06 0 0 0 0 0 0 0 0 0 0 0 0 0 0 0 0 0 0 0 0 0 0 0 0 0 0 0 0 0 0 0 0 0 0 0 0 0 0 0 0 0 0 0 0 0 0
4.4896e-06 4.26926e-06 4.36588e-06 4.62139e-06 4.71146e-06 4.6849e-06 4.58295e-06 4.55727e-06 4.30635e-06 4.3138e-06 4.54589e-06 4.67476e-06 4.56688e-06 4.47291e-06 6.25324e-06 6.44207e-06 6.50972e-06 6.41439e-06 6.407e-06 4.67596e-06 4.68947e-06 4.63822e-06 4.61978e-06 4.67239e-06 4.60732e-06 4.56523e-06 4.54986e-06 4.5657e-06 4.63022e-06 4.64501e-06 4.70745e-06 4.58454e-06 4.5876e-06 0 0 0 0 0 0 0 0 0 0 0 0 0 0 0 0 0 0 0 0 0 0 0 0 0 0 0 0 0 0 0 0 0 0 0 0 0 0 0 0 0 0 0 0 0
4.61373e-06 4.37964e-06 4.57411e-06 4.62473e-06 4.55453e-06 4.67641e-06 4.75181e-06 4.69023e-06 4.49538e-06 4.54003e-06 4.4743e-06 4.50616e-06 4.52591e-06 4.53682e-06 6.36406e-06 6.28435e-06 6.50207e-06 6.40842e-06 6.42111e-06 4.68292e-06 4.69097e-06 4.62514e-06 4.60419e-06 4.55566e-06 4.5657e-06 4.53676e-06 4.53782e-06 4.50673e-06 4.56302e-06 4.51292e-06 4.59283e-06 4.68535e-06 4.61267e-06 4.60022e-06 0 0 0 0 0 0 0 0 0 0 0 0 0 0 0 0 0 0 0 0 0 0 0 0 0 0 0 0 0 0 0 0 0 0 0 0 0 0 0 0 0 0 0 0
4.62065e-06 4.57802e-06 4.62904e-06 4.66227e-06 4.6091e-06 4.5626e-06 4.62018e-06 4.83105e-06 4.53696e-06 4.59675e-06 4.67809e-06 4.59676e-06 4.52519e-06 6.31679e-06 6.30183e-06 6.4288e-06 6.50827e-06 6.42151e-06 6.43955e-06 4.64861e-06 4.64163e-06 4.75871e-06 4.71576e-06 4.7727e-06 4.77389e-06 4.83742e-06 4.74346e-06 4.61433e-06 4.53674e-06 4.56786e-06 4.54489e-06 4.64093e-06 4.61562e-06 4.58598e-06 4.59775e-06 0 0 0 0 0 0 0 0 0 0 0 0 0 0 0 0 0 0 0 0 0 0 0 0 0 0 0 0 0 0 0 0 0 0 0 0 0 0 0 0 0 0 0
4.67678e-06 4.64468e-06 4.60398e-06 4.59089e-06 4.62164e-06 4.6271e-06 4.58454e-06 4.50404e-06 4.79203e-06 4.59111e-06 4.59407e-06 4.72535e-06 4.51966e-06 6.19681e-06 6.31814e-06 1.48741e-05 6.52551e-06 6.391e-06 6.52219e-06 4.51992e-06 4.46022e-06 4.50246e-06 4.65711e-06 4.7091e-06 4.64708e-06 4.58402e-06 4.8162e-06 4.75254e-06 4.64204e-06 4.66797e-06 4.65647e-06 4.54733e-06 4.4695e-06 4.5735e-06 4.55298e-06 4.60411e-06 0 0 0 0 0 0 0 0 0 0 0 0 0 0 0 0 0 0 0 0 0 0 0 0 0 0 0 0 0 0 0 0 0 0 0 0 0 0 0 0 0 0
4.64656e-06 4.61572e-06 4.65244e-06 4.60235e-06 4.58203e-06 4.69113e-06 4.65809e-06 4.52844e-06 4.6009e-06 4.70185e-06 4.69845e-06 4.7127e-06 4.4735e-06 6.27104e-06 6.15663e-06 1.49612e-05 6.45239e-06 6.3896e-06 4.68587e-06 4.86727e-06 4.61547e-06 4.51148e-06 4.46252e-06 4.50912e-06 4.44944e-06 4.42484e-06 4.5818e-06 4.7981e-06 4.77124e-06 4.68326e-06 4.74435e-06 4.57969e-06 4.63618e-06 4.65173e-06 4.60906e-06 4.52841e-06 4.62487e-06 0 0 0 0 0 0 0 0 0 0 0 0 0 0 0 0 0 0 0 0 0 0 0 0 0 0 0 0 0 0 0 0 0 0 0 0 0 0 0 0 0
4.62629e-06 4.63494e-06 4.6228e-06 4.68375e-06 4.61357e-06 4.58805e-06 4.6733e-06 4.60573e-06 4.56434e-06 4.60506e-06 4.70653e-06 4.68509e-06 6.25934e-06 6.04773e-06 1.48632e-05 1.49765e-05 6.38761e-06 6.40224e-06 4.73903e-06 4.54206e-06 4.75477e-06 4.8505e-06 4.78135e-06 4.79169e-06 4.70988e-06 4.58068e-06 4.48946e-06 4.64281e-06 4.70778e-06 4.59276e-06 4.66353e-06 4.76686e-06 4.76077e-06 4.71933e-06 4.66717e-06 4.61639e-06 4.55861e-06 4.63556e-06 0 0 0 0 0 0 0 0 0 0 0 0 0 0 0 0 0 0 0 0 0 0 0 0 0 0 0 0 0 0 0 0 0 0 0 0 0 0 0 0
4.62292e-06 4.60548e-06 4.59029e-06 4.65951e-06 4.69196e-06 4.73644e-06 4.62711e-06 4.63394e-06 4.62723e-06 4.64237e-06 4.68069e-06 4.64303e-06 6.46749e-06 6.45375e-06 1.49272e-05 1.47983e-05 1.47652e-05 4.67245e-06 4.7743e-06 4.61709e-06 4.49695e-06 4.57662e-06 4.72643e-06 4.7401e-06 4.66668e-06 4.63546e-06 4.63982e-06 4.56988e-06 4.62623e-06 4.628e-06 4.6398e-06 4.67504e-06 4.57193e-06 4.64659e-06 4.72974e-06 4.68044e-06 4.57787e-06 4.59794e-06 4.63645e-06 0 0 0 0 0 0 0 0 0 0 0 0 0 0 0 0 0 0 0 0 0 0 0 0 0 0 0 0 0 0 0 0 0 0 0 0 0 0 0
4.56672e-06 4.5867e-06 4.62973e-06 4.62955e-06 4.6622e-06 4.66355e-06 4.68943e-06 4.65216e-06 4.67114e-06 4.74923e-06 4.68385e-06 4.67939e-06 6.48801e-06 1.48085e-05 1.47721e-05 1.47451e-05 1.47741e-05 4.74332e-06 4.68566e-06 4.4338e-06 4.44202e-06 4.55805e-06 4.66769e-06 4.52912e-06 4.6308e-06 4.74512e-06 4.61673e-06 4.61086e-06 4.62737e-06 4.6451e-06 4.62298e-06 4.62986e-06 4.7016e-06 4.57569e-06 4.64391e-06 4.66849e-06 4.5734e-06 4.59888e-06 4.59841e-06 0 0 0 0 0 0 0 0 0 0 0 0 0 0 0 0 0 0 0 0 0 0 0 0 0 0 0 0 0 0 0 0 0 0 0 0 0 0 0
4.59422e-06 4.57571e-06 4.56845e-06 4.555e-06 4.60696e-06 4.65251e-06 4.65027e-06 4.69627e-06 4.70675e-06 4.64858e-06 4.6325e-06 4.6407e-06 6.3937e-06 1.47325e-05 1.47793e-05 1.47718e-05 1.47612e-05 4.82793e-06 4.52316e-06 4.57668e-06 4.56878e-06 4.5026e-06 4.51759e-06 4.49238e-06 4.54859e-06 4.67488e-06 4.69503e-06 4.65418e-06 4.61542e-06 4.6643e-06 4.62771e-06 4.48312e-06 4.65457e-06 4.52144e-06 4.64639e-06 4.64386e-06 4.59618e-06 4.58574e-06 4.6189e-06 4.63229e-06 0 0 0 0 0 0 0 0 0 0 0 0 0 0 0 0 0 0 0 0 0 0 0 0 0 0 0 0 0 0 0 0 0 0 0 0 0 0
4.57263e-06 4.58524e-06 4.55707e-06 4.55718e-06 4.5423e-06 4.57085e-06 4.67329e-06 4.72292e-06 4.64144e-06 4.62609e-06 4.62581e-06 1.47493e-05 1.47393e-05 1.47761e-05 1.47316e-05 1.48389e-05 4.66649e-06 4.62985e-06 4.86385e-06 4.75371e-06 4.69728e-06 4.72874e-06 4.71851e-06 4.49122e-06 4.53171e-06 4.62124e-06 4.63484e-06 4.67954e-06 4.68636e-06 4.65959e-06 4.65652e-06 4.60107e-06 4.54653e-06 4.58372e-06 4.54062e-06 4.62242e-06 4.64955e-06 4.57706e-06 4.61246e-06 4.61907e-06 4.6376e-06 0 0 0 0 0 0 0 0 0 0 0 0 0 0 0 0 0 0 0 0 0 0 0 0 0 0 0 0 0 0 0 0 0 0 0 0 0
4.54033e-06 4.54001e-06 4.50259e-06 4.67725e-06 4.71307e-06 4.64449e-06 4.69972e-06 4.69635e-06 4.63779e-06 4.63571e-06 4.62435e-06 1.47571e-05 1.47757e-05 1.47619e-05 1.48685e-05 1.48229e-05 4.66507e-06 4.44165e-06 4.78921e-06 4.54591e-06 4.58227e-06 4.63424e-06 4.70215e-06 4.61272e-06 4.49988e-06 4.57197e-06 4.57646e-06 4.60801e-06 4.68436e-06 4.69281e-06 4.61037e-06 4.6777e-06 4.69259e-06 4.68087e-06 4.68856e-06 4.63201e-06 4.5941e-06 4.58375e-06 4.61077e-06 4.60175e-06 4.60605e-06 4.64782e-06 0 0 0 0 0 0 0 0 0 0 0 0 0 0 0 0 0 0 0 0 0 0 0 0 0 0 0 0 0 0 0 0 0 0 0 0
4.6558e-06 4.61707e-06 4.43483e-06 4.54575e-06 4.63463e-06 4.65649e-06 4.64235e-06 1.47459e-05 1.47756e-05 1.47591e-05 1.47592e-05 1.47337e-05 1.47489e-05 1.48373e-05 1.48926e-05 4.48832e-06 4.68238e-06 4.49695e-06 4.62598e-06 4.92545e-06 4.62925e-06 4.584e-06 4.52984e-06 4.56364e-06 4.5475e-06 4.5758e-06 4.55623e-06 4.53031e-06 4.61363e-06 4.62637e-06 4.65023e-06 4.60677e-06 4.64549e-06 4.54498e-06 4.5839e-06 4.64607e-06 6.26929e-06 6.23444e-06 6.24372e-06 4.495e-06 4.51342e-06 4.52143e-06 4.65409e-06 0 0 0 0 0 0 0 0 0 0 0 0 0 0 0 0 0 0 0 0 0 0 0 0 0 0 0 0 0 0 0 0 0 0 0
4.73231e-06 4.67679e-06 4.48469e-06 4.546e-06 4.47434e-06 4.56383e-06 1.4919e-05 1.475e-05 1.47583e-05 1.47437e-05 1.47375e-05 1.47743e-05 1.47968e-05 1.49033e-05 4.56783e-06 4.63295e-06 4.69047e-06 4.45808e-06 4.50597e-06 4.6895e-06 4.86682e-06 4.7472e-06 4.70733e-06 4.68254e-06 4.68775e-06 4.6183e-06 4.59679e-06 4.60447e-06 4.6058e-06 4.56601e-06 4.59412e-06 4.63131e-06 4.52386e-06 4.54399e-06 6.1952e-06 6.18917e-06 6.36968e-06 6.41246e-06 6.32935e-06 6.41359e-06 6.3112e-06 6.28971e-06 4.44696e-06 4.64106e-06 0 0 0 0 0 0 0 0 0 0 0 0 0 0 0 0 0 0 0 0 0 0 0 0 0 0 0 0 0 0 0 0 0 0
4.65828e-06 4.64849e-06 4.37804e-06 4.39011e-06 1.46946e-05 1.48925e-05 1.48211e-05 1.47463e-05 1.47507e-05 1.47365e-05 1.47577e-05 1.47704e-05 1.48612e-05 4.57e-06 4.6006e-06 4.653e-06 4.5995e-06 4.4954e-06 4.41885e-06 4.44788e-06 4.75722e-06 4.781e-06 4.75781e-06 4.70873e-06 4.69998e-06 4.74319e-06 4.71592e-06 4.69805e-06 4.67832e-06 4.64167e-06 4.65353e-06 4.46404e-06 4.52287e-06 4.60604e-06 6.38963e-06 6.36018e-06 6.45208e-06 6.33485e-06 6.4757e-06 6.35547e-06 6.40463e-06 6.29813e-06 6.29516e-06 4.50011e-06 4.6314e-06 0 0 0 0 0 0 0 0 0 0 0 0 0 0 0 0 0 0 0 0 0 0 0 0 0 0 0 0 0 0 0 0 0
1.49479e-05 4.44301e-06 4.09241e-06 1.45256e-05 1.5092e-05 1.49765e-05 1.47767e-05 1.47607e-05 1.47476e-05 1.47274e-05 1.47485e-05 1.48102e-05 4.63607e-06 4.62351e-06 4.59754e-06 4.63267e-06 4.60638e-06 4.40237e-06 4.36968e-06 4.6864e-06 4.87111e-06 4.58623e-06 4.40609e-06 4.85903e-06 4.6551e-06 4.6413e-06 4.62201e-06 4.62509e-06 4.66651e-06 4.62752e-06 4.55046e-06 4.41009e-06 4.72653e-06 4.60735e-06 6.41197e-06 6.47445e-06 6.43663e-06 6.5324e-06 6.50894e-06 6.48436e-06 6.52172e-06 6.54797e-06 6.42498e-06 4.52348e-06 4.52411e-06 0 0 0 0 0 0 0 0 0 0 0 0 0 0 0 0 0 0 0 0 0 0 0 0 0 0 0 0 0 0 0 0 0
1.4985e-05 1.49235e-05 1.40658e-05 1.4754e-05 1.49598e-05 1.47883e-05 1.47421e-05 1.47572e-05 1.47383e-05 1.4749e-05 1.4766e-05 1.48337e-05 4.64665e-06 4.57941e-06 4.66013e-06 4.69329e-06 4.7023e-06 4.5442e-06 4.3304e-06 4.68145e-06 4.42993e-06 4.25985e-06 4.54216e-06 4.67906e-06 4.5542e-06 4.50701e-06 4.58376e-06 4.57982e-06 4.51618e-06 4.44082e-06 4.4591e-06 4.59896e-06 4.71913e-06 4.60809e-06 6.58885e-06 6.56279e-06 6.57218e-06 6.52436e-06 6.42956e-06 6.38242e-06 6.33255e-06 6.27937e-06 6.26493e-06 6.19421e-06 4.54399e-06 0 0 0 0 0 0 0 0 0 0 0 0 0 0 0 0 0 0 0 0 0 0 0 0 0 0 0 0 0 0 0 0 0
1.48536e-05 1.48868e-05 1.49149e-05 1.46101e-05 1.48344e-05 1.47505e-05 1.47479e-05 1.47273e-05 1.47272e-05 1.47608e-05 1.47474e-05 1.48351e-05 4.67538e-06 4.68853e-06 4.71227e-06 4.61729e-06 4.70164e-06 4.48147e-06 4.63853e-06 4.47923e-06 4.58749e-06 4.5459e-06 4.55073e-06 4.47131e-06 4.39424e-06 4.56054e-06 4.49921e-06 4.48381e-06 4.53178e-06 4.59606e-06 4.58477e-06 4.72132e-06 4.73414e-06 4.74033e-06 6.39252e-06 6.35783e-06 6.36729e-06 6.42917e-06 6.37982e-06 6.30592e-06 6.26594e-06 6.34838e-06 6.35627e-06 6.47671e-06 6.28212e-06 4.61508e-06 0 0 0 0 0 0 0 0 0 0 0 0 0 0 0 0 0 0 0 0 0 0 0 0 0 0 0 0 0 0 0 0
1.48408e-05 1.46924e-05 1.47894e-05 1.48162e-05 1.47209e-05 1.47426e-05 1.47109e-05 1.47383e-05 1.47499e-05 1.47541e-05 1.47544e-05 1.48331e-05 4.71643e-06 4.525e-06 4.37121e-06 4.27012e-06 4.45199e-06 4.60538e-06 4.55624e-06 4.50494e-06 4.76167e-06 4.62857e-06 4.58405e-06 4.63714e-06 4.58885e-06 4.62287e-06 4.60833e-06 4.5944e-06 4.65624e-06 4.59009e-06 4.62837e-06 4.72171e-06 4.64051e-06 4.62847e-06 6.53529e-06 6.29301e-06 6.27286e-06 6.20661e-06 6.17099e-06 6.30528e-06 6.40944e-06 6.34355e-06 6.48048e-06 6.42378e-06 6.4567e-06 6.31536e-06 0 0 0 0 0 0 0 0 0 0 0 0 0 0 0 0 0 0 0 0 0 0 0 0 0 0 0 0 0 0 0 0
1.47806e-05 1.47034e-05 1.47253e-05 1.47094e-05 1.47467e-05 1.47004e-05 1.47025e-05 1.46996e-05 1.47299e-05 1.47422e-05 1.47618e-05 1.48649e-05 1.48448e-05 4.36472e-06 4.54462e-06 4.59832e-06 4.74295e-06 4.71757e-06 4.74062e-06 4.58202e-06 4.84105e-06 4.68435e-06 4.66808e-06 4.65738e-06 4.66711e-06 4.74722e-06 4.79577e-06 4.74996e-06 4.69845e-06 4.68875e-06 4.74897e-06 4.69901e-06 4.71896e-06 4.78618e-06 6.40402e-06 6.28375e-06 6.09182e-06 6.30886e-06 6.38807e-06 6.44036e-06 6.44592e-06 6.50018e-06 6.50981e-06 6.50311e-06 6.42792e-06 6.21011e-06 6.46013e-06 0 0 0 0 0 0 0 0 0 0 0 0 0 0 0 0 0 0 0 0 0 0 0 0 0 0 0 0 0 0 0
1.4711e-05 1.47107e-05 1.4713e-05 1.47651e-05 1.47136e-05 1.47322e-05 1.47516e-05 1.47189e-05 1.47131e-05 1.47323e-05 1.47812e-05 1.47751e-05 1.48805e-05 4.59596e-06 4.77511e-06 4.75546e-06 4.6407e-06 4.76753e-06 4.82143e-06 4.83797e-06 4.59797e-06 4.76736e-06 4.79627e-06 4.80303e-06 4.77375e-06 4.7028e-06 4.67662e-06 4.71196e-06 4.76299e-06 4.72972e-06 4.61969e-06 4.60229e-06 4.63352e-06 4.59187e-06 6.16603e-06 6.30217e-06 6.44921e-06 6.46666e-06 6.49938e-06 6.49704e-06 6.4863e-06 6.45325e-06 6.39611e-06 6.3491e-06 6.36681e-06 6.2596e-06 6.38555e-06 0 0 0 0 0 0 0 0 0 0 0 4.58946e-06 4.60268e-06 4.59685e-06 4.51549e-06 4.60201e-06 4.64085e-06 4.55213e-06 0 0 0 0 0 0 0 0 0 0 0 0 0
1.47174e-05 1.47186e-05 1.47367e-05 1.47519e-05 1.47244e-05 1.47694e-05 1.47637e-05 1.47239e-05 1.47558e-05 1.47389e-05 1.47901e-05 1.47262e-05 4.6356e-06 4.77018e-06 4.72064e-06 4.66892e-06 4.55303e-06 4.54342e-06 4.54589e-06 4.68361e-06 4.67418e-06 4.55921e-06 4.62423e-06 4.64313e-06 4.66054e-06 4.63301e-06 4.63213e-06 4.61337e-06 4.61879e-06 4.71244e-06 4.76568e-06 4.69075e-06 4.51949e-06 4.54295e-06 6.43127e-06 6.53584e-06 6.56035e-06 6.54845e-06 6.52511e-06 6.47373e-06 6.46838e-06 6.39573e-06 6.47808e-06 6.52241e-06 6.49323e-06 6.42273e-06 6.31127e-06 0 0 0 0 0 0 0 0 0 4.54555e-06 4.59928e-06 4.64425e-06 4.72619e-06 4.70307e-06 4.57466e-06 4.68136e-06 4.6627e-06 4.6376e-06 4.60265e-06 4.55946e-06 4.56348e-06 0 0 0 0 0 0 0 0 0 0
1.473e-05 1.47512e-05 1.4728e-05 1.47201e-05 1.47472e-05 1.47374e-05 1.47601e-05 1.4746e-05 1.47539e-05 1.47547e-05 1.47827e-05 1.48016e-05 4.65158e-06 4.6123e-06 4.58591e-06 4.65684e-06 4.71054e-06 4.58849e-06 4.44396e-06 4.5714e-06 4.6747e-06 4.61272e-06 4.57162e-06 4.60643e-06 4.66244e-06 4.64433e-06 4.62694e-06 4.61736e-06 4.59787e-06 4.61271e-06 4.67935e-06 4.77455e-06 4.70049e-06 4.75104e-06 6.55695e-06 6.4644e-06 6.4393e-06 6.38822e-06 6.38881e-06 6.4387e-06 6.44699e-06 6.48037e-06 6.42786e-06 6.36855e-06 6.4971e-06 6.40453e-06 6.04418e-06 6.38983e-06 6.42042e-06 6.36091e-06 6.35597e-06 4.62327e-06 4.62047e-06 4.57846e-06 4.59449e-06 4.6198e-06 4.67246e-06 4.67297e-06 4.64992e-06 4.54354e-06 4.65507e-06 4.5712e-06 4.70041e-06 4.65624e-06 4.66114e-06 4.61065e-06 4.63046e-06 4.57402e-06 4.57178e-06 4.6303e-06 4.57423e-06 4.54894e-06 0 0 0 4.63326e-06 4.49464e-06 4.63361e-06
1.4748e-05 1.47623e-05 1.47256e-05 1.4745e-05 1.47221e-05 1.47247e-05 1.47504e-05 1.47549e-05 1.47323e-05 1.47817e-05 1.48124e-05 1.48622e-05 4.54192e-06 4.60168e-06 4.60752e-06 4.59703e-06 4.64474e-06 4.64056e-06 4.52747e-06 4.45578e-06 4.46235e-06 4.47313e-06 4.46071e-06 4.45893e-06 4.55045e-06 4.62434e-06 4.58058e-06 4.57191e-06 4.56537e-06 4.58783e-06 4.66191e-06 4.66144e-06 4.69566e-06 4.63322e-06 6.47661e-06 6.43813e-06 6.38442e-06 6.41128e-06 6.39818e-06 6.34819e-06 6.42318e-06 6.47272e-06 6.33721e-06 6.34791e-06 6.37061e-06 6.23138e-06 6.1024e-06 6.30867e-06 6.30721e-06 6.47542e-06 6.46476e-06 4.62394e-06 4.64756e-06 4.69734e-06 4.63872e-06 4.56998e-06 4.60037e-06 4.60773e-06 4.71989e-06 4.65338e-06 4.65521e-06 4.52971e-06 4.64933e-06 4.68171e-06 4.66563e-06 4.64148e-06 4.56834e-06 4.59178e-06 4.74357e-06 4.58574e-06 4.63381e-06 4.66095e-06 4.52967e-06 4.552e-06 4.68215e-06 4.66131e-06 4.52971e-06 4.60132e-06
1.48298e-05 1.47233e-05 1.47678e-05 1.47451e-05 1.47409e-05 1.4727e-05 1.47243e-05 1.47666e-05 1.47336e-05 1.47988e-05 1.48351e-05 1.48704e-05 4.4926e-06 4.58964e-06 4.58832e-06 4.59143e-06 4.57867e-06 4.59135e-06 4.62786e-06 4.59046e-06 4.59554e-06 4.61783e-06 4.47155e-06 4.53795e-06 4.49259e-06 4.43702e-06 4.54878e-06 4.5182e-06 4.4937e-06 4.46843e-06 4.62253e-06 4.61302e-06 4.63228e-06 4.72144e-06 6.36543e-06 6.44905e-06 6.46198e-06 6.40437e-06 6.3557e-06 6.35624e-06 6.31215e-06 6.43447e-06 6.39635e-06 6.38412e-06 6.36756e-06 6.11225e-06 6.37263e-06 6.41672e-06 6.40073e-06 6.42533e-06 4.6867e-06 4.71517e-06 4.7326e-06 4.66122e-06 4.72491e-06 4.66748e-06 4.64356e-06 4.54044e-06 4.55319e-06 4.75299e-06 4.71905e-06 4.65746e-06 4.63631e-06 4.73044e-06 4.61735e-06 4.62243e-06 4.482e-06 4.75639e-06 4.59144e-06 4.57267e-06 4.68257e-06 4.62548e-06 4.61331e-06 4.70938e-06 4.61239e-06 4.67839e-06 4.61876e-06 4.56436e-06
1.48213e-05 1.47233e-05 1.47448e-05 1.47617e-05 1.47785e-05 1.47078e-05 1.47776e-05 1.47505e-05 1.47468e-05 1.47559e-05 1.4793e-05 4.60797e-06 4.5799e-06 4.56679e-06 4.5743e-06 4.61513e-06 4.6003e-06 4.58647e-06 4.63006e-06 4.56611e-06 4.63109e-06 4.6183e-06 4.6e-06 4.66244e-06 4.62773e-06 4.65263e-06 4.62402e-06 4.57542e-06 4.58091e-06 4.56641e-06 4.54935e-06 4.48977e-06 4.59015e-06 6.44268e-06 6.43648e-06 6.34548e-06 6.4397e-06 6.46022e-06 6.49137e-06 6.40797e-06 6.37055e-06 6.25196e-06 6.28252e-06 6.17156e-06 6.15502e-06 6.23956e-06 6.42375e-06 6.45126e-06 6.50571e-06 6.56093e-06 4.69702e-06 4.6352e-06 4.62472e-06 4.65207e-06 4.653e-06 4.71313e-06 4.72007e-06 4.77194e-06 4.68018e-06 4.66851e-06 4.7413e-06 4.73089e-06 4.73176e-06 4.59969e-06 4.64885e-06 4.60701e-06 4.55659e-06 4.74862e-06 4.58032e-06 4.65301e-06 4.67597e-06 4.64182e-06 4.75238e-06 4.73169e-06 4.74303e-06 4.66299e-06 4.47039e-06 4.57891e-06
1.48229e-05 1.47118e-05 1.47548e-05 1.47441e-05 1.47479e-05 1.47298e-05 1.47228e-05 1.47419e-05 1.47568e-05 1.47718e-05 1.4781e-05 4.64636e-06 4.6193e-06 4.61558e-06 4.60851e-06 4.59875e-06 4.64021e-06 4.64817e-06 4.6798e-06 4.68916e-06 4.59437e-06 4.63607e-06 4.5981e-06 4.65622e-06 4.683e-06 4.69741e-06 4.76106e-06 4.77988e-06 4.74838e-06 4.73764e-06 4.68129e-06 4.62367e-06 6.35196e-06 6.27237e-06 6.43874e-06 6.42465e-06 6.37974e-06 6.43953e-06 6.39744e-06 6.47685e-06 6.45695e-06 6.29092e-06 6.20825e-06 6.44277e-06 6.31701e-06 6.14661e-06 6.50841e-06 6.45242e-06 6.34347e-06 6.25587e-06 6.30747e-06 4.61028e-06 4.60153e-06 4.6162e-06 4.58297e-06 4.56355e-06 4.56778e-06 4.57228e-06 4.66356e-06 4.59474e-06 4.57204e-06 4.66477e-06 4.76192e-06 4.64382e-06 4.62335e-06 4.51106e-06 4.72334e-06 4.68787e-06 4.50466e-06 4.66943e-06 4.72523e-06 4.72314e-06 4.67526e-06 4.62136e-06 4.53744e-06 4.39434e-06 4.50055e-06 4.5921e-06
1.4799e-05 1.47136e-05 1.47371e-05 1.47572e-05 1.47673e-05 1.47169e-05 1.47513e-05 1.47646e-05 1.47548e-05 1.47625e-05 1.47888e-05 4.64789e-06 4.71541e-06 4.75572e-06 4.72186e-06 4.67238e-06 4.65801e-06 4.66484e-06 4.61898e-06 4.6047e-06 4.62995e-06 4.69065e-06 4.7304e-06 4.74153e-06 4.73843e-06 4.73015e-06 4.54599e-06 4.52078e-06 4.60143e-06 4.65685e-06 6.49142e-06 6.40012e-06 6.29756e-06 6.27038e-06 6.31228e-06 6.42028e-06 6.41765e-06 6.38397e-06 6.37593e-06 6.17432e-06 6.1041e-06 6.43472e-06 6.53927e-06 6.38491e-06 6.27508e-06 6.38296e-06 6.07725e-06 6.2334e-06 6.37507e-06 6.3791e-06 6.42705e-06 4.6662e-06 4.63732e-06 4.60693e-06 4.5742e-06 4.57396e-06 4.53777e-06 4.48295e-06 4.51851e-06 4.59694e-06 4.58353e-06 4.72713e-06 4.7025e-06 4.58077e-06 4.50782e-06 4.58751e-06 4.77259e-06 4.63114e-06 4.52603e-06 4.75699e-06 4.74291e-06 4.57546e-06 4.52133e-06 4.51068e-06 4.47073e-06 4.55103e-06 4.6404e-06 4.56301e-06
1.49757e-05 1.47751e-05 1.47282e-05 1.47498e-05 1.47663e-05 1.47588e-05 1.47426e-05 1.47629e-05 1.47446e-05 1.47788e-05 1.47804e-05 4.64486e-06 4.67175e-06 4.62618e-06 4.70858e-06 4.71719e-06 4.69001e-06 4.57912e-06 4.6267e-06 4.69985e-06 4.72468e-06 4.72589e-06 4.67787e-06 4.63312e-06 4.60589e-06 4.5943e-06 4.64979e-06 4.55684e-06 4.6101e-06 6.35688e-06 6.34458e-06 6.39976e-06 6.38673e-06 6.36126e-06 6.23113e-06 6.24601e-06 6.27687e-06 6.19138e-06 6.10286e-06 6.17523e-06 6.44572e-06 6.55973e-06 6.27028e-06 6.27356e-06 6.52339e-06 6.36111e-06 5.95118e-06 6.32656e-06 6.39209e-06 6.42732e-06 6.39706e-06 6.30698e-06 4.56032e-06 4.5273e-06 6.24686e-06 6.27053e-06 6.39134e-06 6.40828e-06 6.21074e-06 6.24222e-06 6.33634e-06 4.85511e-06 4.65077e-06 4.6417e-06 4.54488e-06 4.68534e-06 4.70866e-06 4.44586e-06 4.61276e-06 4.7928e-06 4.60061e-06 4.59942e-06 4.59472e-06 4.52713e-06 4.5631e-06 4.73208e-06 4.57411e-06 4.62598e-06
1.48653e-05 1.48343e-05 1.47374e-05 1.47277e-05 1.47673e-05 1.4755e-05 1.47637e-05 1.47037e-05 1.4763e-05 1.4782e-05 1.48169e-05 4.58147e-06 4.57262e-06 4.57054e-06 4.58764e-06 4.62557e-06 4.683e-06 4.74724e-06 4.74707e-06 4.67099e-06 4.56969e-06 4.56667e-06 4.57443e-06 4.59497e-06 4.58467e-06 4.5338e-06 4.51686e-06 4.63353e-06 4.63799e-06 6.3743e-06 6.28354e-06 6.32879e-06 6.40918e-06 6.50022e-06 6.48134e-06 6.34762e-06 6.13683e-06 6.20124e-06 6.48219e-06 6.43228e-06 6.5192e-06 6.41956e-06 6.27748e-06 6.51188e-06 6.44919e-06 6.12584e-06 6.46634e-06 6.37942e-06 6.18266e-06 6.36771e-06 6.39231e-06 6.42606e-06 6.26118e-06 6.42933e-06 6.45291e-06 6.3484e-06 6.33768e-06 6.53836e-06 6.39875e-06 6.32156e-06 6.39921e-06 6.47882e-06 4.78731e-06 4.59504e-06 4.49282e-06 4.74659e-06 4.58293e-06 4.4985e-06 4.77877e-06 4.67008e-06 4.59495e-06 4.62078e-06 4.629e-06 4.56097e-06 4.58997e-06 4.66928e-06 4.59347e-06 4.71353e-06
