Outputs/initial_cond/hG_ev.asc
ncols 286
nrows 262
xllcorner 528670
yllcorner 5.07688e+06
cellsize 35
NODATA_value -9999
[rows 111 to 147 of 262, columns 83 to 165 of 286]
0 0 0 0 0 0 0 0 0 0 0 0 0 0 0 0 0 0 0 0 0 0 0 0 0 0 0 0 0.01062 0.0105995 0.0105775 0.0105762 0.0105721 0.0105684 0.0105663 0.0105675 0.0105686 0.0105686 0.010571 0.0105828 0.0105802 0.0105857 0.0105949 0.0106048 0.0106267 0.0106418 0.0106557 0.0106826 0.0553377 0.0554706 0.0555815 0.0556954 0.0558124 0.0559298 0.0560599 0.0561443 0.0562995 0.0564004 0.0565027 0.0566052 0.0567094 0.0568081 0.0569002 0.0570087 0.0571427 0.0572568 0.0573358 0.0574131 0.0574721 0.0575311 0.0576375 0.0577851 0.0579524 0.0581269 0.0583117 0.058533 0.0587405 0.0589193 0.0590339 0.059075 0.0408848 0.0409648 0.041058
0 0 0 0 0 0 0 0 0 0 0 0 0 0 0 0 0 0 0 0 0 0 0 0 0 0 0 0 0.010607 0.0105884 0.0105674 0.0105662 0.0105621 0.0105583 0.0105567 0.0105582 0.0105609 0.010558 0.0105599 0.0105713 0.0105686 0.0105746 0.0105887 0.0106027 0.010615 0.0106264 0.010638 0.0106641 0.0553274 0.0554383 0.0555472 0.055706 0.055829 0.0559487 0.0560658 0.056197 0.0562898 0.0564178 0.0565325 0.0566476 0.0567717 0.0568642 0.0569461 0.057033 0.0571558 0.0572913 0.0573959 0.0574821 0.057559 0.057623 0.0576921 0.0578229 0.0579765 0.0581512 0.0583341 0.0585495 0.0587935 0.0589634 0.0590292 0.0591235 0.0408919 0.0409775 0.0411066
0 0 0 0 0 0 0 0 0 0 0 0 0 0 0 0 0 0 0 0 0 0 0 0 0 0 0 0 0 0.0105633 0.0105619 0.0105565 0.010553 0.0105486 0.0105476 0.0105508 0.0105515 0.0105484 0.0105569 0.0105453 0.0105654 0.0105676 0.0105804 0.0105894 0.0105998 0.0106115 0.0106227 0.0106456 0.0553268 0.0554374 0.0555572 0.0556487 0.055787 0.0559195 0.0560388 0.0561472 0.0562889 0.056445 0.0565731 0.0566957 0.056823 0.0569106 0.0569887 0.0570724 0.0571756 0.057301 0.057415 0.0575124 0.0576065 0.0576907 0.0577629 0.0578569 0.0580014 0.0581594 0.0583257 0.0585186 0.0587797 0.059001 0.059073 0.0591157 0.0409425 0.0410177 0.0411378
0 0 0 0 0 0 0 0 0 0 0 0 0 0 0 0 0 0 0 0 0 0 0 0 0 0 0 0 0 0.0105659 0.0105557 0.0105472 0.0105439 0.0105405 0.0105407 0.010543 0.0105379 0.0105413 0.0105383 0.0105429 0.0105475 0.0105596 0.0105692 0.010577 0.0105853 0.0105965 0.010618 0.055161 0.0552862 0.0554 0.0555303 0.0556631 0.0557955 0.0559217 0.0560592 0.0561967 0.0563276 0.0564719 0.0566188 0.056734 0.0568458 0.0569332 0.0570182 0.0571012 0.057194 0.0573107 0.0574329 0.0575332 0.0576342 0.0577278 0.0578183 0.0579201 0.0580066 0.0581492 0.0582954 0.0584868 0.0587274 0.0589293 0.0590772 0.0590947 0.0591388 0.0410209 0.0411229
0 0 0 0 0 0 0 0 0 0 0 0 0 0 0 0 0 0 0 0 0 0 0 0 0 0 0 0 0.0105617 0.0105614 0.0105474 0.0105378 0.010533 0.0105329 0.0105341 0.0105324 0.0105257 0.010532 0.0105215 0.0105391 0.010537 0.0105483 0.0105566 0.0105645 0.0105726 0.010582 0.0106038 0.0551511 0.0552244 0.0553564 0.0554865 0.0556209 0.055748 0.0559258 0.0560579 0.0562043 0.0563589 0.0565062 0.0566414 0.0567675 0.0568704 0.0569482 0.0570274 0.0571174 0.0572054 0.0573082 0.0574418 0.0575583 0.057663 0.0577619 0.0578564 0.0579581 0.0580586 0.0581412 0.0582862 0.0584304 0.0586129 0.0588538 0.0589836 0.0590703 0.0591106 0.0409696 0.0410906
0 0 0 0 0 0 0 0 0 0 0 0 0 0 0 0 0 0 0 0 0 0 0 0 0 0 0 0 0.0105504 0.0105515 0.0105389 0.0105297 0.0105252 0.0105246 0.0105224 0.0105192 0.0105169 0.0105163 0.0105183 0.0105208 0.0105322 0.0105338 0.0105424 0.0105518 0.0105607 0.0105703 0.010591 0.055119 0.055275 0.055409 0.0555394 0.0556315 0.0557633 0.0558566 0.0560442 0.0561954 0.0563466 0.0565106 0.0566544 0.0567792 0.0568848 0.0569613 0.0570329 0.057123 0.0572247 0.0573112 0.0574332 0.0575595 0.0576732 0.0577819 0.057884 0.0579912 0.0580807 0.0581662 0.0582607 0.0583918 0.0585431 0.0587044 0.0588784 0.0589624 0.0590832 0.0409631 0.0410817
0 0 0 0 0 0 0 0 0 0 0 0 0 0 0 0 0 0 0 0 0 0 0 0 0 0 0 0 0.0105378 0.0105394 0.0105308 0.0105219 0.0105189 0.0105145 0.0105087 0.0105072 0.0105084 0.0105094 0.0105076 0.0105107 0.0105201 0.0105217 0.0105296 0.0105383 0.0105488 0.0105687 0.0550017 0.0551284 0.0552332 0.0553504 0.0554761 0.0556404 0.0557711 0.055915 0.0560176 0.0561305 0.0563189 0.0564455 0.0566065 0.0567279 0.0568283 0.0569526 0.0570377 0.0571382 0.0572461 0.0573356 0.0574333 0.0575559 0.0576719 0.0577868 0.0579056 0.0580154 0.0580982 0.0581782 0.0582759 0.0583882 0.0585172 0.0586746 0.0588285 0.0589458 0.0590421 0.0409358 0.041059
0 0 0 0 0 0 0 0 0 0 0 0 0 0 0 0 0 0 0 0 0 0 0 0 0 0 0 0 0.010529 0.0105309 0.0105246 0.0105151 0.0105082 0.0105029 0.0104981 0.0104972 0.0105001 0.0105006 0.0104988 0.0104994 0.0105084 0.0105109 0.0105197 0.0105272 0.0105363 0.0105544 0.0549875 0.0550891 0.0552089 0.0553691 0.0554801 0.0556102 0.0557353 0.0558603 0.0559941 0.0561796 0.0562583 0.0564461 0.056593 0.0567202 0.0568597 0.056934 0.0570441 0.0571552 0.0572616 0.0573544 0.0574414 0.05755 0.0576697 0.0577648 0.0578892 0.0580211 0.0581144 0.0581889 0.0582862 0.0584032 0.0585275 0.0586779 0.058827 0.058914 0.0589991 0.0591087 0.041054
0 0 0 0 0 0 0 0 0 0 0 0 0 0 0 0 0 0 0 0 0 0 0 0 0 0 0 0 0.0105202 0.0105232 0.0105159 0.0105052 0.0104874 0.0104838 0.0104874 0.0104881 0.0104904 0.010491 0.0104878 0.0104873 0.0104975 0.0104988 0.0105093 0.0105166 0.0105234 0.0105407 0.0549958 0.0550752 0.0552006 0.0553499 0.0554878 0.0556056 0.0557501 0.0558783 0.0559981 0.0561204 0.0562896 0.0564231 0.0565655 0.0566798 0.0567761 0.0569008 0.0570277 0.0571387 0.0572601 0.0573512 0.057435 0.0575378 0.0576489 0.0577523 0.0578752 0.0579868 0.0580962 0.0582057 0.058312 0.0584303 0.0585631 0.0587103 0.0588523 0.0589069 0.0589809 0.0590775 0.0410357
0 0 0 0 0 0 0 0 0 0 0 0 0 0 0 0 0 0 0 0 0 0 0 0 0 0 0 0 0.0105173 0.0105146 0.0104987 0.0104859 0.0104715 0.010479 0.0104688 0.0104797 0.0104811 0.0104803 0.0104786 0.0104804 0.0104913 0.0104896 0.0104996 0.0105055 0.0105131 0.0105414 0.0549557 0.0550664 0.0552068 0.0553688 0.0555106 0.0556374 0.0557486 0.0558854 0.0560129 0.0561382 0.0562647 0.0563878 0.056512 0.0566409 0.0567666 0.0568827 0.0570111 0.0571327 0.0572134 0.0573101 0.0574051 0.0575143 0.0576051 0.0577105 0.0578153 0.0579449 0.0580793 0.0582046 0.0583312 0.0584543 0.0585875 0.0587142 0.0587935 0.0589015 0.0589497 0.0590511 0.041011
0 0 0 0 0 0 0 0 0 0 0 0 0 0 0 0 0 0 0 0 0 0 0 0 0 0 0 0 0 0.0105027 0.0104824 0.0104715 0.0104603 0.010468 0.0104563 0.0104669 0.0104685 0.0104693 0.0104704 0.0104733 0.0104768 0.0104871 0.0104906 0.010498 0.010515 0.0105311 0.0549335 0.0550479 0.0551669 0.0553294 0.0554622 0.0555914 0.05574 0.0558592 0.0560253 0.0561445 0.0562794 0.0563733 0.0564752 0.0566064 0.0567101 0.0568281 0.0569533 0.05708 0.0572025 0.057303 0.0573966 0.0574914 0.0575771 0.0576567 0.0577523 0.0578581 0.0580177 0.058172 0.0583048 0.0584309 0.0585575 0.0586928 0.0588053 0.0588651 0.058942 0.059009 0.0409832
0 0 0 0 0 0 0 0 0 0 0 0 0 0 0 0 0 0 0 0 0 0 0 0 0 0 0 0 0 0.0104914 0.0104718 0.0104614 0.0104521 0.0104519 0.0104545 0.0104565 0.0104586 0.0104598 0.0104619 0.0104653 0.0104674 0.0104778 0.0104807 0.0104905 0.0104952 0.0105204 0.0549138 0.0550272 0.05522 0.0553543 0.0554693 0.0556072 0.0557348 0.0558681 0.0559661 0.0561224 0.056257 0.056406 0.0565061 0.0566109 0.0567062 0.0568045 0.0569186 0.0570435 0.0571269 0.0572328 0.0573213 0.0574329 0.0575148 0.0576009 0.0577058 0.0578129 0.0579534 0.0581259 0.0582531 0.0583772 0.0584984 0.0586383 0.0587527 0.0588345 0.0589378 0.0590343 0.0410054
0 0 0 0 0 0 0 0 0 0 0 0 0 0 0 0 0 0 0 0 0 0 0 0 0 0 0 0 0 0.0104719 0.0104602 0.0104508 0.0104446 0.0104451 0.0104474 0.0104496 0.0104513 0.0104521 0.0104548 0.0104582 0.010461 0.0104596 0.0104709 0.0104789 0.0104927 0.0105204 0.054868 0.0550468 0.0551953 0.0553263 0.055455 0.0555823 0.0557392 0.0558738 0.056 0.0561076 0.0562523 0.056367 0.0564882 0.0566053 0.0567113 0.0568133 0.0569134 0.0570104 0.0571311 0.0572169 0.0573068 0.0573881 0.0574946 0.0575978 0.0576958 0.0578012 0.0579215 0.0580709 0.0581999 0.0583382 0.058485 0.058617 0.0587499 0.0588518 0.0589168 0.0590783 0.0591689
0 0 0 0 0 0 0 0 0 0 0 0 0 0 0 0 0 0 0 0 0 0 0 0 0 0 0 0 0 0.0104468 0.0104546 0.0104499 0.0104458 0.0104382 0.0104404 0.0104419 0.0104432 0.0104458 0.0104483 0.0104506 0.0104529 0.0104527 0.0104646 0.0104678 0.010482 0.010508 0.0548877 0.0550078 0.0551988 0.0553334 0.0554476 0.0555642 0.0556816 0.0558462 0.0559897 0.056153 0.0562399 0.0563601 0.056476 0.0565988 0.0567547 0.0568694 0.0569283 0.05701 0.057128 0.0572194 0.057317 0.0574268 0.0575358 0.0576448 0.0577501 0.0578605 0.0579828 0.0580906 0.0581988 0.0583376 0.0584935 0.0586434 0.0587423 0.0588218 0.0589599 0.0590878 0.0591891
0 0 0 0 0 0 0 0 0 0 0 0 0 0 0 0 0 0 0 0 0 0 0 0 0 0 0 0 0 0 0.0104482 0.0104408 0.0104341 0.0104401 0.0104349 0.0104343 0.0104354 0.0104383 0.0104402 0.0104412 0.0104422 0.0104488 0.0104387 0.0104583 0.0104712 0.0105028 0.0548306 0.0550096 0.0552054 0.055281 0.0553901 0.0555282 0.0556848 0.055857 0.0560089 0.0561091 0.0562698 0.0563442 0.0564624 0.0566027 0.0567125 0.0568136 0.0569132 0.056992 0.0570784 0.0572011 0.0573104 0.0574333 0.0575498 0.0576814 0.0577819 0.0578922 0.0580218 0.0581398 0.058239 0.0583622 0.0585049 0.0586767 0.0588098 0.0588143 0.0589509 0.0590757 0.0592265
0 0 0 0 0 0 0 0 0 0 0 0 0 0 0 0 0 0 0 0 0 0 0 0 0 0 0 0 0 0 0 0.0104608 0.010436 0.0104292 0.0104362 0.0104356 0.010434 0.0104301 0.0104319 0.0104316 0.0104296 0.0104393 0.0104404 0.0104503 0.010463 0.0104912 0.0547923 0.0548996 0.0550198 0.0551107 0.0552402 0.0554126 0.0556279 0.0558022 0.0559616 0.0560171 0.0561016 0.0561359 0.0562106 0.056365 0.056586 0.0567025 0.0567685 0.05691 0.0570611 0.0571459 0.0572626 0.0574079 0.0575374 0.0576561 0.0577533 0.0578707 0.0580327 0.0581812 0.0582868 0.0583944 0.0585263 0.0586638 0.0587877 0.0588615 0.0589929 0.0590724 0.0411288
0 0 0 0 0 0 0 0 0 0 0 0 0 0 0 0 0 0 0 0 0 0 0 0 0 0 0 0 0 0 0 0.0104823 0.0104617 0.0104371 0.0104261 0.0104241 0.0104225 0.0104226 0.0104235 0.0104229 0.010426 0.0104236 0.0104313 0.0104419 0.0104574 0.0104804 0.0548011 0.0548673 0.0549409 0.0550371 0.0551105 0.0552508 0.0554093 0.055576 0.0557176 0.055779 0.0558772 0.0559983 0.0561591 0.0562609 0.0564236 0.0565462 0.0566403 0.0567979 0.0569303 0.0570213 0.0571559 0.0572921 0.0574383 0.0575924 0.0576988 0.0578366 0.0580169 0.0581731 0.058314 0.0584233 0.0585487 0.0586751 0.0587284 0.0588724 0.0589585 0.0590648 0.0410788
0 0 0 0 0 0 0 0 0 0 0 0 0 0 0 0 0 0 0 0 0 0 0 0 0 0 0 0 0 0 0 0.0104869 0.0104779 0.010443 0.0104247 0.0104205 0.0104188 0.0104222 0.0104153 0.0104153 0.0104187 0.0104206 0.01042 0.0104299 0.0104569 0.0547008 0.0547524 0.0548172 0.0548868 0.0549855 0.0551188 0.0552174 0.0553276 0.0554676 0.0555913 0.055714 0.0558239 0.0559452 0.0561022 0.0562538 0.0563719 0.0564786 0.056594 0.0567202 0.0568444 0.0569674 0.057101 0.0572409 0.0573801 0.0575162 0.05765 0.0577969 0.0579582 0.0581245 0.0582795 0.0584368 0.0585117 0.0586662 0.0587036 0.0588613 0.0589268 0.0590235 0.0409732
0 0 0 0 0 0 0 0 0 0 0 0 0 0 0 0 0 0 0 0 0 0 0 0 0 0 0 0 0 0 0 0 0.0104809 0.0104534 0.0104344 0.01043 0.0104337 0.010421 0.0104232 0.0104084 0.0104018 0.0104126 0.0104149 0.0104168 0.0104512 0.0547076 0.0548108 0.0548951 0.0549333 0.0550336 0.055143 0.0552519 0.0553897 0.0555472 0.0556791 0.0558113 0.0559336 0.0560155 0.0561221 0.0562329 0.0563449 0.0564693 0.0565872 0.056698 0.0568155 0.0569357 0.0570689 0.0572037 0.057351 0.0574945 0.0576325 0.0577662 0.0579341 0.0580939 0.0582629 0.0584136 0.0585243 0.0586276 0.0587379 0.0588353 0.0589053 0.0409316 0.0409176
0 0 0 0 0 0 0 0 0 0 0 0 0 0 0 0 0 0 0 0 0 0 0 0 0 0 0 0 0 0 0 0 0.010485 0.010466 0.0104705 0.010479 0.05448 0.0544441 0.0544302 0.0104252 0.0104168 0.0103963 0.0104037 0.0104109 0.0545483 0.054667 0.0548038 0.0549131 0.0550161 0.0551268 0.0552345 0.0553438 0.0554794 0.0556077 0.0557355 0.0558623 0.0559783 0.0560706 0.0561782 0.056275 0.0563796 0.0564734 0.0566029 0.0567295 0.0568603 0.0569855 0.0570993 0.0572308 0.057377 0.0575379 0.057681 0.0578185 0.0579566 0.0580914 0.0582472 0.0584041 0.0585223 0.058601 0.0587764 0.0588408 0.0408545 0.040872 0.0408499
0 0 0 0 0 0 0 0 0 0 0 0 0 0 0 0 0 0 0 0 0 0 0 0 0 0 0 0 0 0 0 0 0.0544554 0.0104971 0.0105328 0.0545563 0.0545686 0.0544936 0.0544542 0.0544421 0.0544361 0.0104186 0.0104057 0.0104082 0.0545419 0.0547035 0.05483 0.0549745 0.0550748 0.0551894 0.0552946 0.0554171 0.0555435 0.0556629 0.0557763 0.0558897 0.056002 0.0561098 0.056215 0.0563265 0.0564334 0.0565338 0.0566129 0.0567432 0.0568883 0.0570398 0.0571667 0.0572652 0.0574158 0.0575807 0.0577301 0.0578827 0.0580324 0.058149 0.0582791 0.0584022 0.0585232 0.0585976 0.0587494 0.0587601 0.0407707 0.0407556 0.0407672
0 0 0 0 0 0 0 0 0 0 0 0 0 0 0 0 0 0 0 0 0 0 0 0 0 0 0 0 0 0 0 0 0.0544803 0.0544979 0.0545797 0.0545991 0.0545944 0.0545279 0.054504 0.0544859 0.0544709 0.0544501 0.0544362 0.0543931 0.0545412 0.054644 0.0547812 0.0549344 0.0551038 0.0552184 0.0553289 0.0554432 0.0555725 0.0557052 0.0558191 0.0559322 0.0560418 0.0561522 0.0562659 0.0563726 0.0564778 0.0565912 0.0566931 0.0567749 0.0569128 0.0570634 0.0572199 0.0573305 0.0574546 0.0576055 0.0577624 0.0579139 0.0580343 0.0581415 0.0583367 0.0583956 0.0585268 0.0585796 0.0586853 0.0407338 0.0406738 0.0406453 0.0406519
0 0 0 0 0 0 0 0 0 0 0 0 0 0 0 0 0 0 0 0 0 0 0 0 0 0 0 0 0 0 0 0 0.0544695 0.054504 0.0545809 0.0546154 0.0546237 0.0545646 0.0545434 0.0545322 0.0545275 0.0545167 0.0544389 0.0543832 0.0544549 0.0545955 0.0547316 0.0549151 0.0551332 0.0552688 0.0553606 0.0554751 0.0556009 0.0557344 0.0558629 0.0559728 0.0560863 0.0561951 0.0563062 0.0564167 0.0565191 0.0566267 0.0567434 0.0568571 0.0569563 0.0570829 0.0572133 0.0573619 0.0575057 0.0576397 0.0577521 0.0674125 0.0675005 0.067635 0.0678966 0.0679885 0.0584771 0.0585542 0.0406609 0.0406158 0.040581 0.0405615 0.0405854
0 0 0 0 0 0 0 0 0 0 0 0 0 0 0 0 0 0 0 0 0 0 0 0 0 0 0 0 0 0 0 0 0.0544643 0.0545245 0.0546021 0.0546377 0.0546617 0.0546124 0.0545846 0.0545759 0.0545857 0.0545775 0.0544769 0.0543672 0.054449 0.0545789 0.0547156 0.0549129 0.0551092 0.0552915 0.0554085 0.0555148 0.0556407 0.05577 0.0558962 0.0560169 0.0561268 0.056204 0.0563464 0.056452 0.0565605 0.0566623 0.0567795 0.0569065 0.0570185 0.0571443 0.0572557 0.0573411 0.0574928 0.0576213 0.0672196 0.0672662 0.0673225 0.0675396 0.0677945 0.067958 0.0680027 0.0405567 0.0405874 0.0405467 0.0404784 0.0404657 0.0404982
0 0 0 0 0 0 0 0 0 0 0 0 0 0 0 0 0 0 0 0 0 0 0 0 0 0 0 0 0 0 0 0 0 0.0545584 0.0546427 0.0546747 0.0546931 0.0546604 0.054629 0.054623 0.0546349 0.0546179 0.0545209 0.054432 0.0544321 0.0545044 0.0546417 0.0547922 0.0550637 0.0552792 0.0554016 0.0555357 0.0556479 0.0557675 0.0558872 0.0560068 0.056093 0.0562045 0.0656662 0.0658151 0.0659407 0.056666 0.0568155 0.0569475 0.0665063 0.0666051 0.0667049 0.0668411 0.066965 0.0670206 0.0670459 0.0671108 0.0672731 0.0674445 0.0677231 0.0679339 0.0404173 0.0404298 0.0404388 0.0404451 0.0403506 0.0403111 0.0403183
0 0 0 0 0 0 0 0 0 0 0 0 0 0 0 0 0 0 0 0 0 0 0 0 0 0 0 0 0 0 0 0 0 0.054573 0.0546897 0.0547207 0.0547387 0.0547122 0.0546954 0.0546886 0.0547042 0.054683 0.0545815 0.054466 0.0544307 0.0544268 0.0545458 0.0546741 0.0548477 0.0550609 0.0552652 0.0555057 0.0555944 0.0556832 0.0557865 0.0558189 0.0558903 0.0652114 0.0653362 0.0654861 0.0656688 0.0659946 0.0662214 0.066358 0.0664618 0.0666036 0.0666622 0.0666756 0.0667647 0.0667807 0.0668654 0.0670558 0.0672256 0.0674058 0.0676171 0.0402808 0.0403105 0.0402424 0.0402636 0.0402942 0.0402357 0.0401601 0.0400901
0 0 0 0 0 0 0 0 0 0 0 0 0 0 0 0 0 0 0 0 0 0 0 0 0 0 0 0 0 0 0 0 0 0 0.0547188 0.0547834 0.0548071 0.0547784 0.0547751 0.0547811 0.0547912 0.0547438 0.0546069 0.0545019 0.0543853 0.0544062 0.0544682 0.0545919 0.0547172 0.0548412 0.0549708 0.0551313 0.0552416 0.055318 0.0553857 0.064744 0.0648599 0.0649432 0.0650478 0.0651487 0.0652825 0.0654755 0.0658141 0.0660951 0.066191 0.0663387 0.0664032 0.0664914 0.0665533 0.066642 0.0667378 0.0669663 0.0671927 0.0673995 0.0675376 0.0401642 0.0401374 0.0401215 0.0401474 0.0401334 0.0401128 0.0400167 0.0399368
0 0 0 0 0 0 0 0 0 0 0 0 0 0 0 0 0 0 0 0 0 0 0 0 0 0 0 0 0 0 0 0 0 0 0.0547389 0.0548451 0.0548563 0.0548623 0.0548499 0.0548825 0.0548635 0.054794 0.0546684 0.0545398 0.0544045 0.0543849 0.0543956 0.0544988 0.054605 0.0547115 0.0548193 0.0549336 0.0550456 0.0643831 0.0644602 0.0645408 0.0646722 0.0647861 0.064878 0.0649994 0.0651021 0.0652443 0.06541 0.0656449 0.0658764 0.066135 0.0662122 0.0662743 0.0663241 0.0663924 0.0666616 0.0669632 0.0671742 0.0672885 0.0399703 0.0399067 0.0399325 0.0399988 0.0400297 0.0399959 0.0399428 0.0398994 0.0398017
0 0 0 0 0 0 0 0 0 0 0 0 0 0 0 0 0 0 0 0 0 0 0 0 0 0 0 0 0 0 0 0 0 0 0 0.0548675 0.0549147 0.0549328 0.0549171 0.054924 0.0549208 0.0548153 0.054653 0.0545216 0.0544148 0.0543299 0.0543536 0.054391 0.0544924 0.0546002 0.0547086 0.0548213 0.06414 0.0642406 0.0643479 0.0644732 0.0645825 0.0646901 0.0647731 0.0648773 0.0649839 0.0651129 0.0652535 0.0654142 0.0656774 0.0659375 0.0659884 0.066059 0.0660925 0.0663081 0.0666127 0.0668683 0.06711 0.039866 0.0397996 0.0397186 0.039785 0.039848 0.0399249 0.0398928 0.0397941 0.0397596 0.0397311
0 0 0 0 0 0 0 0 0 0 0 0 0 0 0 0 0 0 0 0 0 0 0 0 0 0 0 0 0 0 0 0 0 0 0 0 0.0549663 0.0549987 0.0549833 0.0641582 0.0549969 0.0549093 0.0547343 0.054578 0.0544744 0.0543412 0.0543202 0.0543134 0.0543991 0.0545169 0.0638251 0.063955 0.0640868 0.0641796 0.0642428 0.0643566 0.0644866 0.0645805 0.0646659 0.0647641 0.0648811 0.0650002 0.0651173 0.0652195 0.0654194 0.0657187 0.0657748 0.0658528 0.0660229 0.0662578 0.066489 0.066736 0.0668419 0.0396004 0.0395789 0.0395671 0.0396321 0.0397282 0.0398323 0.0398021 0.0396935 0.0396292 0.0396174
0 0 0 0 0 0 0 0 0 0 0 0 0 0 0 0 0 0 0 0 0 0 0 0 0 0 0 0 0 0 0 0 0 0 0 0 0.0550286 0.0550651 0.0642078 0.0642347 0.0642141 0.0641146 0.0639586 0.063823 0.0636769 0.0635304 0.0634249 0.0634334 0.0635034 0.0636384 0.0637619 0.0638922 0.0640233 0.0641412 0.064202 0.0642574 0.0643583 0.0644531 0.064538 0.0646435 0.0647512 0.064885 0.0649815 0.0650609 0.0651901 0.0654405 0.065587 0.0656753 0.0659498 0.066144 0.0662993 0.0392825 0.0393414 0.0393724 0.0393959 0.0394259 0.0395684 0.0396999 0.0397726 0.0397262 0.0396044 0.0395163 0.0395033
0 0 0 0 0 0 0 0 0 0 0 0 0 0 0 0 0 0 0 0 0 0 0 0 0 0 0 0 0 0 0 0 0 0 0 0 0 0.0551241 0.0642979 0.0643171 0.0642515 0.0641419 0.0640124 0.063871 0.0637528 0.0636153 0.0634429 0.063399 0.0634146 0.063552 0.063685 0.0638026 0.0639389 0.0640456 0.0641252 0.064172 0.0642205 0.0643029 0.0644099 0.0645128 0.0646209 0.0647521 0.0648602 0.0649103 0.0649966 0.0651656 0.0653412 0.0655185 0.0657436 0.0659104 0.0390055 0.0391272 0.0391854 0.0392127 0.039249 0.0393668 0.039534 0.0396896 0.0397582 0.0396219 0.0395251 0.0394327 0.0393733
0 0 0 0 0 0 0 0 0 0 0 0 0 0 0 0 0 0 0 0 0 0 0 0 0 0 0 0 0 0 0 0 0 0 0 0 0 0.0551925 0.0643707 0.0643804 0.0643047 0.0641756 0.0640536 0.0639273 0.0637976 0.0636226 0.063469 0.0633494 0.0633747 0.0634709 0.0636147 0.0637216 0.0638372 0.0639409 0.0640127 0.0640628 0.0641102 0.0641839 0.0642893 0.0643896 0.0644993 0.064622 0.0647268 0.0647667 0.0648597 0.0650478 0.0652329 0.0654284 0.0656374 0.0658334 0.0389462 0.0390389 0.0390405 0.0390915 0.0391877 0.0393369 0.0395037 0.0396327 0.0396262 0.0395247 0.039438 0.0393354 0.0392494
0 0 0 0 0 0 0 0 0 0 0 0 0 0 0 0 0 0 0 0 0 0 0 0 0 0 0 0 0 0 0 0 0 0 0 0 0 0.0552701 0.0644493 0.0644255 0.0643248 0.0642295 0.0641464 0.0640383 0.0638514 0.0636878 0.063521 0.0633701 0.0633153 0.063395 0.063498 0.0636108 0.0637299 0.0638318 0.0639221 0.0639768 0.0640287 0.0640925 0.0641837 0.0642847 0.0643951 0.064487 0.0645798 0.0553372 0.0647743 0.064985 0.0651944 0.0653691 0.0655571 0.0657607 0.0388726 0.0389059 0.0389253 0.0390143 0.0391764 0.0393511 0.0394781 0.0395351 0.0394982 0.0394138 0.0393242 0.0392494 0.0391547
0 0 0 0 0 0 0 0 0 0 0 0 0 0 0 0 0 0 0 0 0 0 0 0 0 0 0 0 0 0 0 0 0 0 0 0 0 0 0.064493 0.0644449 0.0644116 0.0643817 0.0643003 0.0641779 0.0640237 0.0637614 0.0635378 0.0633841 0.063276 0.0633065 0.0633698 0.0634757 0.0636119 0.063727 0.0638156 0.0638671 0.063947 0.064021 0.064079 0.0549258 0.0549952 0.0550799 0.0551636 0.0552565 0.0553994 0.064899 0.0651136 0.0653067 0.0654736 0.0386744 0.0386891 0.0387324 0.0388436 0.0390038 0.0391696 0.0393013 0.0393817 0.0394124 0.0393741 0.0392771 0.0391977 0.0391501 0.0390694
0 0 0 0 0 0 0 0 0 0 0 0 0 0 0 0 0 0 0 0 0 0 0 0 0 0 0 0 0 0 0 0 0 0 0 0 0 0 0.0644621 0.0644169 0.0644235 0.0643905 0.0643769 0.0642628 0.0641386 0.063873 0.0636012 0.0634175 0.0632697 0.0632541 0.0632601 0.0633669 0.0635059 0.0636257 0.0637017 0.0637543 0.0546311 0.0547031 0.0547469 0.0548024 0.0548571 0.0549543 0.055112 0.0552541 0.0553949 0.055545 0.0556801 0.0652092 0.0653645 0.0385379 0.038582 0.038599 0.0387994 0.0390382 0.0391919 0.0392402 0.0392432 0.0392356 0.0392136 0.0391881 0.0390969 0.0390296 0.0389837
0 0 0 0 0 0 0 0 0 0 0 0 0 0 0 0 0 0 0 0 0 0 0 0 0 0 0 0 0 0 0 0 0 0 0 0 0 0 0.0643117 0.0642709 0.064279 0.0643065 0.0642505 0.0642037 0.0641031 0.0638644 0.0636417 0.0634446 0.0633197 0.0632523 0.0632447 0.0632695 0.0542619 0.0543534 0.0543906 0.0544579 0.054533 0.0545982 0.0546436 0.0546876 0.0547522 0.0549287 0.0550713 0.0552152 0.0553664 0.0554974 0.0556643 0.0558233 0.0559377 0.0559831 0.0384794 0.0384992 0.0386133 0.0388164 0.0390058 0.0390377 0.0390641 0.0390636 0.0390517 0.039043 0.0389905 0.0389396 0.0389068
