Outputs/initial_cond/hG_ev.asc
ncols 286
nrows 262
xllcorner 528670
yllcorner 5.07688e+06
cellsize 35
NODATA_value -9999
[rows 185 to 221 of 262, columns 83 to 165 of 286]
0.0094136 0.00942059 0.00942556 0.0355947 0.0356082 0.0356294 0.0356376 0.0356506 0.0356598 0.03566 0.0356741 0.0356846 0.0356947 0.0357007 0.0357068 0.0357225 0.0357354 0.0357472 0.035765 0.0357755 0.0357686 0.0356942 0.0356284 0.00942496 0.009407 0.00940546 0.00940174 0.00939421 0.009387 0.00937559 0.00936816 0.0093686 0.00938027 0.00939113 0.052387 0.0524287 0.0524679 0.0525868 0.0526919 0.0527849 0.0528616 0.052909 0.0529443 0.0529758 0.0530357 0.0531019 0.0531529 0.0310301 0.0310727 0.0311049 0.0311567 0.0312192 0.0312866 0.0313436 0.0313875 0.0314398 0.0538315 0.0539193 0.0540118 0.0541049 0.0542003 0.0542904 0.0543935 0.0544942 0.0546129 0.0547362 0.0548541 0.0549787 0.0550866 0.0552096 0.055464 0.0559537 0.0564123 0.056664 0.0568876 0.0572092 0.0574084 0.0574731 0.0575117 0.0576506 0.0576321 0.0577015 0.0577411
0.00937633 0.00938303 0.00939355 0.035547 0.0355757 0.0355976 0.0356022 0.0356068 0.0356162 0.0356203 0.0356327 0.0356399 0.0356509 0.0356623 0.0356659 0.0356874 0.035704 0.0357128 0.0357366 0.0357398 0.0357062 0.0356279 0.00941302 0.00938741 0.00938383 0.00938329 0.00937549 0.00936579 0.00936044 0.00935642 0.00935959 0.00937024 0.0523147 0.0523421 0.0523737 0.0524135 0.0524956 0.0525973 0.0527042 0.0527942 0.0528738 0.0529139 0.052951 0.0529967 0.0530779 0.0531642 0.0532082 0.0310672 0.0311064 0.0311331 0.0311672 0.0312264 0.0313019 0.0313593 0.0314086 0.0314592 0.0538391 0.0539308 0.0540177 0.0541198 0.054215 0.0543042 0.0543959 0.0544998 0.0546325 0.0547133 0.0548126 0.0549148 0.0550296 0.0551991 0.055451 0.0558845 0.0561838 0.0564908 0.0567292 0.0569847 0.0572763 0.0573493 0.0573963 0.0574384 0.0575719 0.0576798 0.0576692
0.0093473 0.00935516 0.00936322 0.00937918 0.0355381 0.0355553 0.035563 0.0355685 0.0355735 0.0355832 0.0355999 0.0356078 0.0356162 0.0356304 0.035648 0.0356649 0.0356628 0.0356909 0.0356847 0.0356985 0.0356403 0.03557 0.0093759 0.00936381 0.00936029 0.00935084 0.00934385 0.00934603 0.00935028 0.00935923 0.0302811 0.0522973 0.052325 0.0523488 0.0523856 0.0524296 0.0525006 0.052594 0.0526998 0.0528034 0.0528779 0.0529166 0.0529662 0.0530386 0.0531193 0.053212 0.0532597 0.0311039 0.0311296 0.0311486 0.0311816 0.0312445 0.0313219 0.0313783 0.0314158 0.0314647 0.031526 0.0539434 0.054029 0.054124 0.054218 0.0543111 0.054405 0.0545023 0.0545949 0.054698 0.0548192 0.0549204 0.0550514 0.0551621 0.0553261 0.0555869 0.0558581 0.0563525 0.0566137 0.0567297 0.0568523 0.0569285 0.0570083 0.0570567 0.0571591 0.0574859 0.0577602
0.00931933 0.00932752 0.00933684 0.00935098 0.0354983 0.0355095 0.0355213 0.0355354 0.0355393 0.0355544 0.0355755 0.0355871 0.03559 0.0356017 0.0356238 0.0356178 0.0356328 0.0356256 0.0356092 0.0356106 0.0355677 0.00938031 0.00935363 0.00934603 0.00933615 0.0093247 0.00933829 0.030248 0.0302702 0.0302954 0.0303114 0.0523228 0.052349 0.0523791 0.0524215 0.0524781 0.0525295 0.0526025 0.0527068 0.0528117 0.0528759 0.0529247 0.0530151 0.0531105 0.0531803 0.0532644 0.0311281 0.0311395 0.0311465 0.0311659 0.0311976 0.031257 0.0313395 0.0314076 0.031444 0.0314822 0.0315384 0.0539476 0.0540444 0.054135 0.0542275 0.0543255 0.0544209 0.0545157 0.0545956 0.0547207 0.0547877 0.0548882 0.0549871 0.0551301 0.0553068 0.0554552 0.0556532 0.0560346 0.056408 0.0565286 0.0566162 0.0567001 0.0568106 0.0568748 0.0569902 0.0572453 0.0576128
0.00929555 0.00930276 0.00931565 0.00932423 0.00933478 0.00934135 0.00935583 0.0355039 0.0355111 0.0355349 0.0355561 0.0355477 0.0355459 0.0355369 0.0355658 0.0355562 0.035564 0.00938552 0.00937587 0.00937286 0.0093575 0.00934321 0.00933872 0.0302234 0.0301946 0.0302035 0.0302569 0.0302865 0.0303075 0.0303234 0.052335 0.0523588 0.0524277 0.0524697 0.0525146 0.0525799 0.0526397 0.05266 0.0527212 0.0528068 0.0528801 0.0529544 0.0530744 0.0531677 0.0532485 0.0533237 0.0311426 0.03117 0.0311631 0.0311827 0.031218 0.0312799 0.0313569 0.0314216 0.0314654 0.0315011 0.0315464 0.0316112 0.0540543 0.0541481 0.0542391 0.0543357 0.0544311 0.0545284 0.0546117 0.0547033 0.0547954 0.0548538 0.0550014 0.0551346 0.0552694 0.055403 0.0555683 0.0557583 0.0560189 0.0562359 0.0563739 0.0564644 0.0566251 0.0567619 0.0569092 0.0571621 0.0575007
0.00927711 0.00927962 0.00929591 0.0093091 0.00931765 0.00932416 0.00933454 0.035477 0.0355027 0.0355228 0.0355176 0.0355278 0.0354715 0.0354692 0.03548 0.0354798 0.009354 0.00932747 0.00932343 0.00931853 0.00932456 0.00932523 0.030208 0.0301967 0.0301847 0.0302157 0.0302741 0.030311 0.0303313 0.0523362 0.0523488 0.0523845 0.0524886 0.0525654 0.0526117 0.0526779 0.0527402 0.0527452 0.0527844 0.0528394 0.0529067 0.0529839 0.0530898 0.0531921 0.0532802 0.0311616 0.0311573 0.0311835 0.0311749 0.0311967 0.0312358 0.031298 0.0313672 0.0314037 0.031471 0.0315094 0.0315513 0.031597 0.0540349 0.0541225 0.0542177 0.054306 0.0544025 0.0545002 0.0546265 0.0546771 0.0547663 0.0548782 0.0549849 0.0551061 0.0552621 0.0554015 0.0555215 0.0556765 0.0558211 0.055996 0.0561511 0.0562868 0.0564532 0.0566235 0.0568283 0.0571088 0.0574111
0.00925817 0.00926465 0.00927533 0.00929098 0.00930321 0.00931358 0.00932436 0.00934514 0.0354954 0.0355001 0.0354907 0.0354959 0.0354317 0.00930765 0.0093016 0.00930333 0.00929532 0.00929786 0.00929827 0.00930204 0.00930196 0.00930593 0.0301818 0.0301746 0.0301848 0.0302457 0.0302889 0.0303441 0.0303672 0.0523782 0.052393 0.0524059 0.0525209 0.0526369 0.052703 0.0527628 0.0528106 0.0528206 0.0528597 0.0528869 0.0529747 0.0530535 0.0531224 0.0532057 0.0532968 0.031178 0.0311775 0.0311848 0.0311979 0.0312137 0.0312631 0.0313209 0.0313732 0.0314352 0.0314694 0.0315121 0.0315547 0.0316241 0.0540485 0.0541405 0.0542378 0.054325 0.0544218 0.054524 0.0545915 0.0546996 0.0547719 0.0548472 0.0549676 0.0550974 0.0551984 0.0553384 0.0555114 0.0556563 0.055789 0.0559334 0.0560815 0.0562267 0.0563785 0.0565417 0.0567607 0.0570971 0.0573935
0.00924699 0.00925438 0.00926344 0.00927606 0.00929304 0.0093052 0.00931562 0.00933077 0.0354499 0.0354634 0.0354519 0.0354216 0.035388 0.0092773 0.00927038 0.0092748 0.00927484 0.009281 0.00928075 0.00928428 0.0301465 0.030134 0.0301469 0.0301669 0.0302285 0.0302684 0.0303232 0.0304084 0.0304451 0.0524623 0.0524302 0.0524556 0.0525192 0.0526504 0.0527538 0.0528232 0.0528813 0.0529063 0.0529156 0.0529428 0.0530206 0.0531 0.0531638 0.0532428 0.0311533 0.0311815 0.0311896 0.031195 0.0312146 0.0312234 0.0312734 0.031315 0.0313616 0.0313995 0.0314529 0.031517 0.0315607 0.0316096 0.0540536 0.0541287 0.0541797 0.0542581 0.0543507 0.0544565 0.0545658 0.0546441 0.0547125 0.0547981 0.0549233 0.0550567 0.0551879 0.0553362 0.0554824 0.0556241 0.0557652 0.055899 0.0560289 0.0561737 0.0563257 0.0564896 0.0567421 0.0570791 0.0573517
0.00923745 0.00924068 0.00924698 0.00926368 0.00927559 0.00928916 0.00930251 0.00931328 0.0093148 0.0354092 0.0353827 0.035362 0.0353557 0.00925766 0.00925459 0.00925606 0.00926291 0.0092642 0.00925272 0.0301058 0.030124 0.0301376 0.0301655 0.03021 0.0302478 0.0303026 0.0303757 0.0304646 0.0305089 0.0525391 0.0525317 0.0525392 0.0525518 0.0526705 0.0527896 0.0528665 0.0529335 0.0529765 0.0529964 0.0530077 0.0530394 0.0531011 0.0531851 0.0532758 0.0311529 0.0311893 0.0311882 0.0312167 0.031213 0.0312307 0.0312746 0.0313279 0.0313738 0.0314136 0.0314668 0.0315236 0.0315723 0.0316188 0.0540279 0.0540929 0.054191 0.0542682 0.0543513 0.0544444 0.0545428 0.0546282 0.0547131 0.0547969 0.0548803 0.0550037 0.0551316 0.0552705 0.0554065 0.0555444 0.0556808 0.0558303 0.0559763 0.0561265 0.0562867 0.0564509 0.0566508 0.0568904 0.057088
0.00922622 0.00922372 0.00923297 0.00925055 0.00926451 0.00927987 0.00929812 0.00930142 0.00929353 0.0353527 0.0353224 0.0353202 0.0353208 0.00923864 0.00923784 0.00923262 0.00923539 0.0300791 0.0300687 0.0301132 0.030142 0.0301721 0.0302014 0.0302252 0.0302549 0.0303073 0.0303889 0.030471 0.0305214 0.0525947 0.0526251 0.0526222 0.0526463 0.0527319 0.0528486 0.0529227 0.0529792 0.0530293 0.0530772 0.0530782 0.0530841 0.0531239 0.0531874 0.0311295 0.0311724 0.031196 0.0312021 0.0312119 0.0312247 0.0312425 0.0312771 0.0313181 0.0313594 0.0314012 0.0314591 0.0315087 0.0315776 0.0316087 0.0540403 0.0540714 0.0541423 0.0542186 0.0543342 0.0544229 0.0545111 0.0545932 0.0546889 0.0547818 0.054901 0.0550093 0.0551006 0.055233 0.0553568 0.0554865 0.0556237 0.0557856 0.0559327 0.0560751 0.0562407 0.0563945 0.0565222 0.0566699 0.056797
0.00920908 0.00921814 0.00923421 0.00924567 0.00926281 0.00927621 0.00928712 0.00929067 0.00925979 0.0352875 0.0352911 0.0092137 0.00921034 0.00919863 0.00919405 0.0091971 0.03005 0.0300745 0.0300801 0.0301431 0.0301777 0.0301979 0.0302214 0.0302467 0.0302755 0.0303255 0.030394 0.0304647 0.0525466 0.0526074 0.0526741 0.0527117 0.0527381 0.0527903 0.0529121 0.0529965 0.0530428 0.0530774 0.0531402 0.0531624 0.053174 0.0531667 0.0310887 0.031143 0.0311663 0.0311882 0.0312033 0.0312183 0.0312372 0.0312529 0.0312758 0.0313089 0.031347 0.0313878 0.0314521 0.0315229 0.0315613 0.0316243 0.0540053 0.0540979 0.0541682 0.0542389 0.0543 0.0544282 0.0545187 0.0546118 0.0547235 0.0548179 0.0548952 0.0549883 0.05512 0.0552376 0.0553515 0.0554669 0.055564 0.0557218 0.055873 0.0560125 0.056168 0.0563158 0.0564297 0.0565716 0.0567105
0.00919968 0.00921742 0.00923391 0.00924462 0.00925644 0.00926755 0.00926792 0.00925582 0.00921875 0.00919342 0.00918822 0.00917765 0.00915122 0.00916541 0.030012 0.0300351 0.0300896 0.0301377 0.0301531 0.030165 0.030188 0.03021 0.0302441 0.0302805 0.0303094 0.0303472 0.030394 0.0304557 0.0305264 0.0526179 0.0527119 0.052786 0.0528133 0.0528592 0.0529541 0.0530434 0.0530981 0.0531381 0.0532076 0.0532276 0.0532503 0.0532467 0.031131 0.031164 0.0311854 0.0311989 0.0312137 0.0312279 0.0312463 0.0312617 0.031281 0.0313236 0.0313406 0.0313825 0.0314353 0.0315208 0.0315657 0.0316147 0.0540232 0.054086 0.0541429 0.0542201 0.0543228 0.0544025 0.0545406 0.0546529 0.0547566 0.0548269 0.0549305 0.05502 0.0551171 0.0552208 0.0553373 0.055445 0.055567 0.0557076 0.0558199 0.0559594 0.0561132 0.056264 0.0563978 0.0565507 0.0567024
0.00919714 0.00921681 0.00923185 0.00924295 0.00925034 0.00925334 0.00923297 0.0092113 0.00917513 0.00915744 0.00915748 0.00913561 0.00914449 0.0300476 0.0300898 0.0301224 0.0301653 0.0302024 0.0302009 0.0302108 0.0302105 0.0302525 0.0303093 0.030348 0.0303597 0.0303874 0.0304304 0.0304659 0.0305185 0.0306057 0.0306927 0.030764 0.0308131 0.0308526 0.0309104 0.0530636 0.0531165 0.0531779 0.0532421 0.0532906 0.0532908 0.0311679 0.0311769 0.0312071 0.0312238 0.0312497 0.0312532 0.0312677 0.0312647 0.0312828 0.031285 0.0313064 0.0313591 0.0314004 0.031453 0.03151 0.0315609 0.0316093 0.0540068 0.054062 0.0541128 0.0541937 0.0543031 0.0544214 0.0545106 0.0546307 0.0547252 0.0548444 0.0549024 0.0550078 0.0551297 0.0552257 0.0553462 0.0554667 0.0555755 0.0556766 0.0558263 0.0559723 0.0561077 0.0562741 0.0564064 0.0565363 0.0566794
0.00919083 0.00921652 0.00922567 0.00922599 0.00922808 0.00921418 0.00919192 0.00916948 0.00914338 0.00912793 0.00911513 0.00912198 0.0300028 0.0300926 0.0301407 0.0301722 0.0302014 0.0302361 0.030262 0.0302556 0.030278 0.0303072 0.0303617 0.0304026 0.0304311 0.0304342 0.0304718 0.0305196 0.0305572 0.0306283 0.0307257 0.0308015 0.0308582 0.030905 0.0309512 0.0309936 0.0310298 0.0531841 0.0532363 0.0532867 0.0311727 0.031198 0.0312178 0.0312296 0.0312682 0.0313145 0.0313223 0.0535439 0.0535438 0.0535368 0.0535476 0.0313171 0.0536109 0.0536614 0.0537275 0.0537848 0.0538714 0.0539242 0.0539845 0.0540392 0.0540958 0.0541843 0.0542866 0.0543924 0.0545056 0.0546215 0.0547053 0.0547905 0.054889 0.0550105 0.0551008 0.0552454 0.0553767 0.0554869 0.0555915 0.0556992 0.0558157 0.0559654 0.0561205 0.0562481 0.0564176 0.0565481 0.0567072
0.00918319 0.00919497 0.00919389 0.00919565 0.00919037 0.00918061 0.00915615 0.00913105 0.00910538 0.00910566 0.00911436 0.0299651 0.0300512 0.0301277 0.0301635 0.0301884 0.0302142 0.0302402 0.0302639 0.0302884 0.0303156 0.0303375 0.0303776 0.0304208 0.0304609 0.0304853 0.0305203 0.0305721 0.030622 0.030671 0.0307446 0.0308246 0.0308903 0.0309415 0.0309878 0.0310102 0.0310427 0.0310677 0.0311056 0.031149 0.0311849 0.0312131 0.031237 0.0312678 0.031331 0.0313741 0.0535929 0.0536071 0.0535991 0.0535769 0.0535818 0.0535794 0.0536204 0.0536675 0.0537412 0.05384 0.0538669 0.0539169 0.0539659 0.0540229 0.0540846 0.0541646 0.0542492 0 0 0 0 0 0 0.0549895 0.0551175 0.0552217 0.0553542 0 0 0.0557206 0.0558452 0.0559734 0.0561056 0.0562727 0.0564249 0.0565554 0.0566828
0.00915752 0.00915773 0.00915829 0.00915535 0.00915416 0.00914298 0.00912075 0.00909624 0.00909684 0.00910865 0.0299647 0.0300263 0.030078 0.0301304 0.0301652 0.030191 0.0302162 0.030243 0.030273 0.0303119 0.0303499 0.0303798 0.0304087 0.0304354 0.0304626 0.0304987 0.0305352 0.0305838 0.0306339 0.0306902 0.0307585 0.030833 0.0308886 0.0309389 0.0309807 0.03102 0.0310435 0.0310798 0.0311099 0.0311615 0.0311934 0.0312226 0.0312521 0.0313002 0.0535836 0.0536385 0.0536381 0.0536569 0.0536415 0.0536217 0.0535951 0.0536351 0.0536376 0.0536745 0.0537088 0.053784 0.0538602 0.0539014 0.0539527 0.0540128 0.0540606 0 0 0 0 0 0 0 0 0 0 0 0 0 0 0 0 0 0 0 0.0564096 0.0565521 0.0567037
0.0091424 0.0091407 0.009141 0.00913361 0.00912729 0.00911771 0.00909951 0.0090872 0.00909224 0.00912535 0.0299965 0.0300592 0.0300989 0.0301349 0.0301682 0.0301959 0.0302252 0.0302604 0.0302952 0.0303342 0.0303748 0.030409 0.0304303 0.0304594 0.0305001 0.0305292 0.0305581 0.0305945 0.0306382 0.0306963 0.0307656 0.0308234 0.0308865 0.0309342 0.030973 0.0310087 0.0310333 0.0310695 0.03112 0.0311532 0.0311841 0.0312118 0.0312423 0.0313009 0.0535791 0.0536331 0.0536644 0.053694 0.0536899 0.0536772 0.0536345 0.0536568 0.0536497 0.0536477 0.053725 0.0538032 0.0538459 0.0538866 0.0539346 0.0539849 0 0 0 0 0 0 0 0 0 0 0 0 0 0 0 0 0 0 0 0 0 0 0
0.00913254 0.00913504 0.00912905 0.00912111 0.00911461 0.00910379 0.00909111 0.0090821 0.00910065 0.0299571 0.0300201 0.0300776 0.0301149 0.0301517 0.030187 0.0302192 0.0302578 0.0302934 0.0303277 0.0303539 0.0303905 0.0304119 0.00950088 0.0095417 0.0305507 0.030581 0.03061 0.0306346 0.0306677 0.0307145 0.0307664 0.0308176 0.0308723 0.0309193 0.0309587 0.0309979 0.0310469 0.0310907 0.0311285 0.0311601 0.0311918 0.0312195 0.031253 0.0313105 0.0535878 0.0536533 0.0536652 0.0536497 0.0536893 0.0536745 0.0536267 0.0536124 0.0536511 0.0536738 0.0537223 0.0537758 0.053812 0.053861 0.0539005 0 0 0 0 0 0 0 0 0 0 0 0 0 0 0 0 0 0 0 0 0 0 0 0
0.0091258 0.00912537 0.00911769 0.00911126 0.00909801 0.00908369 0.00908056 0.00908127 0.00910972 0.0299909 0.0300643 0.0301212 0.0301572 0.030197 0.0302269 0.0302656 0.0303068 0.0303317 0.0303585 0.0303791 0.0304049 0.0304326 0.00952256 0.00955664 0.00958598 0.0306001 0.0306361 0.030665 0.0306975 0.0307329 0.0307703 0.0308275 0.0308675 0.0309111 0.0309622 0.0310033 0.0310381 0.0310895 0.0311252 0.0311717 0.031203 0.0312311 0.0312501 0.0313029 0.0535578 0.0536585 0.0536888 0.0536732 0.0537082 0.0536897 0.0536451 0.0536358 0.0536703 0.0536601 0.0537054 0.0537416 0.0537841 0.0538287 0 0 0 0 0 0 0 0 0 0 0 0 0 0 0 0 0 0 0 0 0 0 0 0 0
0.00911749 0.00911463 0.00910455 0.0090909 0.00907576 0.00907613 0.00907724 0.00909772 0.00915102 0.0300618 0.0301107 0.0301431 0.0301767 0.0302195 0.0302498 0.0302884 0.0303214 0.0303436 0.0303642 0.030398 0.0304385 0.00951357 0.00953848 0.00956869 0.00959483 0.0306151 0.030643 0.0306791 0.0307115 0.0307457 0.0307827 0.0308075 0.030858 0.0308978 0.0309386 0.030999 0.0310564 0.0311036 0.0311352 0.0311654 0.031197 0.0312229 0.0312684 0.0534823 0.053556 0.0536067 0.0536846 0.053667 0.0536931 0.0536636 0.0536302 0.0536218 0.0536357 0.0536374 0.0536604 0 0 0 0 0 0 0 0 0 0 0 0 0 0 0 0 0 0 0 0 0 0 0 0 0 0 0 0
0.0091058 0.00909355 0.00907911 0.00906708 0.00906957 0.00906892 0.00909251 0.00912106 0.00916649 0.0300583 0.0300995 0.0301324 0.0301675 0.0302105 0.030247 0.0302884 0.0303156 0.0303343 0.0303676 0.030405 0.00949532 0.00951917 0.00954631 0.00957177 0.00959538 0.0306097 0.0306376 0.0306792 0.0307263 0.0307507 0.0307796 0.0308181 0.0308504 0.030889 0.0309592 0.031014 0.0310822 0.0311233 0.0311547 0.0311838 0.0312156 0.0312422 0.0534215 0.0534779 0.0535423 0.0536138 0.0536335 0.0536673 0.0536646 0 0 0 0 0 0 0 0 0 0 0 0 0 0 0 0 0 0 0 0 0 0 0 0 0 0 0 0 0 0 0 0 0 0
0.00908652 0.00907313 0.00905973 0.00906749 0.00906821 0.00908247 0.00910943 0.00913348 0.00916707 0.0300484 0.0300909 0.0301285 0.0301676 0.0302093 0.0302474 0.0302902 0.0303168 0.0303361 0.0303568 0.00947036 0.00949775 0.00952182 0.00954541 0.0095678 0.00959759 0.0306193 0.0306589 0.0306935 0.030717 0.030759 0.0307836 0.0308146 0.0308449 0.0308937 0.0309354 0.0310192 0.0310847 0.0311251 0.0311554 0.0311856 0.0533712 0.0534011 0.0534447 0.0534671 0.0534961 0.0535591 0.0536224 0.0536073 0 0 0 0 0 0 0 0 0 0 0 0 0 0 0 0 0 0 0 0 0 0 0 0 0 0 0 0 0 0 0 0 0 0 0
0.00906815 0.00905903 0.00906355 0.00907163 0.00908737 0.00910482 0.00912791 0.00914257 0.00916107 0.030025 0.0300618 0.0301013 0.0301425 0.0301845 0.0302196 0.00935775 0.0302903 0.0303217 0.00943745 0.00946477 0.0094926 0.00951289 0.00953662 0.00956245 0.0305794 0.0306185 0.0306446 0 0 0.0307482 0.0307814 0.0308168 0.0308485 0.03087 0 0 0 0 0.0311595 0.0311888 0.0533796 0.0534097 0.0534359 0.0534557 0.053461 0 0 0 0 0 0 0 0 0 0 0 0 0 0 0 0 0 0 0 0 0 0 0 0 0 0 0 0 0 0 0 0 0 0 0 0 0 0
0.00907047 0.00905904 0.00906196 0.00908702 0.0091091 0.00912317 0.00913243 0.0091407 0.00915732 0.00918546 0.0300595 0.0300977 0.0301321 0.030162 0.00931207 0.00933411 0.0093674 0.00939768 0.00942869 0.00945684 0.00947925 0.00949785 0.00952111 0 0 0 0 0 0 0 0 0 0 0 0 0 0 0 0 0.0311619 0.0311955 0.0533929 0.0534056 0 0 0 0 0 0 0 0 0 0 0 0 0 0 0 0 0 0 0 0 0 0 0 0 0 0 0 0 0 0 0 0 0 0 0 0 0 0 0 0
0.00907052 0.0090585 0.00907036 0.00910272 0.00911964 0.00912472 0.00913588 0.00914085 0.00914895 0.00916956 0.0300466 0.0300947 0.0301258 0.0301453 0.0092942 0.00932124 0.00935123 0.00937923 0.00940222 0 0 0 0 0 0 0 0 0 0 0 0 0 0 0 0 0 0 0 0 0 0 0 0 0 0 0 0 0 0 0 0 0 0 0 0 0 0 0 0 0 0 0 0 0 0 0 0 0 0 0 0 0 0 0 0 0 0 0 0 0 0 0 0
0.00906883 0.009061 0.00908233 0.00911208 0.00911681 0.00912675 0.0091305 0.00913287 0.00913967 0.00915399 0.0300087 0.0300465 0.0300993 0.0301192 0.00927493 0.00930252 0.00932913 0.00935218 0 0 0 0 0 0 0 0 0 0 0 0 0 0 0 0 0 0 0 0 0 0 0 0 0 0 0 0 0 0 0 0 0 0 0 0 0 0 0 0 0 0 0 0 0 0 0 0 0 0 0 0 0 0 0 0 0 0 0 0 0 0 0 0 0
0.009054 0.00906119 0.00908598 0.00911225 0.0091206 0.00911953 0.00912655 0.00912513 0.0091321 0.00914227 0.0299885 0.0300201 0.0300522 0.00923276 0.00924972 0.00927626 0.00929849 0 0 0 0 0 0 0 0 0 0 0 0 0 0 0 0 0 0 0 0 0 0 0 0 0 0 0 0 0 0 0 0 0 0 0 0 0 0 0 0 0 0 0 0 0 0 0 0 0 0 0 0 0 0 0 0 0 0 0 0 0 0 0 0 0 0
0.00905342 0.00906291 0.00908579 0.00910842 0.00911496 0.00911737 0.00911794 0.00911988 0.0091254 0.00913218 0.00914455 0.0299857 0.0300113 0.00920258 0.00922765 0.00925244 0 0 0 0 0 0 0 0 0 0 0 0 0 0 0 0 0 0 0 0 0 0 0 0 0 0 0 0 0 0 0 0 0 0 0 0 0 0 0 0 0 0 0 0 0 0 0 0 0 0 0 0 0 0 0 0 0 0 0 0 0 0 0 0 0 0 0
0.00905206 0.00906392 0.00907463 0.00908957 0.00910019 0.0091086 0.00911345 0.00911674 0.00912054 0.00912547 0.00913216 0.00914395 0.00915783 0.00917899 0.00921022 0 0 0 0 0 0 0 0 0 0 0 0 0 0 0 0 0 0 0 0 0 0 0 0 0 0 0 0 0 0 0 0 0 0 0 0 0 0 0 0 0 0 0 0 0 0 0 0 0 0 0 0 0 0 0 0 0 0 0 0 0 0 0 0 0 0 0 0
0.00905461 0.00906132 0.00906541 0.00907441 0.00908425 0.00909383 0.00910366 0.00911249 0.00911674 0.00912018 0.00912507 0.00913087 0.00913953 0 0 0 0 0 0 0 0 0 0 0 0 0 0 0 0 0 0 0 0 0 0 0 0 0 0 0 0 0 0 0 0 0 0 0 0 0 0 0 0 0 0 0 0 0 0 0 0 0 0 0 0 0 0 0 0 0 0 0 0 0 0 0 0 0 0 0 0 0 0
0.00905 0.00905635 0.00905902 0.00906525 0.00907291 0.0090815 0.00909084 0.00910477 0.00911066 0.00911436 0.0091172 0.0091182 0 0 0 0 0 0 0 0 0 0 0 0 0 0 0 0 0 0 0 0 0 0 0 0 0 0 0 0 0 0 0 0 0 0 0 0 0 0 0 0 0 0 0 0 0 0 0 0 0 0 0 0 0 0 0 0 0 0 0 0 0 0 0 0 0 0 0 0 0 0 0
0.00904571 0.00905491 0.00905739 0.00906113 0.00906561 0.0090713 0.00907727 0.00909031 0.00910246 0.00910599 0.00910532 0 0 0 0 0 0 0 0 0 0 0 0 0 0 0 0 0 0 0 0 0 0 0 0 0 0 0 0 0 0 0 0 0 0 0 0 0 0 0 0 0 0 0 0 0 0 0 0 0 0 0 0 0 0 0 0 0 0 0 0 0 0 0 0 0 0 0 0 0 0 0 0
0.00904147 0.00904777 0.00905324 0.00905827 0.00906142 0.00906402 0.00906457 0.00907196 0.00908893 0.00909425 0 0 0 0 0 0 0 0 0 0 0 0 0 0 0 0 0 0 0 0 0 0 0 0 0 0 0 0 0 0 0 0 0 0 0 0 0 0 0 0 0 0 0 0 0 0 0 0 0 0 0 0 0 0 0 0 0 0 0 0 0 0 0 0 0 0 0 0 0 0 0 0 0
0.00903833 0.00904256 0.00121774 0.00122091 0.00122352 0.00905799 0.00906057 0.00906182 0.00906907 0 0 0 0 0 0 0 0 0 0 0 0 0 0 0 0 0 0 0 0 0 0 0 0 0 0 0 0 0 0 0 0 0 0 0 0 0 0 0 0 0 0 0 0 0 0 0 0 0 0 0 0 0 0 0 0 0 0 0 0 0 0 0 0 0 0 0 0 0 0 0 0 0 0
0.00120684 0.00121141 0.00121392 0.00121454 0.00121528 0.0012205 0.00905454 0 0 0 0 0 0 0 0 0 0 0 0 0 0 0 0 0 0 0 0 0 0 0 0 0 0 0 0 0 0 0 0 0 0 0 0 0 0 0 0 0 0 0 0 0 0 0 0 0 0 0 0 0 0 0 0 0 0 0 0 0 0 0 0 0 0 0 0 0 0 0 0 0 0 0 0
0.00120347 0.00120804 0.00121016 0.00121085 0.00121153 0.0012134 0 0 0 0 0 0 0 0 0 0 0 0 0 0 0 0 0 0 0 0 0 0 0 0 0 0 0 0 0 0 0 0 0 0 0 0 0 0 0 0 0 0 0 0 0 0 0 0 0 0 0 0 0 0 0 0 0 0 0 0 0 0 0 0 0 0 0 0 0 0 0 0 0 0 0 0 0
0.00120159 0.00120513 0.00120565 0.00120725 0.00120774 0 0 0 0 0 0 0 0 0 0 0 0 0 0 0 0 0 0 0 0 0 0 0 0 0 0 0 0 0 0 0 0 0 0 0 0 0 0 0 0 0 0 0 0 0 0 0 0 0 0 0 0 0 0 0 0 0 0 0 0 0 0 0 0 0 0 0 0 0 0 0 0 0 0 0 0 0 0
