Outputs/initial_cond/hG_ev.asc
ncols 286
nrows 262
xllcorner 528670
yllcorner 5.07688e+06
cellsize 35
NODATA_value -9999
[rows 148 to 184 of 262, columns 166 to 248 of 286]
0.038776 0.0387125 0.0386129 0.0385328 0.0385582 0.0564166 0.0565401 0.0567343 0.0569674 0.0571368 0.0571686 0.0572023 0.0571846 0.0571358 0.0571638 0.0573388 0.0575687 0.0577401 0.0578244 0.0578303 0.0577505 0.0576512 0.057619 0.0575797 0.0575662 0.0576035 0.0577077 0.0578367 0.0579491 0.0580766 0.0581824 0.0582415 0.0582194 0.0581818 0.0581448 0.0581023 0.0581224 0.0581516 0.0582746 0.0583998 0.0584877 0.0585149 0.0585641 0.058649 0.0586944 0.0587357 0.0587811 0.0588953 0.0590105 0.0591436 0.0592766 0.0594295 0.0595871 0.059802 0.0599686 0.0600508 0.0602064 0.0603301 0.0605169 0.0606007 0.0606561 0 0 0 0 0 0 0 0 0 0 0 0 0 0 0 0 0 0 0 0 0 0
0.0386768 0.0385981 0.038545 0.0384691 0.0563515 0.0565835 0.0567971 0.0568991 0.0570461 0.0571848 0.05725 0.0572928 0.0573105 0.0572397 0.0572244 0.0574048 0.057654 0.0578271 0.0578867 0.0578813 0.0578255 0.0577467 0.0577209 0.0576842 0.0576243 0.0576178 0.0576614 0.0577448 0.0578276 0.0579627 0.0580939 0.0581886 0.0581963 0.0582596 0.0582216 0.0581681 0.0582036 0.0582126 0.05829 0.0584193 0.058522 0.0585749 0.0586259 0.0586944 0.0587956 0.0588687 0.0588802 0.0589428 0.0589633 0.0590867 0.0592003 0.0593655 0.0595391 0.0598005 0.0599156 0.0600541 0.0601312 0.0602571 0.060379 0.0604827 0.0606213 0.060651 0 0 0 0 0 0 0 0 0 0 0 0 0 0 0 0 0 0 0 0 0
0.0386139 0.0384803 0.0384335 0.0561894 0.0563382 0.0565824 0.0568074 0.0570257 0.0571546 0.0572533 0.0573133 0.0573533 0.0573994 0.0573267 0.0572862 0.0574243 0.057643 0.0578354 0.057913 0.0579215 0.0579181 0.0578789 0.05785 0.0577667 0.0577018 0.0576807 0.0576997 0.0577236 0.0578069 0.0579305 0.0580371 0.0581245 0.058186 0.0582149 0.0582738 0.0582318 0.0582794 0.0583056 0.0583364 0.0584253 0.0585686 0.0586267 0.058681 0.0587724 0.0588978 0.0589837 0.0590019 0.0590371 0.0590588 0.0590648 0.0592084 0.0593203 0.0594782 0.0596904 0.0599107 0.0599672 0.0600463 0.0601685 0.0602573 0.0604099 0.0606044 0.0606067 0 0 0 0 0 0 0 0 0 0 0 0 0 0 0 0 0 0 0 0 0
0.0385621 0.0384225 0.0561011 0.0563376 0.0565078 0.0566367 0.0568147 0.0570311 0.0571931 0.0573167 0.0573822 0.0574073 0.0574496 0.0574009 0.0573656 0.0574798 0.0576666 0.0578595 0.0579775 0.0580131 0.0580556 0.0580686 0.0580443 0.0579508 0.0578213 0.0577885 0.0577447 0.0577713 0.0578182 0.057918 0.0580144 0.0580658 0.0581182 0.0582175 0.0582692 0.0583208 0.0583508 0.0583774 0.0584484 0.0584794 0.058648 0.0587064 0.0587395 0.0588509 0.0589879 0.0590845 0.0591061 0.0591553 0.0591641 0.0591699 0.0591695 0.059303 0.0594479 0.0596218 0.0598118 0.0599067 0.0599818 0.0600929 0.0602376 0.0603635 0.0605493 0.0605964 0 0 0 0 0 0 0 0 0 0 0 0 0 0 0 0 0 0 0 0 0
0.0384424 0.0560082 0.0561343 0.0564167 0.0566929 0.0568202 0.0569663 0.0571124 0.0572287 0.0573537 0.0574447 0.0574738 0.0575178 0.0574826 0.0574375 0.057527 0.0576958 0.0578369 0.0579693 0.0580875 0.0581895 0.0582326 0.0581983 0.0580914 0.0579484 0.0578637 0.0578099 0.0578226 0.0578664 0.0579665 0.0579868 0.0580456 0.0581052 0.0582011 0.0582813 0.0583592 0.0584279 0.0584666 0.0585315 0.0585956 0.0587503 0.0587852 0.0588203 0.0589401 0.0590691 0.0591521 0.0592332 0.0592372 0.0592774 0.0592784 0.0592978 0.0593131 0.0593951 0.0595727 0.0597391 0.0598507 0.0599389 0.060071 0.060189 0.0603623 0.0605327 0.0605517 0 0 0 0 0 0 0 0 0 0 0 0 0 0 0 0 0 0 0 0 0
0.0559369 0.0559969 0.0562276 0.0565145 0.0567674 0.0569125 0.057031 0.0571705 0.0572857 0.0573822 0.0574826 0.0575521 0.0575707 0.0575512 0.0575202 0.0575684 0.0576973 0.0578492 0.0579652 0.0580738 0.05818 0.0582546 0.0582548 0.0581548 0.058054 0.0579615 0.0578711 0.057869 0.0579121 0.0579868 0.0580264 0.0580736 0.058092 0.0581619 0.0582669 0.0583833 0.0584886 0.0585508 0.0586228 0.0587233 0.0588448 0.0588472 0.0589356 0.0590094 0.0591122 0.0592242 0.0593379 0.0593747 0.059395 0.0593786 0.059425 0.0593978 0.0594826 0.0595493 0.0597275 0.0598352 0.0599395 0.0600684 0.0601954 0.0603576 0.0605452 0.0605519 0 0 0 0 0 0 0 0 0 0 0 0 0 0 0 0 0 0 0 0 0
0.0559256 0.0560667 0.0563124 0.056572 0.0567585 0.0568973 0.0570324 0.0571755 0.0572924 0.0573884 0.0574868 0.0575942 0.0576354 0.0576433 0.0576175 0.0576511 0.0577276 0.0578313 0.0579407 0.0580619 0.0581817 0.0582496 0.0582807 0.058212 0.0581088 0.0579984 0.0579112 0.0578907 0.0579416 0.058019 0.0580795 0.0580734 0.0581404 0.0581772 0.0582701 0.0584018 0.0585129 0.058635 0.0587363 0.0588911 0.0589284 0.0589743 0.0590096 0.059079 0.0591689 0.0592912 0.0594468 0.0595042 0.0595159 0.0594673 0.0595233 0.05952 0.0595781 0.0595923 0.0597683 0.0598774 0.0600167 0.0601399 0.0602876 0.0604417 0.0605589 0.0605712 0 0 0 0 0 0 0 0 0 0 0 0 0 0 0 0 0 0 0 0 0
0.0560744 0.0561173 0.0562916 0.0565356 0.0567198 0.0568459 0.0569901 0.0571349 0.05729 0.0573983 0.0574904 0.0576109 0.0576933 0.0577421 0.0577095 0.0577608 0.0577902 0.0578642 0.0579804 0.0580823 0.058182 0.0582664 0.0583103 0.0582527 0.058139 0.0580517 0.0579654 0.0579432 0.0579664 0.0580523 0.0580981 0.0581156 0.0581533 0.058195 0.0583027 0.0584308 0.0585435 0.058674 0.0588563 0.059 0.0590299 0.0590925 0.0590931 0.0591539 0.0592691 0.0593809 0.0595249 0.0595315 0.0596095 0.0595809 0.0596101 0.0596797 0.0596664 0.0596696 0.0597111 0.0598354 0.0600082 0.0601813 0.0603235 0.0604632 0.0605295 0.0605309 0.0604692 0 0 0 0 0 0 0 0 0 0 0 0 0 0 0 0 0 0 0 0
0.0562688 0.0562168 0.0562739 0.05647 0.0566196 0.0567533 0.0568828 0.0570438 0.0572253 0.0573854 0.0574998 0.0575974 0.0577128 0.0577846 0.0578268 0.0578449 0.0578832 0.0579097 0.0580015 0.0581303 0.0582357 0.0582989 0.05833 0.0582602 0.0581767 0.0581576 0.0580725 0.057994 0.058029 0.0580959 0.0581398 0.0581557 0.0582007 0.0582194 0.0583186 0.0584326 0.0585601 0.0587231 0.0589027 0.059043 0.0591152 0.0591854 0.0591847 0.0592421 0.0593722 0.0595061 0.0595624 0.0596069 0.0596116 0.0596492 0.059657 0.059706 0.059752 0.0597067 0.0597351 0.0598734 0.0600037 0.060149 0.0602718 0.06042 0.0605047 0.0605167 0.0604362 0 0 0 0 0 0 0 0 0 0 0 0 0 0 0 0 0 0 0 0
0.0564096 0.0563559 0.0563154 0.0564517 0.0566164 0.056728 0.0568599 0.0569946 0.0571719 0.0573785 0.057521 0.0576051 0.0576953 0.0578076 0.0578791 0.0579268 0.0579567 0.0579861 0.0580444 0.0581482 0.0582834 0.0583446 0.058354 0.0583071 0.058256 0.0581969 0.0581306 0.0580278 0.0580618 0.0581535 0.0581623 0.0582035 0.0582311 0.0582707 0.058338 0.0584483 0.0585812 0.0587603 0.0589267 0.0590753 0.0592138 0.0592391 0.0593177 0.0593423 0.0594629 0.0595524 0.0596145 0.0596264 0.0596519 0.0596865 0.0597482 0.0597683 0.0597852 0.059814 0.059833 0.0599221 0.060023 0.0601102 0.0602549 0.0604218 0.0605053 0.0604793 0 0 0 0 0 0 0 0 0 0 0 0 0 0 0 0 0 0 0 0 0
0.0566476 0.0564978 0.0564664 0.0565319 0.0567349 0.0568945 0.0569582 0.0569712 0.0571429 0.0573603 0.0575169 0.057648 0.057747 0.0578296 0.0579298 0.0579739 0.0580432 0.058076 0.0581143 0.0581886 0.0583079 0.0583921 0.0584305 0.0584151 0.0583353 0.0582156 0.0581518 0.0580792 0.0581003 0.0581921 0.0582125 0.0582699 0.058258 0.0583123 0.0583601 0.0584711 0.0586043 0.0587661 0.0589181 0.0590664 0.059236 0.0593402 0.0593817 0.0594418 0.0594892 0.0595901 0.059646 0.0596904 0.0596878 0.0597096 0.0598452 0.0598553 0.0599013 0.0598929 0.0599853 0.060036 0.0600726 0.0602086 0.0602831 0.0604166 0.0604777 0.0604938 0 0 0 0 0 0 0 0 0 0 0 0 0 0 0 0 0 0 0 0 0
0.0568688 0.0567171 0.0567204 0.0567546 0.0569933 0.0571716 0.0571789 0.057083 0.0571629 0.0573452 0.0575118 0.057669 0.0578065 0.0578908 0.0579877 0.0580588 0.058117 0.0581729 0.0582061 0.0582587 0.0583441 0.058445 0.0584657 0.0584604 0.0583694 0.058243 0.0581452 0.0580863 0.0581245 0.0582173 0.0582512 0.0583115 0.0583078 0.0583586 0.0583888 0.0585003 0.0586383 0.0587892 0.0589336 0.0590896 0.0592362 0.0593238 0.0594129 0.0594804 0.0595349 0.0596234 0.0597364 0.0597267 0.0598095 0.0598226 0.059913 0.0599196 0.0599415 0.0599503 0.0600843 0.0601319 0.060167 0.060307 0.0603773 0.0604539 0.0605162 0.0604545 0 0 0 0 0 0 0 0 0 0 0 0 0 0 0 0 0 0 0 0 0
0.0569804 0.0570206 0.0570731 0.0571666 0.0573166 0.0573802 0.0573504 0.0571796 0.0572159 0.057428 0.0575553 0.0576804 0.0578327 0.0579651 0.0580548 0.0581236 0.0582076 0.0582785 0.0583029 0.0583676 0.0583972 0.0584479 0.0584773 0.0584621 0.058387 0.0582784 0.058181 0.0581201 0.0581551 0.0582519 0.0583129 0.0583652 0.058364 0.0583952 0.0584422 0.0585132 0.0586517 0.0587977 0.0589638 0.0591038 0.0592302 0.0593165 0.0594372 0.0595135 0.0595894 0.0596725 0.059751 0.0598275 0.0598582 0.0599016 0.0599787 0.0600227 0.0600302 0.0600389 0.0601701 0.060229 0.0603 0.0603537 0.0604509 0.0605015 0.0605504 0.0604487 0 0 0 0 0 0 0 0 0 0 0 0 0 0 0 0 0 0 0 0 0
0.0570951 0.0571351 0.0572122 0.0573194 0.0574257 0.0574645 0.0574554 0.057326 0.0573195 0.0574818 0.0576237 0.0577404 0.0578815 0.0580225 0.0581203 0.0581865 0.0582683 0.0583557 0.0583938 0.0584346 0.0584606 0.0584553 0.0584678 0.0584288 0.0583912 0.0583065 0.0582098 0.0581583 0.0581947 0.0583056 0.05837 0.0584184 0.0584224 0.0584653 0.0584904 0.0585236 0.0586333 0.0587629 0.0589318 0.0590864 0.0592125 0.0593034 0.0594384 0.0594506 0.0596291 0.0597153 0.0598155 0.0599143 0.0599501 0.0600224 0.0600995 0.0600912 0.0601369 0.0601616 0.0602586 0.0603333 0.0603753 0.0604466 0.0604836 0.0605323 0.0605066 0.0604374 0 0 0 0 0 0 0 0 0 0 0 0 0 0 0 0 0 0 0 0 0
0.0571366 0.0572008 0.0572669 0.0573546 0.0574557 0.0575039 0.057538 0.0575062 0.0574564 0.0575011 0.0576614 0.0577861 0.0579162 0.0580602 0.0581678 0.0582445 0.0583313 0.0584145 0.0584472 0.0584847 0.0584685 0.0584447 0.0584152 0.0583925 0.0583511 0.0582671 0.0582033 0.0581999 0.0582223 0.0583474 0.0584128 0.0584704 0.0585008 0.0585078 0.0585587 0.0585882 0.0586451 0.0587757 0.058894 0.0590135 0.0591747 0.0593215 0.0593983 0.0594709 0.0596137 0.0597377 0.059875 0.0600019 0.0600472 0.0601245 0.0601594 0.0601589 0.0602233 0.0602445 0.0603549 0.0604432 0.0605204 0.0604927 0.0605151 0.060461 0.0604515 0.0604059 0 0 0 0 0 0 0 0 0 0 0 0 0 0 0 0 0 0 0 0 0
0.057156 0.0572464 0.0573202 0.0574005 0.0574801 0.0575556 0.057581 0.0575894 0.0575099 0.0575527 0.0576891 0.0578447 0.0579645 0.0580872 0.0582043 0.0582967 0.0583867 0.0584394 0.0584863 0.0584627 0.0584372 0.0583722 0.0583534 0.0583417 0.058291 0.0582385 0.0582176 0.05826 0.0583046 0.0583941 0.0584599 0.0585204 0.0585591 0.0585738 0.0586233 0.0586665 0.0587485 0.0587921 0.0588833 0.0590046 0.0591302 0.0592384 0.0593751 0.0594249 0.0595945 0.0597189 0.0598238 0.0600142 0.0601308 0.0601946 0.0602367 0.0602815 0.0603001 0.0603304 0.0604489 0.0605516 0.0605118 0.0605003 0.0604127 0.060336 0.0603312 0 0 0 0 0 0 0 0 0 0 0 0 0 0 0 0 0 0 0 0 0 0
0.0571214 0.0572443 0.0573674 0.0574524 0.0575247 0.0575945 0.0576229 0.0576539 0.0576044 0.0576093 0.0577042 0.0578697 0.0580168 0.0581381 0.0582463 0.0583468 0.0584363 0.0584791 0.0584945 0.0584479 0.0583582 0.0582976 0.0582788 0.0582789 0.0582715 0.0582364 0.0582723 0.0583236 0.0583799 0.0584473 0.0585209 0.0585627 0.058618 0.0586255 0.0586823 0.0587643 0.058861 0.0589212 0.0589606 0.0590175 0.0591347 0.0592445 0.0593926 0.0594338 0.0595904 0.0597046 0.0598583 0.0600062 0.0601862 0.0603187 0.0603413 0.0603855 0.0604066 0.0604318 0.060538 0.0605698 0.0605455 0.0604386 0.0603353 0 0 0 0 0 0 0 0 0 0 0 0 0 0 0 0 0 0 0 0 0 0 0 0
0.0570941 0.0572313 0.0573579 0.0574922 0.057575 0.0576379 0.0576634 0.0577035 0.0576944 0.0577004 0.0577135 0.0578579 0.0580004 0.0581358 0.058254 0.0583612 0.0584792 0.0584777 0.0584594 0.0583856 0.0582882 0.0582642 0.0582513 0.0582586 0.0582544 0.0583015 0.0583166 0.0583656 0.0584366 0.0585013 0.0585613 0.0586168 0.0586525 0.0586955 0.0587404 0.0588462 0.0589725 0.059036 0.0590946 0.0591374 0.0591897 0.0592358 0.0593389 0.0594481 0.0595615 0.0596491 0.0597924 0.0599738 0.0601637 0.0603043 0.0603919 0.060469 0.0604857 0.060519 0.060563 0.0605723 0.060521 0.0604138 0 0 0 0 0 0 0 0 0 0 0 0 0 0 0 0 0 0 0 0 0 0 0 0 0
0.0570302 0.0571559 0.057338 0.0574943 0.0576245 0.0576893 0.0577115 0.0577551 0.057776 0.0577645 0.0577688 0.0578536 0.0579959 0.0581217 0.0582359 0.0583538 0.0584423 0.0584747 0.058444 0.0583486 0.0582807 0.0582304 0.0582319 0.0582808 0.0582907 0.0583376 0.0583843 0.0584273 0.0584984 0.0585563 0.0586056 0.0586632 0.0587318 0.0587445 0.0588054 0.0589011 0.05906 0.059093 0.0591521 0.0592298 0.0592421 0.0593095 0.0593388 0.0594351 0.0595639 0.0596846 0.0597818 0.0599473 0.0601005 0.0602798 0.0604195 0.0604944 0.0605843 0.0605939 0.0606281 0.0605504 0.0605062 0 0 0 0 0 0 0 0 0 0 0 0 0 0 0 0 0 0 0 0 0 0 0 0 0 0
0.0570273 0.0571288 0.0573109 0.0574886 0.0576246 0.0577365 0.0577596 0.0578215 0.0578289 0.057848 0.0578134 0.0578553 0.0579402 0.0580299 0.0581588 0.0582988 0.05841 0.0584257 0.0584082 0.058316 0.0582714 0.0582438 0.0582828 0.0582948 0.0583355 0.0583896 0.0584512 0.058534 0.058598 0.0586616 0.0586744 0.058719 0.0587918 0.0588151 0.0588764 0.0589529 0.059069 0.0591921 0.0591929 0.0592752 0.0592713 0.0593217 0.0593867 0.0595047 0.0595865 0.0596472 0.0597848 0.0599141 0.060064 0.0602276 0.0603867 0.0604898 0.0606421 0.0606574 0.0606257 0.0605614 0.0604243 0 0 0 0 0 0 0 0 0 0 0 0 0 0 0 0 0 0 0 0 0 0 0 0 0 0
0.0571062 0.0571375 0.0572791 0.0574565 0.0576146 0.0577376 0.0578086 0.0578763 0.0579012 0.0579221 0.0579286 0.0579112 0.0579317 0.0579884 0.058102 0.0582331 0.0583304 0.0583519 0.0583747 0.058315 0.0582759 0.0582713 0.0583175 0.0583329 0.058385 0.0584409 0.0585238 0.0586242 0.0586832 0.0587242 0.0587418 0.0588139 0.0588393 0.0588949 0.0589235 0.0590195 0.0591254 0.0592074 0.0593363 0.0593997 0.0594102 0.0594356 0.059484 0.0595167 0.0596467 0.0597231 0.0597854 0.0599285 0.060069 0.0601827 0.0603387 0.0604914 0.0605893 0.0606172 0.0605882 0.0604951 0 0 0 0 0 0 0 0 0 0 0 0 0 0 0 0 0 0 0 0 0 0 0 0 0 0 0
0.0571988 0.0571857 0.0572682 0.0574303 0.0575919 0.0577363 0.0578569 0.0579179 0.0579617 0.0579998 0.0580389 0.0580212 0.0579733 0.0579759 0.0580381 0.0581703 0.0582279 0.0582777 0.0583007 0.0583129 0.0582778 0.0583306 0.0583515 0.058394 0.0584369 0.0584889 0.0585754 0.0586852 0.0587463 0.0587984 0.0588105 0.0588759 0.0588847 0.0589508 0.0589456 0.0590014 0.0590912 0.0592149 0.0593879 0.0595081 0.0594868 0.059531 0.0595532 0.0595868 0.0596809 0.0598037 0.0598807 0.0599477 0.0600357 0.0601919 0.0603401 0.0604716 0.0606199 0.0605956 0.0605825 0 0 0 0 0 0 0 0 0 0 0 0 0 0 0 0 0 0 0 0 0 0 0 0 0 0 0 0
0.0572564 0.057222 0.0572554 0.0574071 0.0575669 0.0577093 0.0578324 0.0579603 0.0580262 0.0580643 0.058112 0.0580888 0.0580327 0.057994 0.0579692 0.0581072 0.05818 0.0582213 0.0582584 0.0583054 0.0583167 0.0583591 0.0584061 0.0584519 0.058493 0.0585391 0.058623 0.0587433 0.0587904 0.0588108 0.0588451 0.0589096 0.0589204 0.0589624 0.0590295 0.0590712 0.0591071 0.0592272 0.0593866 0.0594986 0.0595714 0.059613 0.0596519 0.0596989 0.0597499 0.0598801 0.0599504 0.0600251 0.060123 0.0602043 0.0603135 0.0604364 0.0605058 0.0605905 0.0605257 0 0 0 0 0 0 0 0 0 0 0 0 0 0 0 0 0 0 0 0 0 0 0 0 0 0 0 0
0.0573109 0.0572434 0.0572878 0.0573718 0.0575368 0.05769 0.0578219 0.0579322 0.0580616 0.0581213 0.0581728 0.0581509 0.058102 0.0580554 0.0580315 0.0581016 0.0581658 0.0582242 0.0582623 0.0583185 0.0583619 0.0584091 0.0584645 0.0585089 0.0585529 0.0586014 0.0586738 0.0587208 0.0587819 0.0588734 0.0588886 0.0589319 0.0589363 0.0590158 0.0590517 0.0590768 0.0591264 0.0592146 0.0593608 0.059514 0.0596185 0.0596932 0.0597535 0.0597872 0.0598284 0.0599218 0.0600228 0.0601068 0.0601999 0.0602999 0.060368 0.0604704 0.060555 0.0605475 0.0604675 0 0 0 0 0 0 0 0 0 0 0 0 0 0 0 0 0 0 0 0 0 0 0 0 0 0 0 0
0.0573752 0.057316 0.0573211 0.0573645 0.0575305 0.0576916 0.0578155 0.0579366 0.0580505 0.0581168 0.0581401 0.0581676 0.0581085 0.0580539 0.0580497 0.0580939 0.0581535 0.0582178 0.0582933 0.0583604 0.0584115 0.0584661 0.0585223 0.058572 0.0586177 0.0586699 0.0586804 0.0587583 0.0588428 0.0588735 0.0589208 0.0589825 0.0589865 0.0590662 0.0590947 0.0591831 0.059208 0.0592507 0.0593316 0.0595087 0.0596538 0.0597288 0.0598232 0.0599061 0.0599447 0.0600081 0.0601011 0.0602065 0.0602792 0.0603769 0.0604616 0.0605017 0.0605573 0.0605082 0 0 0 0 0 0 0 0 0 0 0 0 0 0 0 0 0 0 0 0 0 0 0 0 0 0 0 0 0
0.0574521 0.0573972 0.0573594 0.0573842 0.0574944 0.0576607 0.0578007 0.0579202 0.0580451 0.058108 0.0581231 0.0581596 0.0580995 0.058048 0.0580409 0.0402178 0.0402695 0.0582435 0.0583303 0.0584037 0.0584661 0.0585213 0.0585272 0.0585839 0.0586279 0.058685 0.0587533 0.0587634 0.0588378 0.0588819 0.0589978 0.0590245 0.05908 0.0591238 0.0591365 0.0591956 0.0592563 0.0593097 0.059381 0.0595446 0.0596759 0.0597837 0.0599078 0.0600307 0.0600847 0.06014 0.0602072 0.0602859 0.0603833 0.0604757 0.0604318 0.060488 0.0605088 0.06049 0 0 0 0 0 0 0 0 0 0 0 0 0 0 0 0 0 0 0 0 0 0 0 0 0 0 0 0 0
0.0575323 0.057471 0.0574185 0.0574307 0.0575154 0.0576469 0.0577783 0.0578968 0.0580363 0.0580838 0.0581648 0.0581111 0.0580636 0.0580249 0.0401996 0.0402446 0.0402926 0.0403517 0.0583589 0.0584435 0.0584638 0.0585229 0.0585865 0.0586455 0.0586923 0.058686 0.0587645 0.0587998 0.058876 0.0589521 0.0590185 0.0590776 0.059107 0.0591654 0.0592072 0.0592484 0.0593459 0.0594323 0.0594853 0.0595831 0.0597179 0.0598509 0.0599836 0.0601227 0.0602158 0.0602688 0.0603151 0.0603752 0.0603872 0.0603614 0.0603745 0.0604914 0.0605143 0.0604606 0 0 0 0 0 0 0 0 0 0 0 0 0 0 0 0 0 0 0 0 0 0 0 0 0 0 0 0 0
0.0575963 0.0575464 0.0575003 0.0575049 0.0574993 0.0576338 0.057755 0.0578704 0.058009 0.0580691 0.0580957 0.0580844 0.0580574 0.0580373 0.0402376 0.0402792 0.0403295 0.0403899 0.058386 0.0584226 0.0585081 0.0585776 0.0585739 0.058638 0.0586943 0.0587021 0.0587919 0.0588755 0.0589531 0.0589765 0.0590507 0.059122 0.0591983 0.0592095 0.0592745 0.0593181 0.0594466 0.0595375 0.0595886 0.0596118 0.0597414 0.0599071 0.0600678 0.0602423 0.0602582 0.0603193 0.0603704 0.0602837 0.0603677 0.0603239 0.0603565 0.0604946 0.0605145 0 0 0 0 0 0 0 0 0 0 0 0 0 0 0 0 0 0 0 0 0 0 0 0 0 0 0 0 0 0
0.0576714 0.0576412 0.0575989 0.0575776 0.057583 0.05762 0.0577219 0.0578648 0.05799 0.0580716 0.058095 0.0580568 0.0580414 0.0402362 0.0402693 0.0403153 0.0403742 0.0404372 0.0583703 0.0584583 0.0585461 0.058562 0.0585778 0.0586477 0.0587041 0.05877 0.0588282 0.0589007 0.0590033 0.0590594 0.0591211 0.0592046 0.0592818 0.0592877 0.0593552 0.0593925 0.0595153 0.0596088 0.0596597 0.0597 0.0597965 0.0599891 0.0601918 0.0602751 0.0602534 0.0602394 0.0601168 0.0602088 0.0602359 0.0602669 0.0602543 0.0603788 0 0 0 0 0 0 0 0 0 0 0 0 0 0 0 0 0 0 0 0 0 0 0 0 0 0 0 0 0 0 0
0.0577264 0.057738 0.057705 0.0576566 0.0576155 0.0576425 0.0577443 0.0578688 0.0580175 0.0580481 0.0581197 0.0580923 0.0402489 0.0402666 0.0402906 0.0403512 0.040394 0.0404614 0.0405215 0.0585084 0.0585215 0.0585534 0.0586327 0.0587085 0.0587674 0.0587982 0.0588474 0.058955 0.0590471 0.0591548 0.059228 0.0593022 0.0593851 0.0593879 0.0594452 0.0594758 0.059583 0.0596976 0.059771 0.059824 0.0599058 0.0600076 0.060191 0.0601134 0.0601972 0.0600533 0.0596733 0.0597003 0.0597129 0.0597494 0.0602896 0 0 0 0 0 0 0 0 0 0 0 0 0 0 0 0 0 0 0 0 0 0 0 0 0 0 0 0 0 0 0 0
0.0577349 0.0578282 0.0578038 0.0577513 0.057721 0.0577364 0.0577868 0.0579075 0.0580072 0.0580991 0.058118 0.0403142 0.0402902 0.0403046 0.040316 0.0403832 0.0404357 0.0405161 0.0405494 0.0584967 0.0585231 0.0586048 0.0586866 0.0587339 0.0587982 0.0588225 0.0588831 0.0590064 0.0591321 0.059241 0.0593123 0.0593648 0.0594554 0.0594697 0.0595236 0.0595398 0.0596432 0.0597712 0.0598648 0.0599259 0.0600228 0.0600978 0.0602047 0.0602695 0.0601893 0.0596142 0.0596077 0.0595136 0.0595695 0.0597652 0.0602641 0 0 0 0 0 0 0 0 0 0 0 0 0 0 0 0 0 0 0 0 0 0 0 0 0 0 0 0 0 0 0 0
0.0577976 0.0578317 0.0578461 0.0578557 0.0578917 0.0579167 0.057914 0.057982 0.0580188 0.0580961 0.0581551 0.0403284 0.0403038 0.0403445 0.040353 0.040386 0.0404726 0.04053 0.0405817 0.0584976 0.0585818 0.0586279 0.0587042 0.0587447 0.0588248 0.0588649 0.0589559 0.0590849 0.05921 0.059307 0.0593918 0.0594644 0.0595493 0.0595701 0.0596225 0.0596377 0.0597148 0.0598397 0.0599322 0.0600592 0.0600928 0.0601547 0.0601254 0.0601355 0.0600699 0.0596427 0.0594978 0.0595304 0.0595275 0.0597351 0.06023 0 0 0 0 0 0 0 0 0 0 0 0 0 0 0 0 0 0 0 0 0 0 0 0 0 0 0 0 0 0 0 0
0.0578281 0.0578764 0.0579198 0.0579194 0.0579541 0.0580001 0.0579918 0.0579755 0.0580055 0.0580819 0.0581223 0.0403417 0.040335 0.040359 0.0403775 0.0404208 0.0404729 0.0405391 0.0406208 0.0585427 0.0585977 0.0586378 0.0587168 0.0587685 0.0588589 0.058929 0.0590236 0.0591449 0.0592495 0.0593869 0.0594973 0.0595695 0.0596549 0.0596616 0.059717 0.0597394 0.0598033 0.0599073 0.0600281 0.0600696 0.0599926 0.0600892 0.0600337 0.0599833 0.0595947 0.059514 0.0594806 0.0596259 0.0597338 0.0601107 0 0 0 0 0 0 0 0 0 0 0 0 0 0 0 0 0 0 0 0 0 0 0 0 0 0 0 0 0 0 0 0 0
0.057849 0.0578282 0.0578572 0.0579089 0.0579472 0.0579877 0.0579666 0.0580239 0.0580188 0.0580656 0.0580889 0.0403242 0.0403572 0.0403738 0.0404196 0.0404786 0.040508 0.0405672 0.0406459 0.058539 0.0585909 0.0586797 0.0587403 0.0588199 0.0589097 0.0589903 0.0590763 0.0591624 0.0592972 0.059437 0.0595703 0.0596456 0.0597313 0.0597393 0.0598029 0.0598324 0.059893 0.0599927 0.0600447 0.0600407 0.0599269 0.0599017 0.0595448 0.0594931 0.0594615 0.0592978 0.0595071 0.0595663 0.0601036 0 0 0 0 0 0 0 0 0 0 0 0 0 0 0 0 0 0 0 0 0 0 0 0 0 0 0 0 0 0 0 0 0 0
0.0577762 0.0578478 0.0578402 0.0578802 0.0579332 0.0579544 0.0579971 0.0580661 0.0580692 0.058069 0.0402967 0.0403283 0.0403477 0.0403898 0.0404558 0.040495 0.0405194 0.0405839 0.0406657 0.058559 0.0586227 0.0586855 0.058777 0.0588706 0.0589571 0.0590482 0.0591131 0.0592106 0.0593335 0.0594637 0.0596033 0.0597172 0.0598262 0.0598478 0.0599223 0.0599565 0.0599333 0.0600079 0.0599149 0.0599081 0.0598578 0.0593595 0.059353 0.0592882 0.0590296 0.0593512 0.0594765 0.0596757 0 0 0 0 0 0 0 0 0 0 0 0 0 0 0 0 0 0 0 0 0 0 0 0 0 0 0 0 0 0 0 0 0 0 0
0.0578029 0.0577981 0.0578705 0.0579317 0.0579635 0.0579907 0.0579656 0.0580037 0.0580148 0.0580935 0.040303 0.0403288 0.0403613 0.040405 0.0404334 0.0404758 0.0405479 0.0406028 0.040654 0.0407279 0.0586145 0.0587116 0.0588111 0.0589132 0.0590118 0.0590899 0.0591952 0.0592751 0.0593886 0.0595098 0.0596139 0.0597548 0.0598065 0.0598889 0.0598023 0.0598605 0.0599333 0.0598969 0.0598448 0.0593922 0.0593411 0.0593407 0.0592669 0.0588874 0.0590517 0.0593085 0.0595155 0.0600495 0 0 0 0 0 0 0 0 0 0 0 0 0 0 0 0 0 0 0 0 0 0 0 0 0 0 0 0 0 0 0 0 0 0 0
0.0577461 0.0578218 0.0578969 0.057972 0.0580006 0.0580104 0.057985 0.0580219 0.058 0.0580714 0.0403166 0.0403244 0.040377 0.0404196 0.0404337 0.0404879 0.0405546 0.040624 0.0406708 0.0407296 0.0586073 0.0587269 0.058833 0.05895 0.0590479 0.05915 0.0592557 0.0593504 0.0594474 0.0595459 0.0596676 0.0597962 0.0597249 0.0597517 0.0598217 0.0597201 0.059803 0.0597096 0.0593546 0.0593145 0.0591477 0.0589233 0.0588736 0.0588733 0.0593155 0.0594143 0.0596211 0 0 0 0 0 0 0 0 0 0 0 0 0 0 0 0 0 0 0 0 0 0 0 0 0 0 0 0 0 0 0 0 0 0 0 0
