Outputs/initial_cond/hG_ev.asc
ncols 286
nrows 262
xllcorner 528670
yllcorner 5.07688e+06
cellsize 35
NODATA_value -9999
[rows 74 to 110 of 262, columns 166 to 248 of 286]
0.0423128 0.0424446 0.0425295 0.0425424 0.0425904 0.0608461 0.0608022 0.0608048 0 0 0 0 0 0 0 0 0 0 0 0 0 0 0 0 0 0 0 0 0 0 0 0 0 0 0 0 0 0 0 0 0 0 0 0 0 0 0 0 0 0 0 0 0 0 0 0 0 0 0 0 0 0 0 0 0 0 0 0 0 0 0 0 0 0 0 0 0 0 0 0 0 0 0
0.0422271 0.0423664 0.0424898 0.042516 0.0426023 0.0425359 0.0422673 0.0421898 0.0607833 0 0 0 0 0 0 0 0 0 0 0 0 0 0 0 0 0 0 0 0 0 0 0 0 0 0 0 0 0 0 0 0 0 0 0 0 0 0 0 0 0 0 0 0 0 0 0 0 0 0 0 0 0 0 0 0 0 0 0 0 0 0 0 0 0 0 0 0 0 0 0 0 0 0
0.0421726 0.0423092 0.0424369 0.042513 0.0425806 0.0425895 0.0422315 0.042174 0.0607745 0 0 0 0 0 0 0 0 0 0 0 0 0 0 0 0 0 0 0 0 0 0 0 0 0 0 0 0 0 0 0 0 0 0 0 0 0 0 0 0 0 0 0 0 0 0 0 0 0 0 0 0 0 0 0 0 0 0 0 0 0 0 0 0 0 0 0 0 0 0 0 0 0 0
0.0421571 0.0422935 0.0424314 0.0425133 0.042572 0.0425789 0.0422178 0.0422233 0.0422223 0.0608301 0 0 0 0 0 0 0 0 0 0 0 0 0 0 0 0 0 0 0 0 0 0 0 0 0 0 0 0 0 0 0 0 0 0 0 0 0 0 0 0 0 0 0 0 0 0 0 0 0 0 0 0 0 0 0 0 0 0 0 0 0 0 0 0 0 0 0 0 0 0 0 0 0
0.0421479 0.0422895 0.0424142 0.0425055 0.0425201 0.0425644 0.0425256 0.0422238 0.0421679 0.0422208 0 0 0 0 0 0 0 0 0 0 0 0 0 0 0 0 0 0 0 0 0 0 0 0 0 0 0 0 0 0 0 0 0 0 0 0 0 0 0 0 0 0 0 0 0 0 0 0 0 0 0 0 0 0 0 0 0 0 0 0 0 0 0 0 0 0 0 0 0 0 0 0 0
0.0421824 0.0422812 0.0424101 0.0425009 0.0425374 0.0425622 0.0425796 0.0425809 0.0425662 0.0422744 0.0422983 0 0 0 0 0 0 0 0 0 0 0 0 0 0 0 0 0 0 0 0 0 0 0 0 0 0 0 0 0 0 0 0 0 0 0 0 0 0 0 0 0 0 0 0 0 0 0 0 0 0 0 0 0 0 0 0 0 0 0 0 0 0 0 0 0 0 0 0 0 0 0 0
0.0421864 0.0422616 0.0423333 0.0423981 0.0424822 0.0425101 0.0425196 0.0425704 0.042598 0.0422113 0.0422713 0 0 0 0 0 0 0 0 0 0 0 0 0 0 0 0 0 0 0 0 0 0 0 0 0 0 0 0 0 0 0 0 0 0 0 0 0 0 0 0 0 0 0 0 0 0 0 0 0 0 0 0 0 0 0 0 0 0 0 0 0 0 0 0 0 0 0 0 0 0 0 0
0.0421078 0.042157 0.0422222 0.0422881 0.0423733 0.0424447 0.0424926 0.0425432 0.0425307 0.042548 0.0422718 0 0 0 0 0 0 0 0 0 0 0 0 0 0 0 0 0 0 0 0 0 0 0 0 0 0 0 0 0 0 0 0 0 0 0 0 0 0 0 0 0 0 0 0 0 0 0 0 0 0 0 0 0 0 0 0 0 0 0 0 0 0 0 0 0 0 0 0 0 0 0 0
0.0419706 0.0420298 0.0421056 0.0421853 0.0422784 0.0423709 0.042493 0.0425098 0.0425877 0.0425288 0.0422582 0.042265 0 0 0 0 0 0 0 0 0 0 0 0 0 0 0 0 0 0 0 0 0 0 0 0 0 0 0 0 0 0 0 0 0 0 0 0 0 0 0 0 0 0 0 0 0 0 0 0 0 0 0 0 0 0 0 0 0 0 0 0 0 0 0 0 0 0 0 0 0 0 0
0.0418561 0.0419305 0.0420204 0.0421286 0.0422503 0.0423591 0.0424754 0.0424963 0.04257 0.042519 0.0422485 0.0421656 0 0 0 0 0 0 0 0 0 0 0 0 0 0 0 0 0 0 0.0609291 0.060954 0.0609799 0.0609929 0 0 0 0 0 0 0 0 0 0 0 0 0 0 0 0 0 0 0 0 0 0 0 0 0 0 0 0 0 0 0 0 0 0 0 0 0 0 0 0 0 0 0 0 0 0 0 0 0
0.0417924 0.0418943 0.0420022 0.0421088 0.0422322 0.0423511 0.0424638 0.042487 0.0425531 0.0424898 0.0422442 0.0422008 0 0 0 0 0 0 0 0 0 0 0 0 0 0 0 0.0609037 0.0608674 0.0608263 0.0608407 0.0608458 0.0608721 0.0609069 0.0609008 0.060904 0.0609579 0.0610113 0.0610547 0.061089 0 0 0 0 0 0 0 0 0 0 0 0 0 0 0 0 0 0 0 0 0 0 0 0 0 0 0 0 0 0 0 0 0 0 0 0 0 0 0 0 0 0 0
0.0417869 0.0418772 0.0419834 0.0421035 0.0422237 0.0423328 0.0424577 0.0424708 0.0425356 0.0424796 0.0421246 0.0421653 0.0421581 0 0 0 0 0 0 0 0 0 0 0 0 0.0609609 0.0609117 0.060891 0.0608293 0.060792 0.060756 0.0607798 0.0607743 0.0607862 0.0608095 0.0608132 0.0608719 0.0608924 0.0609499 0.0610496 0.0611031 0.0611396 0.0611952 0 0 0 0 0 0 0 0 0 0 0 0 0 0 0 0 0 0 0 0 0 0 0 0 0 0 0 0 0 0 0 0 0 0 0 0 0 0 0 0
0.0418195 0.041914 0.0420123 0.0421208 0.0422348 0.0423568 0.04248 0.0424944 0.0425073 0.0425125 0.0421589 0.0421161 0.04216 0.0422246 0.0426013 0.0426038 0.042587 0.042545 0.0613801 0.0613033 0.0612053 0.0611378 0.0610804 0.061026 0.0609512 0.0608954 0.0608409 0.060803 0.0607494 0.0607191 0.0607368 0.0607093 0.0607016 0.0607272 0.0607268 0.0607345 0.0607674 0.0608007 0.0608794 0.0609447 0.0610189 0.0610741 0.061117 0.0611294 0.0611667 0.0611974 0 0 0 0 0 0 0 0 0 0 0 0 0 0 0 0 0 0 0 0 0 0 0 0 0 0 0 0 0 0 0 0 0 0 0 0 0
0.0418399 0.0419614 0.0420662 0.0421646 0.0422654 0.0424136 0.0424846 0.0424855 0.042472 0.0420795 0.0421462 0.0421248 0.0421565 0.0422138 0.0425882 0.0425755 0.042567 0.0613938 0.0613354 0.0612475 0.0611332 0.0610533 0.0610192 0.0609636 0.0609135 0.0608566 0.060824 0.0607665 0.0606882 0.0606364 0.0606576 0.0606259 0.0606565 0.0606491 0.0606279 0.0607023 0.0606428 0.0607119 0.0608121 0.0608568 0.0609231 0.0609571 0.0609951 0.0609968 0.0610781 0.0611421 0.0611802 0.0612272 0.0613157 0.0613941 0.0614027 0.0614618 0.0615098 0.0616111 0.0617512 0.0618215 0 0 0 0 0 0 0 0 0 0 0 0 0 0 0 0 0 0 0 0 0 0 0 0 0 0 0
0.0418614 0.0419931 0.0421257 0.0422233 0.0423202 0.0424374 0.0424816 0.042402 0.0421473 0.0420764 0.0420824 0.042096 0.0421622 0.0425517 0.0425592 0.0425494 0.0425319 0.0613342 0.0612648 0.0611622 0.0610599 0.0610096 0.0609429 0.0608868 0.0608566 0.0608263 0.0607903 0.060749 0.060663 0.0605927 0.0605195 0.0605664 0.060557 0.0605752 0.0605542 0.0605834 0.060602 0.0606848 0.0607068 0.0608076 0.0608304 0.0608548 0.0608996 0.0609372 0.0609965 0.0610268 0.0610679 0.0611321 0.0612007 0.0612744 0.0613009 0.0613516 0.0614689 0.0615955 0.0617066 0.0617847 0 0 0 0 0 0 0 0 0 0 0 0 0 0 0 0 0 0 0 0 0 0 0 0 0 0 0
0.0418999 0.0420339 0.0421733 0.0422891 0.0424017 0.0424118 0.0424393 0.0420905 0.0420647 0.0421096 0.0420642 0.0421261 0.0422234 0.0424868 0.0425597 0.042569 0.0424969 0.0612875 0.0612102 0.061107 0.0610152 0.060978 0.0609084 0.060827 0.0607746 0.0607555 0.0607108 0.0606804 0.0606544 0.0605516 0.0604899 0.060414 0.0604108 0.0604125 0.0604281 0.0604606 0.0605115 0.0606123 0.0606664 0.060719 0.060763 0.0607606 0.0607633 0.0608851 0.0608795 0.0609357 0.0609613 0.0610202 0.0610975 0.0611617 0.0612161 0.0613063 0.0614328 0.0615571 0.0616769 0.0617363 0.0617557 0 0 0 0 0 0 0 0 0 0 0 0 0 0 0 0 0 0 0 0 0 0 0 0 0 0
0.0418978 0.0420442 0.0421884 0.0423202 0.0423633 0.0424355 0.0423823 0.042011 0.0420415 0.0420286 0.0420517 0.0421394 0.0421759 0.0425612 0.0425882 0.0425355 0.0424747 0.0612714 0.0611966 0.0611205 0.0610412 0.0609889 0.0609033 0.0608329 0.0607724 0.0607136 0.0606549 0.0606189 0.0605807 0.0604905 0.0604573 0.0603639 0.0602929 0.0602809 0.0603052 0.0603416 0.0604488 0.0605164 0.0605743 0.0606795 0.0606991 0.0607101 0.0607265 0.0607638 0.0607848 0.0607999 0.0608666 0.0609204 0.0609877 0.0610419 0.0611447 0.0612704 0.0613889 0.0615238 0.0616298 0.0616941 0.0617064 0 0 0 0 0 0 0 0 0 0 0 0 0 0 0 0 0 0 0 0 0 0 0 0 0 0
0.0419313 0.0420439 0.042172 0.0423119 0.0423645 0.0423842 0.0423959 0.0421142 0.0420762 0.042007 0.042115 0.0421129 0.0421529 0.042551 0.0425228 0.0425479 0.0425131 0.0613141 0.0612547 0.0611514 0.0610617 0.0609765 0.060933 0.0608586 0.0607801 0.0607478 0.0606901 0.0605798 0.0605674 0.0604762 0.0604562 0.0603582 0.0602537 0.0601861 0.0602008 0.0602651 0.0603672 0.0604163 0.0605093 0.0605365 0.0605542 0.0605901 0.0606482 0.0607271 0.0607353 0.0607606 0.0608159 0.0608278 0.0609443 0.0610143 0.0611522 0.061268 0.0614073 0.0615415 0.0616231 0.0616152 0.0616139 0.061557 0 0 0 0 0 0 0 0 0 0 0 0 0 0 0 0 0 0 0 0 0 0 0 0 0
0.0420044 0.0421148 0.0422232 0.0423411 0.0423389 0.0424099 0.0424148 0.0423851 0.0421255 0.042042 0.0420668 0.0420984 0.0421631 0.0424616 0.0425624 0.0425318 0.0424982 0.0613085 0.0612282 0.0611366 0.0610703 0.060993 0.0609523 0.0608944 0.0608212 0.0607391 0.0606844 0.0606315 0.0605503 0.0604734 0.0604494 0.0603526 0.0602341 0.0601264 0.0601224 0.0601836 0.0602748 0.060375 0.0604497 0.0604339 0.0604373 0.060474 0.0605796 0.0606325 0.0606248 0.0606426 0.0607082 0.0607814 0.0609158 0.0610184 0.0611685 0.0612809 0.0614142 0.0615231 0.0615195 0.0615402 0.0614858 0.0614549 0.0614544 0 0 0 0 0 0 0 0 0 0 0 0 0 0 0 0 0 0 0 0 0 0 0 0
0.0420708 0.0421835 0.0422894 0.0422966 0.0423401 0.0423486 0.0423935 0.0424366 0.0420791 0.04202 0.0420853 0.0420596 0.0421014 0.0424724 0.0425439 0.042508 0.0425152 0.0424148 0.0612031 0.0611367 0.0610514 0.0609846 0.0609401 0.0608743 0.0607896 0.0607345 0.060677 0.0606058 0.0415982 0.0414986 0.041426 0.0603004 0.0601605 0.0600281 0.0600538 0.0601288 0.0602187 0.060313 0.0603497 0.0603083 0.0603288 0.0603964 0.0605081 0.0605121 0.0605177 0.0605231 0.060654 0.0607663 0.0609022 0.0610023 0.061152 0.0612662 0.061336 0.0613404 0.0613768 0.0613798 0.061354 0.0613355 0.0613893 0.0614902 0 0 0 0 0 0 0 0 0 0 0 0 0 0 0 0 0 0 0 0 0 0 0
0.0421187 0.0422009 0.0422543 0.0422512 0.0422706 0.0423305 0.0424045 0.042395 0.0423543 0.0424102 0.0420256 0.0420555 0.0420847 0.0424404 0.0425261 0.0425276 0.042475 0.0423887 0.0423199 0.0610962 0.0610392 0.0609682 0.042049 0.0419707 0.0418713 0.0417681 0.0416792 0.0416174 0.0415633 0.0414856 0.0414024 0.0412687 0.0600765 0.0599346 0.0599653 0.0600566 0.0601267 0.0602065 0.0602221 0.0602065 0.0602323 0.0603531 0.0604191 0.0604169 0.0604049 0.0604753 0.0606362 0.0608017 0.0608822 0.0609635 0.0610941 0.0611613 0.0611827 0.0611977 0.0612027 0.0612384 0.0612254 0.0612604 0.0613186 0.0614584 0.0615544 0 0 0 0 0 0 0 0 0 0 0 0 0 0 0 0 0 0 0 0 0 0
0.0420566 0.0420849 0.0421207 0.0421252 0.0421814 0.0423404 0.0423667 0.0423647 0.0424085 0.0424401 0.0420806 0.0420117 0.0420915 0.0425174 0.0424989 0.0425112 0.0424452 0.042352 0.0422903 0.0422238 0.0421542 0.0420414 0.0419485 0.0418754 0.0418154 0.0417347 0.041592 0.0414868 0.0414469 0.041456 0.0413451 0.0412052 0.041004 0.0408964 0.059861 0.0599261 0.0600144 0.0601021 0.0601171 0.0600991 0.0601806 0.0603118 0.0603319 0.0602998 0.0603043 0.0604437 0.0605843 0.0607189 0.0607911 0.0609055 0.0609836 0.0610099 0.061021 0.061052 0.061099 0.0611005 0.0611365 0.0611763 0.0612955 0.0614042 0.0615071 0.0616146 0.0616279 0 0 0 0 0 0 0 0 0 0 0 0 0 0 0 0 0 0 0 0
0.041886 0.0419012 0.0419723 0.042005 0.0421148 0.0422635 0.042339 0.0423496 0.042395 0.042397 0.0423709 0.0424435 0.0424645 0.0424616 0.0425071 0.0424915 0.0424202 0.0423167 0.0422253 0.0421051 0.0420838 0.0419787 0.0418572 0.0417743 0.0417049 0.0416478 0.0414918 0.0413847 0.0413197 0.0412606 0.041199 0.0410834 0.0409591 0.04086 0.0408371 0.0598477 0.0599548 0.0600104 0.059997 0.0600199 0.0601107 0.0601705 0.0602002 0.0601828 0.0602531 0.0604073 0.0605277 0.0606402 0.0607577 0.0608063 0.0608903 0.0608884 0.0609401 0.0609253 0.0609475 0.0609968 0.0609954 0.0610768 0.0612271 0.061332 0.061463 0.0616128 0.0616436 0 0 0 0 0 0 0 0 0 0 0 0 0 0 0 0 0 0 0 0
0.0417408 0.0417718 0.0418315 0.041925 0.0420782 0.0421575 0.0422181 0.0423242 0.0423402 0.0424265 0.0423974 0.0424019 0.0424415 0.04243 0.0424345 0.042462 0.0423917 0.0422951 0.042184 0.0420445 0.0419606 0.0419144 0.0418064 0.0417075 0.0415941 0.0415215 0.0414194 0.0412952 0.0411928 0.0411175 0.0410506 0.0409711 0.0409002 0.040827 0.040797 0.0597727 0.059857 0.0598895 0.0598933 0.0599054 0.0599955 0.0600433 0.0600618 0.0601317 0.0602091 0.0603497 0.0604528 0.0605477 0.0606682 0.0607692 0.0607361 0.0607492 0.0607874 0.0608145 0.0608335 0.0608505 0.060905 0.0610343 0.0611875 0.0613136 0.0614408 0.0615882 0.0616705 0.0616604 0 0 0 0 0 0 0 0 0 0 0 0 0 0 0 0 0 0 0
0.0416217 0.0416653 0.0417366 0.0418694 0.0419964 0.042063 0.042161 0.042286 0.0423668 0.0423897 0.042387 0.0423886 0.0423591 0.0423448 0.0423484 0.0423548 0.0423418 0.0422371 0.0420883 0.0419346 0.041825 0.0418301 0.0417566 0.0416801 0.0415636 0.041464 0.0413823 0.0412708 0.0411556 0.0410562 0.0409667 0.040907 0.0408535 0.0407814 0.040728 0.059669 0.0597286 0.0597583 0.0597763 0.0598364 0.0598945 0.0599284 0.0599921 0.0601023 0.0601899 0.0602773 0.0603584 0.0604436 0.0605925 0.0606254 0.0606529 0.0606825 0.0606825 0.0607145 0.0607629 0.0608002 0.0608967 0.0610003 0.061174 0.0612789 0.0613862 0.061504 0.0616009 0.0616138 0 0 0 0 0 0 0 0 0 0 0 0 0 0 0 0 0 0 0
0.0415135 0.0415743 0.0416785 0.0417877 0.041886 0.0419914 0.0421158 0.0422161 0.042344 0.0423876 0.0423694 0.0423812 0.0422698 0.0422273 0.0422269 0.0422309 0.042236 0.0421435 0.0419891 0.0418186 0.0417259 0.0417217 0.0417069 0.0416561 0.0415325 0.041432 0.0413664 0.0412522 0.0411388 0.0410442 0.0409625 0.0408932 0.040845 0.0407752 0.0407286 0.0406924 0.0596176 0.0596507 0.0597325 0.059778 0.0598325 0.0598557 0.0599827 0.0600972 0.0601643 0.060194 0.0602413 0.0603194 0.0604137 0.0604815 0.0604891 0.0605239 0.0605259 0.0605651 0.0606072 0.0607465 0.0608481 0.0609976 0.0611361 0.0612041 0.0613017 0.0614096 0.0614632 0.0615231 0.0615871 0 0 0 0 0 0 0 0 0 0 0 0 0 0 0 0 0 0
0.0414292 0.0414972 0.0415915 0.0416997 0.041788 0.0419022 0.0420237 0.0421376 0.0422723 0.0423702 0.0423465 0.0423553 0.0422253 0.0421134 0.0420715 0.0420833 0.0420531 0.0419518 0.0418474 0.0417198 0.0416179 0.041618 0.0416178 0.0416055 0.0415136 0.041425 0.0413631 0.0412596 0.0411691 0.0410775 0.0409941 0.0409335 0.0409031 0.0408209 0.0407226 0.0406358 0.0595308 0.0596195 0.059688 0.0597202 0.0597532 0.0598316 0.0599323 0.06008 0.0600998 0.0600875 0.0601085 0.0601882 0.0602382 0.0603003 0.0603383 0.0603768 0.0603879 0.0604249 0.0605355 0.060704 0.0608115 0.0609491 0.0610415 0.0611663 0.061273 0.0612967 0.0613203 0.0614204 0.0615197 0.0615665 0 0 0 0 0 0 0 0 0 0 0 0 0 0 0 0 0
0.041367 0.0414361 0.0415338 0.0416382 0.0417446 0.0418682 0.0419957 0.0421178 0.0422669 0.0423653 0.042324 0.0423488 0.0422266 0.0420865 0.0419466 0.041899 0.0418314 0.0417686 0.0417184 0.0416329 0.041539 0.041489 0.0415053 0.0415514 0.0415023 0.0414766 0.0413813 0.0412993 0.0412023 0.0411126 0.0410189 0.0409309 0.0408933 0.0408169 0.0407064 0.040606 0.0594617 0.0595991 0.0596298 0.0596425 0.0596921 0.059782 0.0599248 0.0600236 0.0600128 0.0599683 0.0599872 0.0600506 0.0600955 0.0601495 0.0602032 0.0602261 0.0602487 0.0603267 0.0604928 0.0606541 0.0608231 0.0608766 0.0609883 0.0611347 0.0611931 0.0612199 0.0612254 0.0613448 0.0614221 0.0614932 0.0422592 0 0 0 0 0 0 0 0 0 0 0 0 0 0 0 0
0.0413188 0.0413831 0.0414963 0.041624 0.0417661 0.04189 0.0420026 0.0421928 0.0422898 0.0423175 0.0423101 0.0423478 0.0422886 0.0420978 0.0418807 0.041787 0.0416988 0.0416374 0.0415835 0.0414599 0.0413926 0.0413634 0.0413925 0.0414443 0.041468 0.0414742 0.0413962 0.0413168 0.0412314 0.0411223 0.0410092 0.040912 0.0408268 0.040733 0.0406397 0.0405768 0.0405815 0.0595462 0.0595862 0.059568 0.059644 0.0597794 0.0598685 0.059932 0.059868 0.0598418 0.0598879 0.0599364 0.0599693 0.0600116 0.0600699 0.0601192 0.0601743 0.0602738 0.0604486 0.0606151 0.0607369 0.0607793 0.0609203 0.0610775 0.0611154 0.0611197 0.0611821 0.0612368 0.061329 0.0613877 0.0421737 0 0 0 0 0 0 0 0 0 0 0 0 0 0 0 0
0.0412678 0.0413706 0.0414877 0.0416504 0.0418398 0.0419854 0.0420686 0.0422139 0.0422622 0.0422791 0.0422545 0.0422135 0.0421864 0.0420576 0.041888 0.0417808 0.0416726 0.0415788 0.0414731 0.0413725 0.0412636 0.0412602 0.0413075 0.0413355 0.0413717 0.0414211 0.0414082 0.0413498 0.0412506 0.0411205 0.0409833 0.040876 0.0407762 0.0406816 0.0406055 0.0405427 0.040584 0.0595199 0.0594933 0.0595068 0.0596054 0.059686 0.0597622 0.0597803 0.0597353 0.0597301 0.0598029 0.0598316 0.0598709 0.0599208 0.0599611 0.059997 0.0601523 0.060257 0.0603942 0.0605435 0.0606719 0.0608377 0.0608977 0.0609828 0.0609977 0.0610082 0.0610696 0.0611474 0.0612262 0.0612669 0.0420642 0 0 0 0 0 0 0 0 0 0 0 0 0 0 0 0
0.0412579 0.0413594 0.0414997 0.0416473 0.0418521 0.0420365 0.0421225 0.0422225 0.0422103 0.0421293 0.0420681 0.0420366 0.0420111 0.0419719 0.0418912 0.0417757 0.0416514 0.0415526 0.0414285 0.0413374 0.0412316 0.041157 0.0411755 0.041229 0.0412856 0.0413387 0.0413867 0.0413635 0.041254 0.0411064 0.0409612 0.0408653 0.0407615 0.0406868 0.0406173 0.0405286 0.0405296 0.0405581 0.0594178 0.0594224 0.0595192 0.0595666 0.0596094 0.0596403 0.0596118 0.0596146 0.0597146 0.0597674 0.0597612 0.0598343 0.0598574 0.0599616 0.0600975 0.0602211 0.0603651 0.060508 0.060649 0.060731 0.0608821 0.0609335 0.0609024 0.0609482 0.0609659 0.0610274 0.061139 0.0419995 0.0419748 0 0 0 0 0 0 0 0 0 0 0 0 0 0 0 0
0.0412342 0.0413387 0.0414867 0.0416248 0.0417945 0.0419794 0.0420616 0.0421799 0.0421095 0.0420071 0.0419286 0.0418772 0.0418422 0.041839 0.0418286 0.0417535 0.0416218 0.0415027 0.0413858 0.0413175 0.0412095 0.0410888 0.0410512 0.0411031 0.04119 0.0413045 0.0413502 0.0413369 0.0412803 0.0411219 0.0409724 0.0408784 0.0407951 0.0407222 0.0406363 0.040538 0.0404715 0.0404642 0.0404474 0.0404663 0.0405225 0.0594457 0.0594705 0.0595101 0.0595043 0.0595495 0.059602 0.0596351 0.0596824 0.0597412 0.0597969 0.0599312 0.060066 0.0601954 0.0603394 0.0604903 0.0606407 0.0607923 0.0608217 0.0608402 0.0608166 0.0608112 0.0608685 0.0609486 0.061022 0.0419054 0.041897 0 0 0 0 0 0 0 0 0 0 0 0 0 0 0 0
0.0412005 0.0413192 0.0414337 0.0415616 0.0416887 0.0418513 0.0420213 0.0421055 0.0420126 0.0419205 0.0418331 0.0417711 0.0417236 0.0416785 0.0416905 0.041644 0.0415193 0.0413967 0.0413332 0.0412136 0.0411427 0.0410206 0.0409557 0.0410346 0.0411391 0.0412375 0.0412999 0.0413099 0.0412645 0.041141 0.0409998 0.0409102 0.0408261 0.0407529 0.0406835 0.0405853 0.0404962 0.0404602 0.0404141 0.0404103 0.0404237 0.05932 0.0593618 0.0593901 0.0594189 0.0594626 0.0594983 0.0595346 0.0595892 0.0596566 0.0597596 0.0598946 0.0600302 0.0601491 0.0603046 0.0604832 0.0606181 0.0606876 0.0607573 0.0607734 0.0607554 0.0607508 0.0608252 0.0608744 0.0609309 0.0418129 0.0418307 0 0 0 0 0 0 0 0 0 0 0 0 0 0 0 0
0.0411933 0.0412999 0.0414172 0.0415448 0.0416927 0.0418521 0.0420121 0.0420561 0.041952 0.0418276 0.0417179 0.0416322 0.0415678 0.0414946 0.0414975 0.0414615 0.0413853 0.0412994 0.0412156 0.0411469 0.0410491 0.0409252 0.0408709 0.040936 0.0410193 0.0411114 0.0411745 0.0411728 0.0411758 0.0411316 0.0410207 0.040929 0.0408855 0.040833 0.0407818 0.0406823 0.0406312 0.0405806 0.0404637 0.0404091 0.0403857 0.0403653 0.0592185 0.0593007 0.0593531 0.0593799 0.0593893 0.0594512 0.0595192 0.0596033 0.0597211 0.0598712 0.0599948 0.0601371 0.060241 0.0604046 0.060499 0.0605492 0.0606254 0.0606222 0.0606191 0.0606086 0.0607404 0.0607753 0.0608644 0.0417582 0.0417673 0 0 0 0 0 0 0 0 0 0 0 0 0 0 0 0
0.0412167 0.0413219 0.0414835 0.0416024 0.0417544 0.0419262 0.0420146 0.0420134 0.0418832 0.0417506 0.0416452 0.0415344 0.0415075 0.041415 0.0413382 0.0412995 0.0412889 0.041265 0.0411957 0.0411206 0.0409923 0.0408347 0.0407746 0.0408282 0.0408928 0.0409804 0.0410332 0.0410297 0.041045 0.0410556 0.0410111 0.0409419 0.0409506 0.0409487 0.0408693 0.0407896 0.040768 0.040685 0.0405392 0.0404851 0.0404596 0.040385 0.0591744 0.0592456 0.0592551 0.0593155 0.0593646 0.0594316 0.0594885 0.0595747 0.0597162 0.0598169 0.0599283 0.0600533 0.0601753 0.0603083 0.0603391 0.0604339 0.0604997 0.0605098 0.0605004 0.0605435 0.0606552 0.0607571 0.0608027 0.0417241 0.0417167 0 0 0 0 0 0 0 0 0 0 0 0 0 0 0 0
0.0412095 0.041335 0.0415093 0.0416514 0.0418138 0.041953 0.0419753 0.0419119 0.0418247 0.0417297 0.0416298 0.0414961 0.0413959 0.0413297 0.0412618 0.0412272 0.0411894 0.0411818 0.0411755 0.0410532 0.0409279 0.0407898 0.0406945 0.0407087 0.0407729 0.0408568 0.0409014 0.0408953 0.0409047 0.0409304 0.0409087 0.0408959 0.0409487 0.0409716 0.0409416 0.040906 0.0408331 0.0407019 0.0406057 0.040563 0.0405085 0.0404013 0.0402887 0.0591211 0.059151 0.0592569 0.0593649 0.0594149 0.059473 0.059522 0.0596273 0.0597335 0.0598417 0.0599461 0.0600769 0.0601671 0.0602305 0.0603538 0.0604013 0.060396 0.0603982 0.060474 0.0605772 0.060692 0.0608144 0.0416677 0.0416547 0 0 0 0 0 0 0 0 0 0 0 0 0 0 0 0
0.0411874 0.0413006 0.0414537 0.0415977 0.0417605 0.0418733 0.0418751 0.0417723 0.0416944 0.0416745 0.0416145 0.041473 0.0413708 0.0412698 0.041223 0.0411534 0.0411072 0.0410762 0.0410403 0.0409146 0.0408044 0.0407105 0.040621 0.0406122 0.0406665 0.0407253 0.0407493 0.0407596 0.0407685 0.0407785 0.0407682 0.0407773 0.0408444 0.0409257 0.0409723 0.0409811 0.0408629 0.0407458 0.0406797 0.0406584 0.0405573 0.0404303 0.0403024 0.05906 0.0591095 0.0592416 0.059295 0.059346 0.0593733 0.0594588 0.0595729 0.0596657 0.0597258 0.0598132 0.0599325 0.0600568 0.0601834 0.0602813 0.0602988 0.0603034 0.0603197 0.0604117 0.0605528 0.060636 0.060757 0.0416164 0.041634 0 0 0 0 0 0 0 0 0 0 0 0 0 0 0 0
