Outputs/initial_cond/u_20m.asc
ncols 501
nrows 458
xllcorner 528660
yllcorner 5.07688e+06
cellsize 20
NODATA_value -9999
[rows 264 to 296 of 458, columns 150 to 224 of 501]
0 0 0 0 0 0 0 0 0 0 0 0 0 0 0 0 0 0 0 0 0 0 0 0 0 0 0 0 0 0 0 0 0 0 0 0 0 0 0 0 0 0 0 0 0 -0.000150688 -0.000283373 -0.00038792 -0.000226768 0.000333275 -0.000395989 -0.000386178 -0.000361451 0.000395773 0.000377211 -0.000330986 0.000345671 0.000653025 -0.000310079 0.000200456 0.000397341 0.000211868 0.000288204 0.00030771 0.000368393 0.000392457 0.000392746 0.000353111 0.000369015 0.000394401 0.000382934 0.000381418 0.000385053 0.000301357 0.000255484
0 0 0 0 0 0 0 0 0 0 0 0 0 0 0 0 0 0 0 0 0 0 0 0 0 0 0 0 0 0 0 0 0 0 0 0 0 0 0 0 0 0 0 0 0 0.000369829 -0.000301125 -0.00038911 0.000301392 0.000307768 -0.000393544 -0.000396016 0.00021541 0.000392781 0.000355425 -0.00033466 0.000382093 0.000394469 0.000356193 -0.00039745 0.000391483 0.000275568 0.000357231 0.000322522 0.000268482 0.000353693 0.000380581 0.000388292 0.000376198 0.000376108 0.000383881 0.000388693 0.000394144 0.000326413 0.000229611
0 0 0 0 0 0 0 0 0 0 0 0 0 0 0 0 0 0 0 0 0 0 0 0 0 0 0 0 0 0 0 0 0 0 0 0 0 0 0 0 0 0 0.000362905 0.000354393 0.000381937 0.000356409 -0.000355544 -0.000344431 0.000338003 -0.000269984 -0.00039542 -0.000394851 0.000259413 0.000394374 0.000288811 -0.000199436 0.000332714 0.000397346 0.000397142 -0.000354487 0.000351748 0.000395366 0.000383961 0.000320229 0.000338734 0.000284667 0.000325498 0.000390153 0.000366946 0.000322365 0.000376877 0.000379577 0.000370025 0.000339506 0.000330411
0 0 0 0 0 0 0 0 0 0 0 0 0 0 0 0 0 0 0 0 0 0 0 0 0 0 0 0 0 0 0 0 0 0 0 0 0 0 -0.000325249 -0.000374814 -0.000323854 0.000295779 0.000358691 0.00035907 0.00038865 0.000372918 -0.000352654 -0.000258007 0.000321929 -0.000352128 -0.000395134 -0.000395421 0.000237013 0.00039534 0.000259606 0.000311476 0.000306013 0.000386667 0.000385715 0.000300108 0.000382974 0.000387536 0.000380044 0.000367987 0.000396535 0.000388413 0.000295189 0.000320125 0.00037947 -0.000303902 -0.000649215 0.000389936 0.000314105 0.000376241 0.000365001
0 0 0 0 0 0 0 0 0 0 0 0 0 0 0 0 0 0 0 0 0 0 0 0 0 0 0 0 0 0 0 0 0 0 0 0 -0.000531044 -0.000387587 -0.000390114 -0.000374116 -0.000196721 0.000262366 0.000373228 0.00038891 0.000384892 0.000336889 -0.000323449 0.000244034 0.00029419 -0.000375409 -0.000393808 -0.000392832 0.000270189 0.000389047 0.000327875 0.000367418 0.00025975 0.000346603 0.000378574 0.000396916 0.000390557 0.000395513 0.000385074 0.0003605 0.000395156 0.000375323 0.000389407 0.000312819 0.000270548 0.000387147 0.00034655 0.000373495 0.000391935 0.000379601 0.000364841
0 0 0 0 0 0 0 0 0 0 0 0 0 0 0 0 0 0 0 0 0 0 0 0 0 0 0 0 0 0 0 0 0 0 0 -0.00162314 -0.00038206 -0.000387554 -0.000389718 -0.000339542 0.000295187 0.000337219 0.00038436 0.000381857 0.000372631 0.000316149 -0.000340036 0.0002438 -0.000278556 -0.000362489 -0.000391868 -0.000382928 0.000338499 0.000369667 0.00032552 0.000382745 0.000280271 0.000357507 0.000384732 0.000395944 0.000394784 0.000392669 0.00039127 0.000367516 0.000376451 0.000351623 0.000371625 0.00034831 0.000271354 0.000276162 0.000386953 0.00039033 0.000372111 0.000361147 0.000384882
0 0 0 0 0 0 0 0 0 0 0 0 0 0 0 0 0 0 0 0 0 0 0 0 0 0 0 0 0 0 0 0 0 0 0 -0.00114155 -0.000381155 -0.000387992 -0.000388395 -0.00026141 0.000349728 0.00036376 0.000365007 0.000373572 0.000370751 0.000318241 -0.000357846 -0.000268682 -0.000297226 -0.000357743 -0.000383061 -0.000319929 0.000339928 0.000336902 0.000325268 0.000387135 0.000384331 0.000308294 0.000393404 0.000389016 0.000396114 0.000374788 0.00039586 0.000375411 0.000354287 0.000385904 0.000387646 0.000330714 0.000344159 0.000352671 0.000385325 0.000389857 0.000382233 0.000390202 0.000361506
0 0 0 0 0 0 0 0 0 0 0 0 0 0 0 0 0 0 0 0 0 0 0 0 0 0 0 0 0 0 0 0 0 0 -0.00036407 -0.00031733 -0.000380656 -0.000388368 -0.000381725 -0.000261329 0.000321176 0.000362651 0.000360924 0.000382813 0.000368905 0.000299364 -0.000364104 -0.000296626 0.000243711 -0.000311897 -0.000378797 0.000649543 0.000357238 0.000287591 0.00025238 0.000381592 0.000395261 0.000318481 0.000395249 0.00037589 0.000395818 0.000385066 0.000381748 0.000389588 0.000380253 0.000316605 0.00026745 0.000338627 0.000392407 0.000392118 0.000391341 0.000391074 0.00038808 0.000386331 0.000388903
0 0 0 0 0 0 0 0 0 0 0 0 0 0 0 0 0 0 0 0 0 0 0 0 0 0 0 0 0 0 0 0 0 0 -0.000408351 -0.000349006 -0.000387706 -0.000388919 -0.000357424 -0.00032497 0.000255728 0.00036254 0.000382433 0.000388306 0.000356796 -0.000267904 -0.000370293 -0.000318364 0.000336577 -1.20507e-06 -0.000362921 0.000282778 0.000367536 0.000274557 -0.000258455 0.000358463 0.000385694 0.00039222 0.000381522 0.00037391 0.000386648 0.000390032 0.000393866 0.000387071 0.000393923 0.000247201 0.000280526 0.000378757 0.000392219 0.000390473 0.000390001 0.000376542 0.000380841 0.000390697 0.000390261
0 0 0 0 0 0 0 0 0 0 0 0 0 0 0 0 0 0 0 0 0 0 0 0 0 0 0 0 0 0 0 0 0 -0.000509351 -0.000344593 -0.000364685 -0.000385755 -0.000370413 -0.000322607 -0.000357641 -0.000271536 0.000371631 0.000386798 0.000384143 0.000368465 -0.00038222 -0.000368239 0.000302491 0.000334879 -0.00027358 -0.000300185 0.000314322 0.000380854 0.00030397 -0.000332442 0.000328643 0.000390015 0.000389501 0.000378615 0.000363256 0.000389589 0.000391969 0.000376073 0.000391628 0.000352841 0.000256989 0.000321623 0.000386653 0.000391134 0.000391558 0.000388558 0.000284799 0.000276483 0.000389337 0.000387163
0 0 0 0 0 0 0 0 0 0 0 0 0 0 0 0 0 0 0 0 0 0 0 0 0 0 0 0 0 0 0 0 0 -0.000665817 -0.00039383 -0.000419036 -0.000374549 -0.000348314 -0.000275481 -0.000379766 -0.000291271 0.000372896 0.000378474 0.000385487 0.00034332 -0.00039093 -0.000330468 0.000362685 0.000377778 0.000250916 -0.000343317 0.000282396 0.000392337 0.00035517 -0.000358876 0.000294313 0.000394602 0.000381409 0.000391667 0.00036892 0.000394821 0.000383317 0.000374015 0.000447431 0.000324905 0.000316384 0.0003842 0.000389041 0.000391481 0.000390422 0.000387442 0.000295078 -0.000344028 0.000336085 0.000436906
0 0 0 0 0 0 0 0 0 0 0 0 0 0 0 0 0 0 0 0 0 0 0 0 0 0 0 0 0 0 0 0 0 -0.000840216 -0.000406662 -0.000428268 -0.000428167 -0.000349601 -0.000282118 -0.000420874 -0.00032635 0.00041376 0.000429891 0.000437599 1.39975e-06 -0.000443836 -0.000326505 0.000379073 0.00038931 -0.000213346 -0.000327198 0.000277979 0.000392826 0.000389781 -0.000342174 0.000323807 0.00038335 0.000385162 0.000393497 0.000336192 0.000394393 0.000355461 0.000445435 0.00044691 0.000337387 0.000397703 0.000439456 0.000439511 0.000443954 0.000442795 0.000440096 0.0003851 -0.000375431 -0.000364224 -0.000222285
0 0 0 0 0 0 0 0 0 0 0 0 0 0 0 0 0 0 0 0 0 0 0 0 0 0 0 0 0 0 0 0 0 -0.000616441 -0.000413785 -0.000435148 -0.000432441 -0.000362687 0.00026433 -0.000404159 -0.000363804 0.000400575 0.000429871 0.000440986 -0.000335249 -0.000443214 -0.000406233 0.000439461 0.000391067 0.000281823 -9.97169e-07 0.000311172 0.0003811 0.000392854 0.000243889 0.000282551 0.000382303 0.000392659 0.000392366 0.000332196 0.000392108 0.000412932 0.000430235 0.000442599 0.000409852 0.000418163 0.00044372 0.000440504 0.00043251 0.000435732 0.000441103 0.00040915 -0.000353352 -0.000397668 -0.000439688
0 0 0 0 0 0 0 0 0 0 0 0 0 0 0 0 0 0 0 0 0 0 0 0 0 0 0 0 0 0 0 0 0 -0.000467395 -0.000396156 -0.000434188 -0.000437478 -0.000332888 0.000340128 -0.000407638 -0.000395894 0.000373065 0.000433663 0.000440062 -0.000415896 -0.000444713 -0.000355056 0.000441367 0.000392242 0.000302461 0.00037015 0.000365848 0.000334667 0.000392386 0.000388748 0.000313835 0.000391915 0.000361513 0.000383562 0.000371395 0.000437736 0.000420976 0.000440015 0.000446111 0.000440625 0.000422635 0.000422084 0.000421001 0.00042747 0.000439678 0.000442188 0.000421387 0.000312505 -0.00043702 -0.00044218
0 0 0 0 0 0 0 0 0 0 0 0 0 0 0 0 0 0 0 0 0 0 0 0 0 0 0 0 0 0 0 0 0 -0.000802284 -0.000341701 -0.000423058 -0.000422658 0.000252747 -0.000336778 -0.000404943 -0.00040125 0.000322032 0.000411778 0.000401085 -0.000406881 -0.000443882 -0.000323651 0.000435566 0.000443658 0.000418712 0.000382252 0.000391872 0.000348294 0.000369961 0.000388474 0.000391938 0.000383325 -0.000277443 0.000342956 0.0004218 0.000435871 0.000434789 0.000435048 0.000446245 0.00044299 0.000440807 0.000423565 0.000405544 0.000417618 0.000425102 0.000433347 0.000434489 0.0003721 -0.000433191 -0.00044209
0 0 0 0 0 0 0 0 0 0 0 0 0 0 0 0 0 0 0 0 0 0 0 0 0 0 0 0 0 0 0 0 0 -0.00046789 -0.000355816 -0.000382033 -0.000363784 0.000715064 -0.000364984 -0.000393645 -0.000372436 -0.00028206 0.0007169 -0.000274797 -0.000395774 -0.000406989 0.000348876 0.000434013 0.0004397 0.000443456 0.000391607 0.000387036 0.000369198 0.000331862 0.000375288 0.000383167 0.000281087 -0.000331734 0.000328081 0.000366429 0.000397771 0.000446242 0.000424292 0.000440408 0.000439793 0.000417302 0.000431561 0.000414603 0.000414154 0.000417117 0.00042074 0.000431596 0.000411132 -0.000383491 -0.000441433
0 0 0 0 0 0 0 0 0 0 0 0 0 0 0 0 0 0 0 0 0 0 0 0 0 0 0 0 0 0 0 0 0 -0.00393945 -0.000362978 -0.000356099 -0.000356589 -0.00033222 0.00029488 -0.000367419 -0.000391945 0.000333406 0.000350321 -0.000379415 -0.000413346 -0.000375874 0.000718064 0.000422843 0.000437025 0.000434814 0.000373365 0.000377922 0.000389155 0.000375614 0.000389196 0.000372307 0.000405092 0.000342126 -0.000370163 -0.000342776 0.000381341 0.000417656 0.000442778 0.000420513 0.000439513 0.000422368 0.00026631 0.000443794 0.000413814 0.000419032 0.000431846 0.000416667 0.000438051 0.000332553 -0.000440634
0 0 0 0 0 0 0 0 0 0 0 0 0 0 0 0 0 0 0 0 0 0 0 0 0 0 0 0 0 0 0 0 0 0 0.000293362 -0.000374005 -0.000368233 -0.000342144 0.000332191 -0.000281443 -0.000415972 0.000371894 0.000418623 -0.000429697 -0.00043366 -0.000373612 0.000334856 0.000415783 0.000437497 0.000432317 0.000400074 0.000407796 0.000388964 0.000425481 0.000434767 0.00040048 0.000410616 0.000351137 -0.000378255 -0.00028349 0.000397851 0.000415984 0.000433625 0.000437979 0.000406406 0.000443883 0.000335229 0.000395643 0.000433651 0.000411803 0.000418011 0.000431847 0.000425899 0.000403133 -0.000436588
0 0 0 0 0 0 0 0 0 0 0 0 0 0 0 0 0 0 0 0 0 0 0 0 0 0 0 0 0 0 0 0 0 0 0.000366869 0.000220457 -0.000272177 -0.000356101 0.000348132 -0.000263685 -0.000416461 0.000396007 0.000395167 -0.00044213 -0.000419494 -0.000379375 0.000364232 0.000433811 0.00044144 0.0004371 0.000417131 0.000397629 0.000423664 0.000435022 0.000302011 0.000411004 0.000419156 0.000322397 -0.000364254 0.000364581 0.000404468 0.000425179 0.000413284 0.000442989 0.00041434 0.000430284 0.000417131 0.000350918 0.000438426 0.0004326 0.000416268 0.000421607 0.000420385 0.000432167 -0.000370306
0 0 0 0 0 0 0 0 0 0 0 0 0 0 0 0 0 0 0 0 0 0 0 0 0 0 0 0 0 0 0 0 0 0 0.000415403 0.000415032 -0.000293663 -0.000347445 0.000377996 0.000361539 -0.000324607 -0.000342888 -0.000422176 -0.000413819 -0.000417282 -0.000425599 0.000372987 0.000441876 0.000442816 0.000436818 0.000426627 0.000414841 0.000410386 0.000437561 0.000325584 0.000321525 0.000408527 0.000289665 -0.000370704 0.000400543 0.00041829 0.000436359 0.000413586 0.000395764 0.000440098 0.000423063 0.00043911 0.000434937 0.000406206 0.000441441 0.000434941 0.000417571 0.000417232 0.00043871 0.000352985
0 0 0 0 0 0 0 0 0 0 0 0 0 0 0 0 0 0 0 0 0 0 0 0 0 0 0 0 0 0 0 0 0 0 0.000429719 0.000436248 0.000373366 -0.000334364 0.000379408 0.000399842 0.00033531 -0.000423285 -0.000440253 -0.000427323 -0.000442076 -0.000365893 0.000382615 0.000442485 0.000442238 0.000433928 0.000422267 0.000417743 0.000413968 0.000422623 0.000426658 -0.000342917 0.000396119 -0.000253442 -0.000412869 0.000397204 0.000441317 0.000437942 0.000415896 0.000356586 0.000435734 0.000433441 0.000403322 0.000438383 0.000427035 0.000437148 0.000439217 0.000426551 0.000410922 0.000438146 0.000366939
0 0 0 0 0 0 0 0 0 0 0 0 0 0 0 0 0 0 0 0 0 0 0 0 0 0 0 0 0 0 0 0 0 0 0.000436803 0.00043739 0.000437493 -0.000251128 0.000387358 0.000399321 0.000280168 -0.000413596 -0.000440252 -0.000424389 -0.000439321 0.000716183 0.000421468 0.000440671 0.000438944 0.000438079 0.000431423 0.000424945 0.000412058 0.000414177 0.000430767 -0.000305875 0.00031594 -0.000412159 -0.00043585 0.000343747 0.000442111 0.000441542 0.000434478 0.000380734 0.000401394 0.000441887 0.000414383 0.000417152 0.00043231 0.000421823 0.000438849 0.000433882 0.000421949 0.000437425 0.000368659
0 0 0 0 0 0 0 0 0 0 0 0 0 0 0 0 0 0 0 0 0 0 0 0 0 0 0 0 0 0 0 0 0 0.00043642 0.000432226 0.000430621 0.000432827 0.00037278 0.000411826 0.000409107 -0.000337865 -0.000432263 -0.000439195 -0.000433535 -0.000440087 0.000273502 0.000434213 0.000441348 0.000432068 0.000430023 0.000435736 0.00043192 0.000411048 0.000409654 0.000428815 0.000397482 -0.000390698 -0.000439689 -0.000437516 -0.000376179 0.000439597 0.00041409 0.000441494 0.00042388 0.000385534 0.000438446 0.000439242 0.000408241 0.00043821 0.000428857 0.000426258 0.000427608 0.000432848 0.000436643 0.000391057
0 0 0 0 0 0 0 0 0 0 0 0 0 0 0 0 0 0 0 0 0 0 0 0 0 0 0 0 0 0 0 0 0 0.000436563 0.000418923 0.000430065 0.000433926 0.000433382 0.000435558 0.000428247 -0.000401137 -0.000429433 -0.000433079 -0.000437342 -0.000437538 -0.000239359 0.00042003 0.000425617 0.000429172 0.000389148 0.000421427 0.000433909 0.000427358 0.000421821 0.00042861 0.000419775 -0.000434206 -0.000432276 -0.000415923 -0.000388522 0.000440828 0.000427784 0.000423737 0.000440556 0.000409698 0.000419995 0.000438063 0.000421773 0.000412743 0.000422783 0.000437162 0.000432416 0.000430792 0.000430867 0.000423061
0 0 0 0 0 0 0 0 0 0 0 0 0 0 0 0 0 0 0 0 0 0 0 0 0 0 0 0 0 0 0 0 0.000378952 0.00043525 0.000390826 0.000418846 0.000434677 0.000435383 0.000432247 0.000361496 -0.000351931 -0.000432815 -0.000425254 -0.0004386 -0.000434689 0.000332232 0.000403653 0.000403769 0.00044048 0.000392324 0.00037864 0.000404998 0.000436895 0.000434753 0.000430077 0.000436401 -0.000384719 -0.000435002 -0.000436322 -0.000288313 0.000410605 0.000439762 0.000416992 0.000438933 0.000434556 0.000387665 0.000436971 0.000436996 0.000425314 0.000429765 0.000430699 0.000436193 0.0004367 0.00041161 0.000393034
0 0 0 0 0 0 0 0 0 0 0 0 0 0 0 0 0 0 0 0 0 0 0 0 0 0 0 0 0 -0.000357761 -0.000389076 -0.000269776 0.000382205 0.000433302 0.00035597 0.000391919 0.000435678 0.000435313 0.000435879 0.000379223 -0.000434942 -0.000430276 -0.000429483 -0.000437548 -0.000416356 0.000391968 0.000376998 0.000368856 0.00042796 0.00041733 0.000363826 0.00039721 0.000415248 0.000425224 0.000435491 0.000436102 0.000362381 -0.000434478 -0.000418868 -0.000409762 0.000345508 0.000438891 0.000428267 0.000433965 0.00043891 0.000406359 0.000425892 0.00043883 0.000437909 0.000410971 0.000418665 0.000434032 0.000415765 0.000363096 0.000391332
0 0 0 0 0 0 0 0 0 0 0 0 0 0 0 0 0 0 0 0 0 0 0 0 0 0 0 -0.000359082 -0.000405743 -0.000395281 -0.000393234 -0.00029124 0.000393951 0.000435982 0.00040634 0.000356162 0.000434904 0.000434023 0.000433877 0.00040628 -0.000433214 -0.000416763 -0.000433536 -0.000436385 -0.000379919 0.000416084 0.000400372 -0.000714436 0.000378303 0.000434816 0.000378337 0.000382678 0.000402804 0.000421657 0.000428935 0.000437151 0.000395677 -0.000430505 -0.000431209 -0.000408158 0.000280512 0.000403197 0.000438962 0.000430889 0.000435882 0.00043385 0.000414884 0.000436587 0.000426301 0.000415584 0.000431628 0.000410473 0.000358396 0.000401504 0.000398886
0 0 0 0 0 0 0 0 0 0 0 0 0 0 0 0 0 0 0 0 0 0 0 0 0 -0.000737882 -0.000425965 -0.000407957 -0.000386125 -0.000391027 -0.000410677 -0.000307412 0.000421879 0.000435702 0.000409556 0.000392161 0.00043066 0.000434652 0.000429274 -0.000355986 -0.000422341 -0.000402275 -0.000422674 -0.000433473 0.000350381 0.000427002 0.00043528 -0.000324032 -0.000370215 0.000438024 0.000410302 0.00038503 0.000398219 0.000402539 0.000411036 0.000433033 0.000424765 -0.000411774 -0.000433753 -0.000365145 0.000360749 0.000391748 0.000432274 0.000438218 0.000436775 0.000438067 0.000421638 0.000437868 0.000408947 0.000421085 0.000428508 0.000371409 0.000367065 0.000400072 0.000384781
0 0 0 0 0 0 0 0 0 0 0 0 0 0 0 -0.000707473 -0.000423509 -0.000429117 -0.000427979 -0.000424143 -0.000343281 -0.000358321 -0.000358564 -0.000257753 0.000410466 -0.000305098 -0.000419273 -0.000389693 -0.000377903 -0.000392165 -0.000408709 -0.000349705 0.000434019 0.000435081 0.000429095 0.000412201 0.000426421 0.00042856 0.000434951 -0.000435247 -0.000435127 -0.000429255 -0.000434062 -0.000437641 0.000387999 0.000437097 0.000438531 -0.000365691 -0.000341609 0.000431396 0.000438319 0.000414247 0.000396349 0.000397387 0.00039958 0.000410328 0.000435774 0.000336758 -0.000429536 -0.000349541 0.000299289 0.000386456 0.000414879 0.000431323 0.000435108 0.000434604 0.000437233 0.000437393 0.00041095 0.000432254 0.000406132 0.000362729 0.000366868 0.000383233 -0.000374615
0 0 0 0 0 0 0 0 0 0 0 0 -0.000597772 -0.000515934 -0.000393079 -0.00041082 -0.000408411 -0.000429497 -0.00042883 -0.0004299 -0.000401033 -0.000349182 -0.000351921 -0.000216785 0.000386156 0.000354903 -0.000282828 -0.000355341 -0.000391424 -0.000399569 -0.000418344 -0.000344102 0.000432539 0.000431057 0.000428075 0.000421278 0.000426007 0.000427237 0.000415761 -0.000435717 -0.000435879 -0.000435389 -0.000437316 -0.000436155 0.000262591 0.000436918 0.000433577 0.000419743 0.000319459 0.000388192 0.000389857 0.000437594 0.000382568 0.000411734 0.000416325 0.000401428 0.000406137 0.000382987 0.000348835 -0.000343173 0.000271144 0.000293323 0.00033095 0.000384651 0.00041617 0.000437948 0.00043748 0.000436993 0.000416809 0.000426822 0.000411659 0.000338751 0.000372663 0.000338404 -0.000431267
0 0 0 0 0 0 0 0 -0.000308962 -0.00030894 -0.000408265 -0.000484621 -0.000511161 -0.00038579 -0.0004022 -0.000421649 -0.000401384 -0.000412646 -0.000429331 -0.000430315 -0.000430369 -0.000371151 -0.000359287 -0.000341634 0.000361572 0.000375579 0.000322714 0.000709463 -0.000709229 -0.000337401 -0.000420328 -0.000331514 0.000428929 0.000435078 0.000425771 0.000404735 0.00042669 0.000432321 0.000405742 -0.000402912 -0.000424511 -0.000434927 -0.000434464 -0.000427472 -0.000371618 0.000414548 0.000434305 0.000421608 0.000402918 0.00040408 0.000310067 0.000395295 0.000422678 0.000383215 0.000422866 0.000428734 0.000396145 0.000431168 0.000392096 0.000237233 0.000318114 -0.000250992 -0.000354686 0.00026201 0.000391867 0.000432389 0.000433379 0.000433575 0.000418699 0.000414933 0.000410487 0.000370705 0.000376167 -0.000404358 -0.000426511
0 0 0 0 0 0 -0.000640765 -0.000396018 -0.000430051 -0.000414599 -0.000408825 -0.000474183 -0.000381669 -0.000394929 -0.000407115 -0.00041957 -0.000412862 -0.000381998 -0.000430226 -0.000430629 -0.000426008 -0.000416526 -0.000366068 -0.00037369 -0.00027567 0.00038523 0.000376001 0.000326946 -7.27903e-07 -1.26421e-06 -0.000235802 0.000338223 0.000431563 0.000430642 0.000435575 0.000428549 0.000427072 0.000427624 0.000433581 -0.000376912 -0.000436297 -0.000424994 -0.000435716 -0.000427795 -0.000371434 0.000413447 0.000433742 0.000408377 0.000435726 0.000405971 0.000340856 0.000384244 0.000434371 0.000405726 0.000420023 0.000436345 0.000425095 0.000412156 0.000436169 0.000411498 0.000342716 -0.000298341 -0.000342889 0.000372154 0.000372443 0.000379851 0.000416277 0.000428404 0.000434686 0.000419463 0.000408395 0.000389113 0.000357312 -0.000427843 -0.000429822
0 0 0 0 0 -0.000315578 -0.000381834 -0.00045883 -0.000458775 -0.000425398 -0.000308696 -0.000331468 -0.000368277 -0.000412189 -0.000417634 -0.000410144 -0.000410256 -0.000407914 -0.000430137 -0.000431162 -0.000430104 -0.000430211 -0.000375942 -0.000370706 -0.000333459 0.000385879 0.000360919 0.000340314 1.28363e-07 9.58176e-08 0.000277486 0.000393784 0.000427984 0.000432146 0.00043399 0.000432454 0.000419243 0.000427212 0.000423124 0.000260835 -0.000435835 -0.000436375 -0.000429886 -0.000408113 -0.000402537 0.000380795 0.00043738 0.000429631 0.000423038 0.000424194 0.000374878 0.000413687 0.000406817 0.000435228 0.000415058 0.00043608 0.000436424 0.000425276 0.000415885 0.000435782 0.000411122 0.000308307 0.000250243 0.000397062 0.00039307 0.000371463 0.000392822 0.000395351 0.000407727 0.00043377 0.000406166 0.000393075 -0.000423847 -0.000414518 -0.000424602
