Outputs/initial_cond/u_20m.asc
ncols 501
nrows 458
xllcorner 528660
yllcorner 5.07688e+06
cellsize 20
NODATA_value -9999
[rows 396 to 428 of 458, columns 75 to 149 of 501]
0 0 0 0 0 0 -0.00176579 -0.000977446 -0.000913593 -0.000977523 -0.000913679 -0.000977606 -0.000913708 -0.000913843 -0.000977761 -0.000997807 -0.00149619 -0.00259838 -0.00286078 -0.00282318 -0.00265061 -0.00282145 -0.0024077 -0.00278871 -0.00278768 -0.00286286 -0.00278733 -0.00278706 -0.002911 0.00289055 -0.00196326 -0.00272944 -0.00285395 -0.00304578 -0.000806145 -0.000821084 -0.000821291 -0.000773214 -0.000593994 -0.000708272 -0.00162494 -0.00067958 -0.00162519 -0.000642787 -0.000595153 -0.000679455 -0.000643375 -0.000642709 0.000594814 0.00171802 -0.00154726 -0.00165889 0.00133501 -0.00114608 -0.00137073 -0.00146061 -0.00145838 -0.00137098 -0.00141926 -0.00142535 0.00234095 -0.00134109 -0.00235139 -0.00101383 -0.00129729 -0.000938851 -0.00101549 -0.00127645 -0.00101598 -0.00101443 0 0 0 0 0
0 0 0 0 0 -0.000773858 -0.00105502 -0.00101159 -0.000936959 -0.000977417 -0.000958152 -0.0009581 -0.000913585 -0.000913351 -0.000777575 -0.00107632 -0.00253826 -0.00222602 -0.00271275 -0.00296133 -0.00289553 -0.00285162 -0.00241284 -0.00282294 -0.00232655 -0.00278734 -0.00289491 -0.00231355 0.00231324 -0.00250393 -0.00289247 -0.00318287 -0.00255212 -0.00255991 -0.00232453 -0.000640829 -0.000847517 -0.000891398 -0.000773108 -0.000593399 -6.87079e-06 -6.12869e-06 -6.60145e-06 -6.67283e-06 -0.000642813 -0.000595146 -0.000643207 -0.00064251 0.000594783 0.00104573 -0.00162931 -0.00160296 0.00132356 -0.00128911 -0.00140031 -0.00149352 -0.00138826 -0.00146856 -0.00138452 -0.00115203 6.32496e-06 -0.000936782 -0.00111646 -0.00125043 -0.00235146 -0.00129837 -0.00107361 -0.00235339 -0.00132151 0 0 0 0 0 0
0 0 0 0 -0.0246985 -0.000887099 -0.00119087 -0.00102687 -0.0010267 -0.000886959 -0.00101141 -0.000887019 -0.000978446 -0.00190609 -0.000936957 -0.00104166 -0.000971923 -0.00211642 -0.00314952 -0.00274206 -0.00289322 -0.00293481 -0.00247537 -0.0024069 -0.00264764 -0.00240589 -0.00254384 -0.00289625 -0.0023954 -0.00254077 -0.00311487 -0.00309387 -0.00433624 -0.00241112 -2.99664e-05 -1.4937e-05 -0.00240662 -0.000909803 -0.000753701 -0.000592948 0.000593519 6.35053e-07 -3.51292e-12 -6.77891e-07 -0.000643407 -0.00162542 -0.000643772 -0.00162605 -0.000736366 0.00100199 0.00126816 -0.00164173 -0.00138641 -0.00140247 -0.00148426 -0.00152948 -0.00143518 -0.00142146 -0.00127388 -0.00111913 -0.00235169 -1.62033e-05 -0.0012767 -0.00115967 -0.00127835 -1.64309e-05 -0.0012796 -0.00116322 0 0 0 0 0 0 0
0 0 0 -7.35446e-08 -7.37166e-08 -8.06291e-06 -0.000978218 -0.00115933 -0.00104105 -0.000957683 -0.000936737 -0.000994725 -0.000820058 -0.00101023 -1.13859e-05 -0.00106805 -0.00102809 -0.00100385 -0.00286091 -0.00285839 -0.00269885 -0.00314189 -0.00258946 -2.3249e-05 0.00264997 -0.0029901 -0.00286146 -0.00292791 -0.00260637 -0.00212065 -0.00357803 -0.00232235 -9.63452e-06 -9.66632e-06 -3.30701e-08 -2.12117e-07 -2.44566e-05 -0.000871172 -0.00162226 -0.00067721 0.000677165 0.000642026 0.00162449 1.20378e-06 -0.000594689 -0.000678868 -0.000595033 -0.000712223 -0.000812101 0.000682415 0.00107168 -0.00121598 -0.00160587 -0.0015468 -0.00153851 -0.00162458 -0.00149429 -0.00131767 -0.0012965 -0.0011879 0.000935831 -7.43054e-07 -0.00125154 -0.00119413 -0.00116044 -0.00127583 4.05112e-05 1.16782e-05 0 0 0 0 0 0 0
0 0 -0.000506298 -0.000885453 -1.15499e-06 -1.2711e-06 -0.000975617 -0.000913032 -0.00107943 -0.00102654 -0.000994671 -0.00093687 -0.00103906 0.00190383 -0.000959571 -0.00106984 -0.00109253 -0.00104938 -0.00254214 -0.00264894 -0.00278511 -0.00322654 -0.00272044 -1.83027e-05 0.00281594 -0.00195428 -0.00314452 -0.00289629 -0.0027955 -0.00248988 -0.00352271 -0.00289281 -2.24653e-05 -6.28498e-08 -6.08117e-11 -1.48914e-09 -9.09474e-07 -0.000706411 -0.000805791 0.00075378 0.000860154 0.000791404 -0.000733504 -0.00162459 -0.000594559 -0.000645377 -0.000711756 -0.000759259 -0.000839472 0.00162817 0.00098693 0.000876826 -0.0014307 -0.00149485 -0.00163059 -0.00173398 -0.00157141 -0.00106527 0.0023479 -0.00127449 -0.00107117 -0.00101478 -0.00127716 -0.0013219 -0.00101528 -0.00122467 0 0 0 0 0 0 0 0 0
0 -0.00142172 -0.00113326 -0.00103958 -1.38526e-06 -2.69563e-06 -0.00190294 -0.000912402 -0.000719036 -0.00114148 -0.0010545 -0.00106706 -0.00097369 0.00190176 -0.00107991 -0.00109145 -0.00106796 -0.00105497 -0.00087277 -0.00432523 -0.00292594 -0.00318596 -0.00297016 -0.00430494 0.00221006 0.00274046 -0.0026537 -0.00304682 -0.00283609 -0.00279718 -0.00300553 -0.00342967 -0.00269634 -2.14149e-05 -4.98454e-08 9.86532e-09 -1.51126e-07 -1.23618e-05 -0.0016223 -0.00162151 0.000947791 0.00100275 -0.000919544 -0.000848449 -0.000709706 -8.61514e-06 -0.000597632 -0.000598258 -0.000779657 -0.00082698 0.000887845 0.000987464 -0.00133195 -0.0012923 -0.0016115 -0.00180665 -0.00166833 -0.00234672 -1.82578e-06 -0.00101386 -0.00111773 -0.000939539 -0.00141071 -0.00122536 -0.00132477 0 0 0 0 0 0 0 0 0 0
0 -0.0013407 -0.00112356 -0.00103948 -1.38402e-06 -7.03963e-09 -4.57398e-06 -5.67273e-06 -7.17654e-06 -0.000957556 -0.00115913 -0.00109334 -0.0010122 -0.00101138 -0.0010678 -0.00109165 -0.00108013 -0.00107041 -0.00191083 -0.00150637 -0.00195272 -0.00320728 -0.0031182 -0.00263381 5.04149e-06 0.00272859 -0.00196199 -0.00287292 -0.00279785 -0.0027951 -0.00241789 -0.00340203 -0.00320278 -0.0026468 -2.11099e-05 8.79721e-06 2.0127e-06 1.94255e-05 0.00431682 0.00261277 0.00081524 0.000950481 0.000794213 -0.000914772 -0.000898154 -0.00162633 -6.16356e-06 0.000645634 -0.000712739 -0.000759101 0.00077899 0.000866844 0.000899953 -0.00146287 -0.00169081 -0.00182297 -0.00149912 -0.00129974 -0.00234503 -1.53205e-05 -9.22871e-06 -9.92422e-06 -0.00122471 -0.00150368 0 0 0 0 0 0 0 0 0 0 0
0 -0.00113074 -0.00113139 -0.000775656 -1.00197e-06 -3.70355e-10 -1.03707e-09 5.34079e-10 -4.62153e-08 -8.11383e-06 -0.00113496 -0.00125108 -0.000776781 -0.00106649 -0.00106753 -0.00109138 -0.00109049 -0.00100825 -8.45841e-06 -0.00148652 -2.6595e-05 -0.00240763 -0.00335265 -0.00285742 -0.00245636 0.0020914 -0.00195397 -0.00195369 -0.00283061 -0.00195965 -0.00241631 -0.00297511 -0.00353298 -0.00279721 -0.00263988 0.00221747 0.00248618 0.00223835 0.00432928 0.00158611 0.00163934 0.000940974 0.000939291 -0.000875113 -0.000875476 -0.000777567 -0.000644469 0.000955285 -0.00091733 -0.000760091 -0.000598664 0.000760668 0.00099717 -0.00165495 -0.00180087 -0.00172 -0.00115459 -0.00101297 -0.00132216 -0.00234899 -5.92992e-06 -4.47396e-08 3.99593e-05 8.86225e-06 0 0 0 0 0 0 0 0 0 0 0
0 0 -7.14759e-07 -1.00127e-06 -7.17996e-10 -1.19646e-11 2.86066e-13 -2.18332e-08 -6.44364e-06 -0.000912961 -0.00124209 -0.000996221 -0.000958255 -0.00106738 -0.00109133 -0.00109055 -0.00106536 -0.00101039 -1.34254e-06 -5.05221e-06 -8.46638e-06 -0.00212056 -0.00323217 -0.0029263 -0.00269399 -0.00229832 -2.20926e-05 -4.66027e-05 -0.0023327 -0.00266226 -0.00432914 -0.00196085 -0.00333803 -0.00347215 -6.21414e-05 2.62637e-05 2.82678e-05 5.12846e-06 2.62502e-05 9.67966e-06 0.00156657 0.000916614 0.000981558 -0.000596508 -0.000710656 -0.000710848 -7.70133e-06 -0.000645943 -0.000779084 -0.000598686 -0.000780053 -0.000682465 0.000779206 -0.00101199 -0.00118491 -0.00142074 -0.00131637 -0.00101222 -0.00101361 -0.0012997 -0.000938298 -3.68572e-06 0 0 0 0 0 0 0 0 0 0 0 0 0
0 0 0 5.49839e-10 -1.02468e-09 -2.44411e-12 -4.04397e-10 -1.07342e-06 -0.00082048 -0.00122776 -0.000992549 -0.00095845 -0.000936127 -0.00102734 -0.001111 -0.00106664 -0.00105615 -0.00102471 1.68599e-07 -1.4652e-06 -1.22911e-05 -0.00312083 -0.00245677 -0.00259467 -0.00247516 -0.00286963 -0.00432144 -1.90948e-05 -3.91047e-05 -0.00432368 -0.00232534 -4.37355e-05 -0.00266298 -0.00368357 -0.00288847 -2.48343e-05 1.02565e-05 1.30582e-06 -3.92181e-06 5.44209e-06 0.00156446 0.000841811 0.0010033 0.000837732 0.00101168 -0.000886897 -0.000888024 -0.00162907 -0.000598239 -0.000738055 -0.000713209 -0.000599257 -0.00083228 -0.0011341 -0.00116223 -0.00129487 -0.00106805 -0.00127333 -0.00111847 -0.00235557 -0.00119179 0 0 0 0 0 0 0 0 0 0 0 0 0 0
0 0 0 1.75703e-06 -2.67351e-06 -2.09081e-09 -8.97124e-10 -1.39063e-06 -0.00106331 -0.00111207 -0.00101066 -0.00100756 -0.000955674 -0.00103886 -0.00104097 -0.00105469 -0.00105449 -0.000994542 -0.000855432 0.000911975 0.000886317 -0.00118985 -0.00291611 -0.00211565 -0.00222645 -0.00292533 -0.00269202 -2.03986e-05 -1.27498e-07 -2.62301e-05 -8.30422e-06 -4.45394e-07 -4.40605e-05 -0.00287469 -0.00352121 -0.00331826 0.00259427 0.00249633 -0.00282023 0.00431659 0.00250426 0.000893427 0.00100489 0.000596766 0.000759118 0.000955694 0.00071328 -0.000760744 -0.000760276 -0.0007128 -0.000711744 0.00075959 -0.0010895 -0.00119382 -0.000921259 -0.000718478 -0.00129626 -1.4856e-05 -0.0011912 -0.00122151 0 0 0 0 0 0 0 0 0 0 0 0 0 0 0
0 0 0.000915704 -0.00190812 -0.00190273 -2.69144e-06 -4.14997e-06 -1.43075e-06 -0.00105846 -0.00107986 -0.00102589 -0.000957076 -0.000976626 -0.00101085 -0.0010907 -0.00105427 -0.000957542 -0.00095551 0.000910831 -0.000720562 -0.00112404 -0.00105388 -0.00106377 -0.00244477 0.00207904 -0.00264828 -0.00290204 -0.00239773 -1.07857e-05 -5.83739e-08 -1.52704e-08 8.70422e-07 7.91191e-06 0.00194536 -0.00258422 -0.00365984 0.00325122 0.00309678 -0.00272365 -0.00343957 0.00290313 0.00271732 0.00102094 -0.00104435 -0.000645099 -0.000863455 0.000680871 0.000925205 0.000977798 0.000855308 -0.00083024 -0.00112448 -0.00117431 -0.000987078 -0.000763322 -0.000801062 -0.000784958 -0.000743862 -0.000936704 0 0 0 0 0 0 0 0 0 0 0 0 0 0 0 0
0 1.87684e-06 0.0010976 0.00233077 -0.000884824 -1.02012e-05 -0.000775503 5.93219e-06 -0.00102355 -0.00106658 -0.000955623 -0.000913289 -0.00103996 -0.000856085 -0.00109071 -0.00107933 -0.000958678 -0.0019066 -0.000857743 -0.0010264 -0.0010387 -0.00103994 -0.000984553 -0.00264018 0.00194185 -0.0043241 -0.00282815 -0.00211474 -0.00240488 -9.61092e-06 8.88002e-06 0.00222723 0.0021136 2.20576e-05 -0.00304417 0.00428933 0.00234892 0.0022452 -0.00224843 -0.00338002 0.00296771 0.00250131 -0.000974775 -0.000777969 -0.000852855 -0.000924817 -0.000778534 -0.000758415 -0.000837414 0.0016251 -0.000713471 -0.00104552 -0.000889583 -0.000844694 -0.000845352 -0.00076386 -0.000801683 -0.00060121 0 0 0 0 0 0 0 0 0 0 0 0 0 0 0 0 0
-4.26518e-05 -2.69727e-09 1.20508e-05 1.0471e-05 0.000301696 -0.000975783 -0.000882958 0.000909195 -0.000913077 -0.00106651 -0.00093974 -0.000935572 -0.000820227 -0.000993774 -0.000959232 -0.00115143 -0.00102573 -0.000774943 -0.00100996 -0.00100919 -0.000936214 -0.000886511 -0.000976745 -0.000971272 -0.00230721 0.00193583 -0.00274693 -0.00253666 -4.71795e-05 -8.67557e-06 1.27427e-07 1.94226e-05 1.30293e-06 -7.72219e-06 -0.00196712 -0.00261535 -0.00195783 3.76404e-05 0.00223005 -0.00307828 0.00248188 -0.00311281 -0.000858042 -0.000825716 -0.000940759 -0.000908791 -0.00162788 -1.04428e-05 -0.00163219 -0.0008276 -0.00092739 -0.000978985 -0.00071535 -0.000844982 -0.000783206 -0.000846227 -0.000859276 0 0 0 0 0 0 0 0 0 0 0 0 0 0 0 0 0 0
-0.00113816 1.05597e-05 0.00109765 0.000996679 -0.00113592 -0.000973941 -2.42995e-06 1.7505e-08 -0.000886794 -0.000977017 -0.000955576 -0.00091127 -7.51346e-06 -0.00190857 -0.00119758 -0.00107875 -0.00072019 -0.00102624 -0.00102522 -0.000976477 -0.000974904 -1.07395e-05 -0.000820499 -0.000819089 0.000717491 -0.00278902 -0.00270105 -0.00195522 -0.00278592 -0.00210019 -1.04155e-05 -1.0447e-05 -3.68369e-08 -5.28286e-08 -1.12813e-05 -4.73569e-05 -0.00432177 0.00195017 0.00294553 -0.00311674 -0.00345159 -0.00212827 -0.00280583 -0.000825357 -0.000974589 -0.000836983 -0.000681317 -0.000838245 0.000851398 -0.000855771 -0.00092743 -0.00089102 -0.000844612 -0.00163355 -0.00084559 -0.000800793 0 0 0 0 0 0 0 0 0 0 0 0 0 0 0 0 0 0 0
-0.00105248 0.00092148 0.00105301 0.00129672 -0.000995045 -0.000854752 -7.25194e-07 -1.16348e-06 -0.00090924 -0.00108776 -0.000911016 -1.08434e-05 -0.000776575 -0.00112198 -0.00112156 -0.000776354 -0.000912504 -0.000915174 -0.000886342 -0.00101095 -0.00102588 -0.000775826 -6.27654e-06 -6.48478e-06 4.30317e-06 -0.000974721 -0.0024759 0.00240364 -0.00241096 -0.0026634 -0.00281356 -0.00260453 -1.04887e-05 1.07494e-08 3.98586e-08 2.11793e-05 0.00247849 0.00303438 0.00224636 -0.00345862 -0.0033484 -0.0026236 -0.00271958 -0.000839989 -0.000886503 -0.000918705 -0.00160253 -0.000797269 -0.000888364 -0.00163117 -0.000814285 -0.00084388 -0.000600676 -0.000782518 -0.000715551 0 0 0 0 0 0 0 0 0 0 0 0 0 0 0 0 0 0 0 0
-0.00113687 0.000995476 0.00117144 0.001369 0.00138413 -0.000993448 0.000300683 -4.39659e-06 3.57343e-06 -0.0010402 -0.00111182 -0.000885878 -0.00102576 -0.00104033 -0.001024 -1.1688e-05 -0.00102572 -0.000775046 -7.72637e-06 -0.00101052 -0.000936218 -0.00100871 -2.61588e-06 -2.51534e-09 -1.16907e-06 -0.000895443 -0.00263198 0.00281303 0.00195493 -0.00279875 -0.00328033 -0.00211952 1.22944e-05 2.63459e-05 2.07541e-05 0.00282556 0.00322754 -0.00281906 -0.00301261 -0.00319487 -0.00316741 -0.00297341 -0.00262494 -0.000816296 -0.000794852 0 0 0 -0.000942714 -0.000898495 1.22247e-05 -0.000857044 -0.00064843 1.92115e-05 1.8609e-05 0 0 0 0 0 0 0 0 0 0 0 0 0 0 0 0 0 0 0 0
-0.00232519 0.000990766 0.00113416 0.00131611 0.00148596 0.00149616 -0.00232881 -0.000955802 0.0008546 -0.000821812 -0.00121089 -0.000956776 -0.00107875 -0.00101159 -0.00190625 -0.000935778 -0.000934073 -2.22093e-06 -1.01696e-06 -0.000776581 -0.00101049 -0.000912637 -0.00097443 -2.56221e-06 -3.10469e-06 -0.00191225 -0.00117752 0.00117644 0.00235497 -1.97088e-05 -0.0028414 -0.00346014 0.00263009 0.00432972 0.00234886 0.00345768 -0.00287927 -0.00292195 -0.00307838 -0.00308113 -0.00313716 -0.00434654 -0.00286957 -0.00276072 0 0 0 0 0 0 0 0 0 0 0 0 0 0 0 0 0 0 0 0 0 0 0 0 0 0 0 0 0 0 0
-0.00142992 -0.00138613 -0.00131332 -0.00116399 0.0012449 0.00159378 0.00232677 -0.00147448 0.00142187 -0.00101009 -0.0010238 0.000716801 -0.00112922 -0.000990679 -0.000853789 -0.000716413 -2.36369e-06 -1.06241e-06 -1.68833e-08 -5.18219e-06 -0.000820361 -0.00101045 -0.000886153 -0.000974592 -0.000306659 -0.00109569 -0.00124866 -7.9048e-06 0.00109361 0.00253146 -0.00196747 -0.0034021 -0.00302555 0.00230754 0.00351509 0.00212369 -0.00300768 -0.00247619 -0.00291132 -0.00310309 -0.00289253 -0.00268716 -0.00292103 0 0 0 0 0 0 0 0 0 0 0 0 0 0 0 0 0 0 0 0 0 0 0 0 0 0 0 0 0 0 0 0
-0.00232592 0.00232528 -0.00133615 -0.00122813 -0.000993318 0.00124872 -0.000994467 0.00119835 -0.00136747 -0.00122094 -0.00103526 0.00110647 -0.00101031 -0.00111253 -0.000718012 -0.000717475 -1.99953e-06 -0.000818251 -1.15656e-06 -1.31575e-07 -9.39475e-06 -0.000912233 -0.000938099 -0.00233174 -0.00136088 0.000991878 -0.00127387 -0.0010487 0.00116681 -0.00238778 0.00245837 -0.00287399 -0.00309293 0.00259434 0.00334271 -0.00278812 -0.00310313 0.00252562 -0.00306443 -0.00305524 -0.00285492 -0.00284713 0 0 0 0 0 0 0 0 0 0 0 0 0 0 0 0 0 0 0 0 0 0 0 0 0 0 0 0 0 0 0 0 0
-0.00232739 0.00232678 -0.00125276 -0.00113534 -1.27998e-05 6.83849e-06 -0.00119553 -0.000991208 -0.00105098 -0.00107826 -0.000853963 0.000853913 -0.00190729 -0.000978044 -0.000935641 -0.00085654 -0.00190407 -0.000819736 -0.000855408 -0.00081989 -0.000819086 -1.22268e-05 -0.00102938 -0.00113135 0.00122228 0.000997148 -0.000995827 -0.0010552 -0.00141756 0.000997981 0.00261125 0.00435475 -0.00268287 -0.00341411 -0.00230557 0.00320814 0.0021221 -0.00305683 -0.00323998 -0.00293084 -0.0027021 0 0 0 0 0 0 0 0 0 0 0 0 0 0 0 0 0 0 0 0 0 0 0 0 0 0 0 0 0 0 0 0 0 0
-1.06821e-05 5.62891e-06 -0.00113664 -0.00119922 -0.000918663 -2.20967e-06 -1.46742e-05 -0.00105018 -0.00128948 -0.000993331 -0.00101312 -0.00190509 -0.000776114 -0.00102258 0.000773583 0.00190699 0.000778433 -6.96977e-06 -0.000978163 -0.00102772 -0.00190986 -0.00101277 -0.000779947 -0.00119529 0.000917565 0.000888403 -0.000923427 -0.00131704 -0.000925237 -0.00129281 0.00119724 0.00195111 -0.0028611 -0.00301546 0.00232076 0.00296263 -0.00271858 -0.00312626 -0.00312708 -0.0028372 0 0 0 0 0 0 0 0 0 0 0 0 0 0 0 0 0 0 0 0 0 0 0 0 0 0 0 0 0 0 0 0 0 0 0
-0.000996796 -0.00105044 -1.39358e-05 -1.29014e-05 -0.00113562 -0.00120287 -0.000918972 -1.49112e-05 -0.00136227 -0.000777656 -0.00110969 0.000815894 -0.000855296 -0.000935293 -0.000931581 0.000851757 0.000774391 -0.000715882 -0.00103643 -1.09148e-05 -0.000912577 -0.000937424 -0.00190991 -0.00232949 -0.00190383 0.000718819 -0.00131375 -0.00099221 -0.000920223 -0.0013314 -5.82604e-06 -0.00134983 -3.1334e-05 -0.00212182 -0.00325437 0.00254387 -0.00256221 -0.00312404 -0.00270822 0 0 0 0 0 0 0 0 0 0 0 0 0 0 0 0 0 0 0 0 0 0 0 0 0 0 0 0 0 0 0 0 0 0 0 0
-0.00233204 -0.0012963 -0.000993117 5.10414e-07 -1.67905e-05 -0.00135166 -0.00233353 -0.00232028 -0.00119418 0.00109152 -0.000916961 -0.00140742 -0.00106359 -0.000716601 -1.00826e-05 8.00532e-06 4.48769e-06 -0.00190365 -0.000776983 -2.36193e-06 -0.00101389 -0.00190537 -0.00101218 -0.000780401 -0.00030689 -0.00232915 -0.00134355 -1.16661e-05 -0.00119711 -0.0011958 -1.03837e-05 -0.00135509 -4.45089e-06 -4.51003e-05 -0.00333538 -0.00292681 0.00431906 -0.00323818 0 0 0 0 0 0 0 0 0 0 0 0 0 0 0 0 0 0 0 0 0 0 0 0 0 0 0 0 0 0 0 0 0 0 0 0 0
-1.11559e-05 -0.00233836 -0.00117252 -0.00117231 -0.0010525 -0.00130513 -1.08027e-05 -6.4883e-06 0.000304664 -0.000856499 -0.000979221 -0.00093945 -0.000997412 -0.00190415 -0.000854263 -2.198e-06 -0.00085475 -0.000777443 -6.68194e-06 -2.21112e-06 -0.000978152 -0.000888387 -0.000821915 -0.00101003 -0.00030766 -0.00127129 -0.00105232 -0.00233186 -0.000994665 -0.00130014 -0.00233607 -0.00135659 -1.4204e-05 -0.00254967 -0.00352836 -0.00254565 -1.00468e-05 0 0 0 0 0 0 0 0 0 0 0 0 0 0 0 0 0 0 0 0 0 0 0 0 0 0 0 0 0 0 0 0 0 0 0 0 0 0
-1.65278e-05 -0.00109809 -0.00109725 -0.00109943 -0.00109211 -0.00127605 -0.00232593 -5.71115e-06 0.000304058 -0.00101036 -0.000818984 -0.000912217 -0.000956311 -8.50171e-06 -6.73497e-06 -2.6985e-06 -0.00190366 -0.000887069 -0.000913224 -0.000718205 -1.1571e-05 -0.000977671 -0.000887727 -0.00105899 -0.00232911 0 0 0 0 0 0 0 0 0 0 0 0 0 0 0 0 0 0 0 0 0 0 0 0 0 0 0 0 0 0 0 0 0 0 0 0 0 0 0 0 0 0 0 0 0 0 0 0 0 0
-0.00136356 -1.4254e-05 -2.98652e-07 2.3663e-06 -1.0654e-05 -1.26223e-05 -0.00129259 -0.00104599 0.000302389 -0.000887535 -0.000936941 -0.000938692 -0.000960583 -0.00190281 -3.66889e-06 -4.79564e-09 2.01965e-06 1.0353e-05 -1.08385e-05 -0.000820957 -0.000937093 -0.000856297 0 0 0 0 0 0 0 0 0 0 0 0 0 0 0 0 0 0 0 0 0 0 0 0 0 0 0 0 0 0 0 0 0 0 0 0 0 0 0 0 0 0 0 0 0 0 0 0 0 0 0 0 0
-0.00125247 -0.0011336 -1.94351e-06 -1.78681e-06 1.55298e-06 0.000918485 -0.000991287 -0.000720694 -0.000857459 -0.000938105 -0.000887188 -0.000978894 -0.00190427 -0.00101116 -0.000776853 0 0 0 0 0 0 0 0 0 0 0 0 0 0 0 0 0 0 0 0 0 0 0 0 0 0 0 0 0 0 0 0 0 0 0 0 0 0 0 0 0 0 0 0 0 0 0 0 0 0 0 0 0 0 0 0 0 0 0 0
-0.00233807 -0.0012728 -3.74665e-06 -0.00104753 -1.9515e-06 9.48125e-06 -1.21438e-05 0.000302998 -0.000821566 -0.00100986 -1.1761e-05 -0.000887344 -0.000978021 -8.29399e-06 0 0 0 0 0 0 0 0 0 0 0 0 0 0 0 0 0 0 0 0 0 0 0 0 0 0 0 0 0 0 0 0 0 0 0 0 0 0 0 0 0 0 0 0 0 0 0 0 0 0 0 0 0 0 0 0 0 0 0 0 0
-0.00109199 -1.72523e-05 0.00109758 -0.00232848 -0.00109283 0.00099088 -0.00101637 -0.00190297 -1.19987e-05 -0.000887161 -0.000975283 -1.06081e-05 -0.000886613 0 0 0 0 0 0 0 0 0 0 0 0 0 0 0 0 0 0 0 0 0 0 0 0 0 0 0 0 0 0 0 0 0 0 0 0 0 0 0 0 0 0 0 0 0 0 0 0 0 0 0 0 0 0 0 0 0 0 0 0 0 0
-0.00165345 -0.00122009 0.00130701 4.17175e-06 -5.83487e-06 6.71591e-06 -0.000719916 -0.000719859 -0.000957857 -0.000777299 -0.000994977 0 0 0 0 0 0 0 0 0 0 0 0 0 0 0 0 0 0 0 0 0 0 0 0 0 0 0 0 0 0 0 0 0 0 0 0 0 0 0 0 0 0 0 0 0 0 0 0 0 0 0 0 0 0 0 0 0 0 0 0 0 0 0 0
0 0 0.0023283 0.0010944 2.20911e-06 0.000304435 -2.10886e-06 -5.03435e-06 -0.000820751 -0.000977172 0 0 0 0 0 0 0 0 0 0 0 0 0 0 0 0 0 0 0 0 0 0 0 0 0 0 0 0 0 0 0 0 0 0 0 0 0 0 0 0 0 0 0 0 0 0 0 0 0 0 0 0 0 0 0 0 0 0 0 0 0 0 0 0 0
0 0 0 0.000992332 2.07019e-06 0.000304623 3.72249e-07 -1.98803e-10 0 0 0 0 0 0 0 0 0 0 0 0 0 0 0 0 0 0 0 0 0 0 0 0 0 0 0 0 0 0 0 0 0 0 0 0 0 0 0 0 0 0 0 0 0 0 0 0 0 0 0 0 0 0 0 0 0 0 0 0 0 0 0 0 0 0 0
