Outputs/initial_cond/u_35m.asc
ncols 287
nrows 262
xllcorner 528652
yllcorner 5.07688e+06
cellsize 35
NODATA_value -9999
[rows 68 to 101 of 262, columns 152 to 227 of 287]
-0.00083044 -0.000821457 -0.000759553 -0.000562507 -0.000587878 -0.000858068 -0.000707589 -0.00075447 -0.000881831 -0.000882405 -0.000812413 -0.000771348 -0.000793969 -0.000886543 -0.000888245 -0.000890533 -0.000890384 0 0 0 0 0 0 0 0 0 0 0 0 0 0 0 0 0 0 0 0 0 0 0 0 0 0 0 0 0 0 0 0 0 0 0 0 0 0 0 0 0 0 0 0 0 0 0 0 0 0 0 0 0 0 0 0 0 0 0
-0.000857084 -0.000813043 -0.000705995 -0.000706042 -0.000643443 -0.000718376 -0.000772797 -0.000756575 -0.000779339 -0.000860064 -0.000849534 -0.000835551 -0.000797223 -0.000870326 -0.000891043 -0.000893205 -0.000889765 -0.000886867 0 0 0 0 0 0 0 0 0 0 0 0 0 0 0 0 0 0 0 0 0 0 0 0 0 0 0 0 0 0 0 0 0 0 0 0 0 0 0 0 0 0 0 0 0 0 0 0 0 0 0 0 0 0 0 0 0 0
-0.000878398 -0.000831771 -0.000647108 -0.000759272 -0.000744885 -0.000732875 -0.000792681 -0.000756614 -0.000794076 -0.000794597 -0.000801911 -0.000791435 -0.0008364 -0.000881698 -0.000891689 -0.000893172 -0.000894562 -0.000894103 -0.000872809 0 0 0 0 0 0 0 0 0 0 0 0 0 0 0 0 0 0 0 0 0 0 0 0 0 0 0 0 0 0 0 0 0 0 0 0 0 0 0 0 0 0 0 0 0 0 0 0 0 0 0 0 0 0 0 0 0
-0.000875913 -0.000839635 -0.000713465 -0.000696725 -0.000738391 -0.000802487 -0.000688647 -0.000745989 -0.000872609 -0.000867153 -0.000819284 -0.000783793 -0.000770525 -0.000883992 -0.000891732 -0.000891845 -0.000894198 -0.000896871 -0.000893255 -0.000824292 0 0 0 0 0 0 0 0 0 0 0 0 0 0 0 0 0 0 0 0 0 0 0 0 0 0 0 0 0 0 0 0 0 0 0 0 0 0 0 0 0 0 0 0 0 0 0 0 0 0 0 0 0 0 0 0
-0.000877077 -0.000789441 -0.000795145 -0.000801991 -0.000700342 -0.000758793 -0.000770162 -0.000682252 -0.000818262 -0.000881197 -0.000857617 -0.000835232 -0.00115487 -0.000892425 -0.000857848 -0.000888515 -0.000875642 -0.000874465 -0.000891285 -0.000880997 -0.000756669 0 0 0 0 0 0 0 0 0 0 0 0 0 0 0 0 0 0 0 0 0 0 0 0 0 0 0 0 0 0 0 0 0 0 0 0 0 0 0 0 0 0 0 0 0 0 0 0 0 0 0 0 0 0 0
-0.000827599 -0.000745083 -0.000768673 -0.000817506 -0.000710844 -0.000732829 -0.000791254 -0.000803893 -0.000800987 -0.000887445 -0.00116035 -0.00111491 -0.00117953 -0.00111398 -0.00115318 -0.00118892 -0.00111693 -0.00108373 -0.00114469 -0.000877773 -0.000902343 0 0 0 0 0 0 0 0 0 0 0 0 0 0 0 0 0 0 0 0 0 0 0 0 0 0 0 0 0 0 0 0 0 0 0 0 0 0 0 0 0 0 0 0 0 0 0 0 0 0 0 0 0 0 0
-0.00076195 -0.000736426 -0.000779861 -0.000700978 -0.000665428 -0.000814333 -0.000848875 -0.000886241 -0.000886073 -0.00117666 -0.00118002 -0.00107654 -0.00111106 -0.00116065 -0.00118917 -0.00105141 -0.00109754 -0.00114154 -0.00111842 -0.00082436 -0.000863743 -0.000888624 0 0 0 0 0 0 0 0 0 0 0 0 0 0 0 0 0 0 0 0 0 0 0 0 0 0 0 0 0 0 0 0 0 0 0 0 0 0 0 0 0 0 0 0 0 0 0 0 0 0 0 0 0 0
-0.000776529 -0.00072831 -0.00078731 -0.00066373 -0.000670293 -0.000699872 -0.000882424 -0.000885942 -0.00116028 -0.00116068 -0.00118164 -0.00118248 -0.00110703 -0.00116983 -0.00111445 -0.00104719 -0.00112 -0.00108751 -0.0010268 -0.00116647 -0.00118265 -0.00115229 -0.000908217 0 0 0 0 0 0 0 0 0 0 0 0 0 0 0 0 0 0 0 0 0 0 0 0 0 0 0 0 0 0 0 0 0 0 0 0 0 0 0 0 0 0 0 0 0 0 0 0 0 0 0 0 0
-0.000807504 -0.000734211 -0.000757142 -0.000718054 -0.000862626 0.000874029 -0.000881556 -0.000850797 -0.00114919 -0.00115203 -0.00118007 -0.00115757 -0.00117931 -0.00115722 -0.00108043 -0.00104193 -0.001107 -0.00113592 -0.00113349 -0.00102508 -0.00109536 -0.00111252 -0.000879795 0 0 0 0 0 0 0 0 0 0 0 0 0 0 0 0 0 0 0 0 0 0 0 0 0 0 0 0 0 0 0 0 0 0 0 0 0 0 0 0 0 0 0 0 0 0 0 0 0 0 0 0 0
-0.00080277 -0.000742686 -0.000820065 -0.000867097 0.00073442 0.000853622 -0.000852076 -0.000861485 -0.00104946 -0.00117611 -0.00117444 -0.00115038 -0.00113751 -0.00104 -0.00100618 -0.0010542 -0.00108301 -0.00111868 -0.0011436 -0.00110325 -0.00110862 -0.00110766 -0.00120795 0.00114799 0.000453386 0 0 0 0 0 0 0 0 0 0 0 0 0 0 0 0 0 0 0 0 0 0 0 0 0 0 0 0 0 0 0 0 0 0 0 0 0 0 0 0 0 0 0 0 0 0 0 0 0 0 0
-0.000847531 -0.000863317 -0.000838666 -0.000875637 0.000854833 -0.000701758 -0.000878463 -0.00117128 -0.00116394 -0.00104974 -0.00108224 -0.00111416 -0.00114035 -0.00111658 -0.00104528 -0.00103704 -0.00108987 -0.00107619 -0.00111869 -0.00117125 -0.00121242 -0.00121372 -0.00121012 -0.00120528 0 0 0 0 0 0 0 0 0 0 0 0 0 0 0 0 0 0 0 0 0 0 0 0 0 0 0 0 0 0 0 0 0 0 0 0 0 0 0 0 0 0 0 0 0 0 0 0 0 0 0 0
-0.000848749 -0.000872667 -0.000863314 -0.000710425 0.000677762 -0.000881497 -0.000882949 -0.000730305 -0.000998008 -0.00102074 -0.000982504 -0.00111232 -0.00116263 -0.00112613 -0.00107701 -0.00113407 -0.00112252 -0.0011975 -0.00120468 -0.00119943 -0.00120429 -0.00121357 -0.00118171 -0.00119103 0.000880145 0.000295609 0 0 0 0 0 0 0 0 0 0 0 0 0 0 0 0 0 0 0 0 0 0 0 0 0 0 0 0 0 0 0 0 0 0 0 0 0 0 0 0 0 0 0 0 0 0 0 0 0 0
-0.000871377 -0.00086699 -0.000873437 -0.000646226 -0.000841161 -0.000843642 -0.000815664 -0.000725227 -0.00106782 -0.000980442 -0.000784044 -0.00112087 -0.00115529 -0.00115117 -0.00113965 -0.0011915 -0.00119135 -0.00118935 -0.0011976 -0.00120589 -0.00119642 -0.00117037 -0.00118691 -0.00118677 -0.00118771 0 0 0 0 0 0 0 0 0 0 0 0 0 0 0 0 0 0 0 0 0 0 0 0 0 0 0 0 0 0 0 0 0 0 0 0 0 0 0 0 0 0 0 0 0 0 0 0 0 0 0
-0.00086463 -0.000853806 -0.000872865 -0.000804212 -0.000841003 -0.000850964 -0.000863937 -0.000820742 -0.000900387 -0.000869078 -0.000844488 -0.00097947 -0.00116237 -0.00118817 -0.00117244 -0.00112296 -0.00118685 -0.00119973 -0.00119636 -0.00119202 -0.00119356 -0.00117521 -0.00115444 -0.00110268 -0.00118134 0 0 0 0 0 0 0 0 0 0 0 0 0 0 0 0 0 0 0 0 0 0 0 0 0 0 0 0 0 0 0 0 0 0 0 0 0 0 0 0 0 0 0 0 0 0 0 0 0 0 0
-0.000865597 -0.0008728 -0.00087426 -0.000857629 -0.000830009 -0.000820476 -0.000805323 -0.000766438 -0.000799457 -0.00090575 -0.00103665 -0.00105012 -0.000968272 -0.00111479 -0.00115136 -0.00117127 -0.00119444 -0.00119757 -0.00119624 -0.00117773 -0.00115744 -0.00113483 -0.00112659 -0.00107523 -0.00113048 0.00109801 0.000580331 0 0 0 0 0 0 0 0 0 0 0 0 0 0 0 0 0 0 0 0 0 0 0 0 0 0 0 0 0 0 0 0 0 0 0 0 0 0 0 0 0 0 0 0 0 0 0 0 0
-0.000870867 -0.00086642 -0.000841608 -0.000843163 -0.000823126 -0.000799131 -0.00078634 -0.000707973 -0.000854847 -0.00115728 -0.00118106 -0.00118687 -0.0011828 -0.00118737 -0.00118895 -0.00118496 -0.00118459 -0.00115872 -0.00115196 -0.00114631 -0.00112846 -0.00109882 -0.00113086 -0.00111766 -0.00113509 -0.00110122 0 0 0 0 0 0 0 0 0 0 0 0 0 0 0 0 0 0 -0.000878686 -0.000681308 -0.000597322 -0.000858719 0 0 0 0 0 0 0 0 0 0 0 0 0 0 0 0 0 0 0 0 0 0 0 0 0 0 0 0
-0.000803116 -0.00083453 -0.000871781 -0.00084001 -0.000808788 -0.000687507 -0.000764527 -0.000773359 -0.00118708 -0.00119682 -0.00117766 -0.00119127 -0.00119171 -0.00118262 -0.00114987 -0.00115419 -0.00115134 -0.00114635 -0.0010792 -0.00112117 -0.00116955 -0.00116772 -0.00115428 -0.00113441 -0.00111146 -0.001184 0 0 0 0 0 0 0 0 0 0 0 0 0 0 0 0 0.000876427 0.000883739 0.000822739 -0.000604056 -0.000686483 -0.000836589 0.000830472 0.000856825 -0.000874094 -0.000843739 -0.000836749 -0.000853977 0 0 0 0 0 0 0 0 0 0 0 0 0 0 0 0 0 0 0 0 0 0
-0.000865819 -0.000813484 -0.000628713 -0.000871567 -0.000851588 -0.000649069 -0.000799899 -0.000871402 -0.00119485 -0.00119719 -0.00119923 -0.00117287 -0.00114385 -0.00115846 -0.00117214 -0.00113095 -0.00116515 -0.00115251 -0.00114004 -0.00115557 -0.00113568 -0.00111753 -0.00116484 -0.00111416 -0.00107576 -0.00111623 0.00117685 0.000577353 0 0 0 0 0 0 0 0 0 0 0 0 0.000884328 0.000894586 0.000879131 0.000879964 0.000880627 0.00086499 -0.000784102 -0.00072997 0.0008344 0.000871305 -0.000871661 -0.000774177 -0.000853973 -0.000868009 -0.000871133 -0.000829689 -0.000869828 0 0 0 0 0 0 0 0 0 0 0 0 0 0 0 0 0 0 0
-0.000873136 -0.000797342 -0.000738961 -0.000832167 -0.000884571 -0.000819245 -0.000810461 -0.00119136 -0.00117894 -0.00116056 -0.00115009 -0.00116112 -0.00114074 -0.0011223 -0.00114824 -0.00116465 -0.0011628 -0.0011612 -0.00116039 -0.00110418 -0.000982557 -0.00113561 -0.00121756 -0.0011523 -0.00107566 -0.00108546 0.00121787 0.000939161 0.00108627 0.00110197 0.00119273 0.00116026 0.00112891 0.000844762 0.000846781 0.000896437 0.000897767 0.000858729 0.000876834 0.000897579 0.000890402 0.000885962 0.000885574 0.00086462 0.000788309 0.000884109 -0.00146091 0.000631706 0.000872996 0.000839641 -0.000866237 -0.000849694 -0.000870248 -0.000869596 -0.000859055 -0.000873294 -0.000773118 -0.00064342 -0.000682819 -0.00086734 0 0 0 0 0 0 0 0 0 0 0 0 0 0 0 0
-0.000875591 -0.000826591 -0.000576979 -0.000836314 -0.000887854 -0.000894486 -0.000826423 -0.0011786 -0.00119329 -0.00116271 -0.00114622 -0.00115619 -0.00115306 -0.00112565 -0.00109487 -0.00112299 -0.00118141 -0.00117896 -0.0011587 -0.00107752 -0.00093041 -0.00112262 -0.00120887 -0.00119814 -0.00111654 -0.00117479 0.00115743 0.00105098 0.00107033 0.00090835 0.00113291 0.00117612 0.00117099 0.000862471 0.000807061 0.000862052 0.000902487 0.000900563 0.000901879 0.00089564 0.000879855 0.00087925 0.000868988 0.000868528 0.000763855 0.000867668 0.000624023 -0.000716463 0.000875063 0.000870119 -0.000740878 -0.000865799 -0.000866627 -0.000862173 -0.000866818 -0.000864001 0.000841248 -0.000448357 -0.000870022 -0.000870878 -0.0008005 -0.000852131 -0.000849165 -0.000867559 -0.000737917 0.000670675 -0.000861221 -0.000806579 -0.000802173 -0.000857985 0 0 0 0 0 0
-0.000878028 -0.000860324 -0.000647626 -0.000810049 -0.000883203 -0.00089521 -0.000898321 -0.00114276 -0.00118939 -0.00119405 -0.00118087 -0.00112644 -0.00112779 -0.00114395 -0.00112566 -0.00108355 -0.00108549 -0.00117556 -0.00120046 -0.00098006 -0.00104595 -0.00119252 -0.00113971 -0.00114778 -0.00116216 0.00108637 0.00113826 0.00111008 0.0011224 0.00103795 0.00101415 0.00113007 0.000860661 0.000844263 0.000828967 0.000878703 0.000885548 0.00090224 0.000887998 0.000902315 0.000891801 0.000898399 0.000854663 0.000750968 0.000885002 0.000885556 -0.000626099 0.000779443 0.000859043 -0.00161057 -0.000741852 -0.000879078 -0.000878305 -0.000864917 -0.000867432 0.000565168 0.000844212 -0.000869261 -0.000871675 -0.000687823 -0.000787187 -0.000869223 -0.000865375 -0.000863589 -0.000778597 -0.000808026 -0.000827142 -0.000827396 -0.000793619 -0.000858671 0 0 0 0 0 0
-0.00086087 -0.000872351 -0.000775473 -0.000859907 -0.000889052 -0.00089149 -0.0008642 -0.00119196 -0.00115189 -0.0011932 -0.00119175 -0.00118928 -0.00114431 -0.00110428 -0.00107413 -0.00109602 -0.00107819 -0.00112453 -0.00115705 -0.00117931 -0.00101621 -0.00110362 -0.00120988 -0.00116647 -0.00121635 0.00121922 0.0011347 0.00110115 0.00108885 0.00113172 0.00105175 0.00115264 0.000823748 0.000838712 0.000857392 0.000898464 0.000888512 0.000857314 0.000903284 0.000902889 0.000895981 0.00089395 0.000899991 0.000743731 0.000756351 0.000885166 0.000773602 0.000825234 -0.000727203 0.000703063 -0.000858816 -0.000868788 -0.000829445 -0.000830934 -0.00085118 0.000869898 0.000706827 -0.000811001 -0.000801069 -0.00079797 -0.00076861 -0.000864349 -0.00086497 -0.000867136 -0.000834851 -0.000818413 -0.000817841 -0.000868954 -0.000789405 -0.000850202 0.000571805 0.000135286 0 0 0 0
-0.000855478 -0.000847951 -0.000883158 -0.000845491 -0.000864629 -0.000895474 -0.00116745 -0.00114296 -0.00119287 -0.00116736 -0.00119233 -0.00118943 -0.0011813 -0.00117405 -0.0011076 -0.00104745 -0.0010095 -0.00111422 -0.00101222 -0.00117791 -0.00111163 -0.00108583 -0.00121 -0.00121336 0.000996467 0.00118928 0.00116272 0.00112166 0.00110497 0.00109019 0.0011056 0.00118982 0.000878827 0.00086898 0.000873574 0.000867733 0.000861599 0.000887301 0.000861209 0.000864112 0.000874566 0.000889044 0.000902893 0.000801551 0.000855107 0.000851281 0.000892458 0.000840292 0.000640868 -0.000792796 -0.000858371 -0.000868745 -0.000838663 -0.000867405 -0.000747894 0.000849023 -0.000542837 -0.000835413 -0.000551819 0.000571797 -0.000865653 -0.000868445 -0.000856877 -0.00086705 -0.000844399 -0.00082859 -0.000814849 -0.000769357 -0.000754966 -0.000852699 0.000762499 0.000448085 0 0 0 0
-0.000811691 -0.000862277 -0.00083966 -0.000699726 -0.000797895 -0.00116799 -0.0011914 -0.00117431 -0.00109874 -0.001192 -0.00117677 -0.00119244 -0.00119273 -0.00116423 -0.00116473 -0.00115858 -0.00111759 -0.00109073 -0.00101096 -0.00100694 -0.00109563 -0.00122177 -0.00122545 -0.00118916 0.000983996 0.00116563 0.00116669 0.00115475 0.00114909 0.00117755 0.00118925 0.00119165 0.000868381 0.000814934 0.000855695 0.000855564 0.000890225 0.000886335 0.000874264 0.000886157 0.00088981 0.000811437 0.000857546 0.000883659 0.000893791 0.000833247 0.000800071 0.00087937 0.000820436 -0.000887346 -0.000872137 -0.000774828 -0.000882315 -0.000810506 0.000767817 0.00145986 -0.00087089 -0.000857267 0.000812984 0.000721924 -0.000867491 -0.000854122 -0.000859384 -0.000818133 -0.000776259 -0.000753686 -0.00079929 -0.00073829 -0.000871746 0.000564133 0.000874535 0.000873854 0.00140707 0 0 0
-0.000824707 -0.000818788 -0.00082395 -0.0007827 -0.000999821 -0.00104622 -0.0011116 -0.00115873 -0.00112943 -0.00115355 -0.0011896 -0.00118402 -0.00119367 -0.00117841 -0.00112798 -0.00116204 -0.00114686 -0.00114857 -0.00114124 -0.00115156 -0.00121419 -0.00122708 -0.001178 -0.00115296 -0.00107498 0.00121672 0.00121615 0.00121136 0.00117445 0.00120314 0.00111209 0.00110036 0.000831428 0.000859582 0.000870633 0.000866794 0.000889653 0.000900013 0.000894325 0.000852776 0.000876347 0.000882034 0.000814772 0.000802484 0.000854833 0.000854875 0.000822868 0.000830307 0.000881569 -0.00088901 -0.000887247 -0.000874381 -0.000875709 0.00088112 0.000831676 -0.000844088 -0.000860626 -0.000868367 0.000840849 0.000785373 -0.000868832 -0.000794314 -0.000712288 -0.000856182 -0.000745184 -0.000739577 -0.000791591 -0.000861287 0.000722816 0.000719407 0.0008763 0.000876445 -0.000861949 0 0 0
-0.000859612 -0.0011198 -0.00113336 -0.0010738 -0.000978418 -0.000985372 -0.00111465 -0.00112316 -0.0011922 -0.00117116 -0.00119219 -0.00119107 -0.00117498 -0.00118415 -0.00116696 -0.00112542 -0.00112291 -0.00118457 0.000646815 -0.00121464 -0.0012173 -0.0011403 -0.00112403 -0.00122423 -0.00119471 -0.00122042 0.00121648 0.00105529 0.00104487 0.00112682 0.00113754 0.00112135 0.00113843 0.000872487 0.000882734 0.000886525 0.000892285 0.000902128 0.000881124 0.000881754 0.000866044 0.000888308 0.000873913 0.00104569 0.00106778 0.00106771 0.000719333 0.000787461 0.000749265 -0.000886532 -0.000886614 -0.000888367 -0.000824504 0.000876424 0.000713624 -0.000879584 -0.000840576 -0.000513552 0.000859491 0.0011869 -0.000817328 -0.000707503 -0.000674925 -0.000837116 -0.000758071 -0.000822344 -0.000871716 -0.000618127 0.000826582 -0.000838364 0.000872666 0.000878929 -0.000880374 -0.000836543 0 0
-0.000851815 -0.00110118 -0.0011189 -0.00111732 -0.00106083 -0.000973316 -0.00111816 -0.00111617 -0.00113616 -0.00118148 -0.00119537 -0.00119597 -0.00118485 -0.00117335 -0.00116089 -0.00119191 -0.00114008 0.00119497 -0.000821187 -0.00118125 -0.00110102 -0.00113663 -0.0012284 -0.00110907 -0.00115953 -0.00108827 0.00120867 0.000897056 0.00109808 0.00111618 0.00112945 0.00115882 0.00117699 0.00118202 0.000887417 0.000897051 0.000904362 0.00110872 0.00111772 0.00101599 0.00114666 0.00116562 0.00119976 0.00116945 0.00106672 0.000990054 0.000926507 0.000680593 -0.000848016 -0.000888108 -0.000863688 -0.000880809 -0.000755195 0.000881064 -0.000809006 -0.000844102 -0.000877376 0.000859079 0.000868592 -0.000871025 -0.000765404 -0.000764212 -0.000770723 -0.000826643 -0.000786368 -0.000871825 0.0007384 0.000786515 -0.00084277 -0.000869887 0.00086199 0.000827815 -0.000841832 -0.000810689 -0.000849883 0
-0.000812186 -0.00106443 -0.0011002 -0.00108477 -0.00112206 -0.00110082 -0.00110749 -0.00104622 -0.00103664 -0.00110179 -0.00118485 -0.00117 -0.00118603 -0.00103164 -0.00112963 0.000838869 -0.00114518 0.00116966 -0.00120546 -0.00101327 -0.00109116 -0.0011285 -0.00110858 -0.00118938 -0.00111418 -0.00121682 0.00122143 0.00118923 0.00116897 0.00109611 0.00108108 0.00114243 0.00119241 0.00119443 0.00119515 0.000997138 0.00114636 0.00116061 0.00119887 0.00112739 0.000901374 0.00103342 0.00118547 0.00109457 0.00106558 0.000980944 0.000776398 0.00105761 -0.000450991 -0.00088632 -0.00088815 -0.000874711 0.000780157 0.000884255 -0.000856694 -0.000840068 -0.000806092 0.000857235 -0.00060445 -0.000819135 -0.000797808 -0.000836193 -0.000799244 -0.000798165 -0.000863775 -0.000826805 0.000820221 0.000468744 -0.000874738 -0.000535406 0.000755823 -0.000863625 -0.000767857 -0.000841149 -0.000886417 -0.000853968
-0.000784234 -0.00101059 -0.00100632 -0.00108483 -0.00112798 -0.00109474 -0.00115303 -0.00113452 -0.00111432 -0.00112086 -0.00114226 -0.00118554 -0.00119018 0.00118688 0.00114394 -0.00094554 -0.00119868 -0.000889036 -0.00115066 -0.000986651 -0.00119447 -0.00119493 -0.00118997 -0.00113545 -0.00115824 0.00119369 0.0012157 0.00101842 0.00106103 0.00117753 0.00107083 0.00110874 0.00112146 0.00105388 0.00114463 0.00103826 0.00105124 0.00113209 0.00115679 0.00119918 0.000827425 0.000973634 0.00119912 0.00119497 0.00119706 0.00106131 0.00103275 0.00110756 0.00118068 -0.00088968 -0.000867702 -0.000874561 0.000877545 0.000722708 -0.000869012 -0.000881697 0.000588987 0.000877406 -0.000878372 -0.00078069 -0.000854043 -0.000855233 -0.000858243 -0.000837841 -0.000875417 -0.00083894 0.000854192 -0.000824803 -0.000815753 0.000650435 -0.000607122 -0.000864914 -0.000770027 -0.000805637 -0.000847552 -0.000800321
-0.000719437 -0.00101061 -0.00107471 -0.0010976 -0.00112292 -0.00101551 -0.000939521 -0.00113861 -0.00115369 -0.00117989 -0.00118737 0.000994597 0.00107491 -0.00110941 0.00113455 -0.00108684 -0.00117085 -0.00119387 -0.000977019 -0.00121419 -0.00117122 -0.00118506 -0.00115608 -0.00108997 -0.00122035 0.00112658 0.00118315 0.00110355 0.000927984 0.00111472 0.00117863 0.00107935 0.00109966 0.00100704 0.00111429 0.00120528 0.00109239 0.00103643 0.00102832 0.00114164 0.000968318 0.00104671 0.00109575 0.00117787 0.00119168 0.0011594 0.00117321 0.0011736 0.00118344 -0.000864948 -0.000888759 -0.000849715 0.000883612 -0.00078189 -0.000884136 -0.000807408 -0.000466569 -0.000805889 -0.000874373 -0.000812983 -0.00087404 -0.000878062 -0.00084712 -0.000861249 -0.000802844 -0.000727101 0.000811428 -0.000871025 0.000656325 -0.000622486 -0.000811452 -0.000749257 -0.000723664 -0.000754353 -0.000856305 -0.000793639
-0.000755807 -0.000742453 -0.00109754 -0.00104366 -0.000975777 -0.00102855 -0.0010361 -0.000970666 -0.00106248 -0.00118721 0.00117215 0.00119718 0.00113044 0.000811503 -0.000965277 -0.00110508 -0.00119748 -0.0010866 -0.00109889 -0.00113012 -0.00117932 -0.00109638 -0.00114441 -0.0010396 0.00121334 0.0010855 0.00119341 0.00112508 0.000933858 0.000915366 0.000776478 0.00100982 0.000942874 0.000891186 0.00107608 -0.000951936 0.00114011 0.00111266 0.00107161 0.000989272 0.00107332 0.00108797 0.00102452 0.00109021 0.00117017 0.00118365 0.00119229 0.00116218 0.00118698 -0.000650418 -0.000856294 -0.00083801 0.000866343 -0.000885994 -0.000856995 -0.000544021 -0.000862278 -0.00084694 -0.000882222 -0.000881693 -0.000880785 -0.000873507 -0.00072738 -0.000711054 0.000693041 0.000561856 -0.000617137 -0.000849415 0.000681027 -0.000821537 -0.000757521 -0.000681181 -0.000761943 -0.000805934 -0.000882645 -0.000878835
-0.000757288 -0.000731552 -0.000771266 -0.000700068 -0.000983291 -0.00105076 -0.00111959 -0.00104502 -0.00105431 -0.00115064 0.00118699 0.00119568 0.00113154 0.00080425 -0.00111257 -0.0011802 -0.00114512 -0.00114045 -0.00120082 -0.00120906 -0.000936181 -0.00119528 -0.00110375 -0.000978158 0.00121662 0.00108839 0.00112587 0.00121815 0.0011331 -0.00103916 0.000992268 0.00111105 0.000981898 0.00078685 0.00108425 -0.000950044 0.00116904 0.00120456 0.000982338 0.000988544 0.00109113 0.00105757 0.0011018 0.00115137 0.00110743 0.00119441 0.00119581 0.0011822 0.00118592 0.00117602 -0.000517413 -0.000735457 -0.000874133 -0.000884984 0.000711284 -0.000778398 -0.000870587 -0.000851185 -0.000882899 -0.000759195 -0.000715831 -0.000880994 -0.000878853 -0.000871458 -0.00068314 0.000757879 -0.000507838 -0.000824543 -0.000625188 -0.000763439 -0.000686874 -0.000724993 -0.000822755 -0.000887416 -0.000884049 -0.000857812
-0.000809858 -0.00078739 -0.000753872 -0.000634091 -0.00129729 -0.0011691 -0.00108231 -0.00108855 -0.00107018 -0.00119293 0.00110059 0.00116976 0.00108578 -0.000818319 -0.00117262 -0.0011844 -0.00118956 -0.00116705 -0.00118505 -0.00117274 -0.0011486 -0.00116545 -0.00109072 -0.00108029 -0.00118198 0.00113827 0.000933296 0.00106699 0.00120917 -0.00087226 0.00112926 0.00100263 0.00106409 0.00102892 0.00102352 0.000618834 0.00111406 0.00101093 0.000992682 0.00111248 0.00116034 0.00110325 0.00116307 0.00111641 0.00117055 0.00119373 0.00116114 0.00117466 0.0010969 0.00107402 0.00109011 -0.000877127 -0.000864492 -0.000745015 0.000855226 -0.000886863 -0.000816634 -0.000799607 0.000517764 0.000881935 -0.000823046 -0.00088192 -0.000776225 -0.000857914 -0.000862091 0.000729274 -0.000755383 -0.000690718 -0.000850297 -0.000757605 -0.000729232 -0.000742856 -0.000876918 -0.000822366 -0.000815559 -0.00077267
-0.000725048 -0.000740496 -0.000788679 -0.000804026 0.00161167 -0.00113264 -0.00103126 -0.00101679 -0.00111426 -0.00074103 0.00104741 0.00108937 0.000969992 -0.00110167 -0.00118924 -0.0011935 -0.0011803 -0.00117476 -0.00116982 -0.00112811 -0.0011406 -0.00109383 -0.00109784 -0.00108433 -0.00120637 0.00101008 0.00106133 0.000962693 0.00100563 0.00120822 0.00115918 0.00117588 0.00120213 0.00112436 0.00102335 0.00119739 0.00108389 -0.00117002 0.0011718 0.00118865 0.00113076 0.00107043 0.0011217 0.00114689 0.00113159 0.00115977 0.00117442 0.00113902 0.00107221 0.00108288 0.0011501 -0.000855283 -0.000821903 0.000881052 -0.000847997 -0.000836011 -0.00086424 -0.000863196 0.000872685 0.000874663 -0.000835817 -0.000868703 -0.000763641 -0.000853062 -0.000827836 -0.000711288 0.00137306 -0.000873253 -0.000738247 -0.000772654 -0.000756052 -0.000847195 -0.000827416 -0.000696648 -0.000883883 0.000886123
