Outputs/initial_cond/u_35m.asc
ncols 287
nrows 262
xllcorner 528652
yllcorner 5.07688e+06
cellsize 35
NODATA_value -9999
[rows 102 to 135 of 262, columns 76 to 151 of 287]
0 0 0 0 0 0 0 0 0 0 0 0 0 0 0 0 0 0 0 0 0 0 0 0 0 0 0 0 -0.00863024 -0.000717529 -0.000800326 -0.000759013 0.000637764 0.000817152 0.000826015 0.000797418 0.000775691 0.000774066 0.00215859 0.00216977 0.0019882 0.00178004 0.00156165 0.00169425 0.0016328 0.00177427 0.00155098 -0.00133514 0.00125825 0.00157653 -0.00120786 -0.00200697 -0.000809017 -0.000772171 -0.000756778 -0.000752402 -0.00075785 -0.000714907 -0.000695639 -0.00068562 -0.000769007 -0.00082469 -0.000804595 -0.000698721 -0.000794753 -0.000810521 -0.000811478 -0.000839943 -0.000801116 -0.000850316 -0.000801183 -0.000852122 -0.0008442 -0.000872478 0.000627134 -0.000809505
0 0 0 0 0 0 0 0 0 0 0 0 0 0 0 0 0 0 0 0 0 0 0 0 0 0 0 0 0 0 -0.000924367 -0.000778053 -0.000424538 0.000769803 0.000813809 0.000818786 0.000802524 0.000800502 0.000801072 0.00078457 0.000794393 -0.00142074 0.00162841 0.00152934 0.0014692 0.00176026 0.00146211 -0.00131411 0.00125808 0.00153597 0.00134107 -0.00170725 -0.000818686 -0.000787536 -0.000746876 -0.000744905 -0.000703411 -0.000723432 -0.000824032 -0.000753811 -0.000590883 -0.000694046 -0.000744473 0.000819979 -0.00075726 0.000817901 -0.000815773 -0.000837533 -0.000849598 -0.00076371 -0.000842408 -0.000800954 -0.000858172 -0.000777164 0.000746389 -0.000835276
0 0 0 0 0 0 0 0 0 0 0 0 0 0 0 0 0 0 0 0 0 0 0 0 0 0 0 0 0 0 0 0 0 0.000761585 0.000813488 0.000824146 0.000822972 0.000816238 0.000806303 0.000798533 0.000777496 0.00177733 0.00148358 -0.00304893 0.00113171 0.00182104 0.00155133 0.0012221 -0.0017732 0.00152436 0.00136947 -0.00158122 -0.00223951 -0.000773715 -0.000756506 -0.000775343 -0.000732706 -0.000674318 0.000818873 -0.000818841 -0.000782553 -0.000466492 -0.000790947 0.000689127 -0.000805321 0.000821394 -0.000744736 -0.000834781 -0.000708097 -0.000856537 -0.00086323 -0.000861772 -0.000835809 -0.000876009 -0.00064983 -0.000762414
0 0 0 0 0 0 0 0 0 0 0 0 0 0 0 0 0 0 0 0 0 0 0 0 0 0 0 0 0 0 0 0 0 0 0.000815558 0.00081836 0.000819636 0.000819232 0.0008142 0.000812393 0.00198609 0.00171535 -0.00134149 -0.00128246 0.00160349 0.00175783 0.00144923 0.00323854 0.00152786 0.00131945 -0.00136172 -0.00165256 -0.00223549 -0.00223534 -0.00224634 -0.000809432 -0.000807834 -0.000819954 -0.000819263 -0.000672367 -0.000712594 -0.000544231 -0.000663361 0.000802969 0.000780098 -0.000822757 -0.000837179 -0.000683585 -0.000808459 -0.000833472 -0.000847843 -0.000863582 -0.000839739 -0.00086658 -0.000869757 -0.000877133
0 0 0 0 0 0 0 0 0 0 0 0 0 0 0 0 0 0 0 0 0 0 0 0 0 0 0 0 0 0 0 0 0 0 0.000820283 0.000793348 0.000806768 0.000820164 0.000818364 0.000757938 0.00185997 0.0016288 0.0014952 0.0012763 0.00148878 0.00160094 0.00127622 0.00137848 0.00156738 -0.00136221 -0.00168474 -0.0017796 -0.00209845 -0.0021915 -0.00213955 -0.00210017 -0.000795592 -0.000812778 -0.00081938 -0.000811816 -0.000818965 -0.00062182 -0.000745554 0.00075236 -0.000777596 -0.000804628 -0.000834658 -0.000804823 -0.000798709 -0.000853806 -0.000829061 -0.000866752 -0.000868133 -0.000841154 -0.000872901 -0.000841202
0 0 0 0 0 0 0 0 0 0 0 0 0 0 0 0 0 0 0 0 0 0 0 0 0 0 0 0 0 0 0 0 0 0 0.000803993 0.000804817 0.000798524 0.000808532 0.000803698 0.00210592 0.00182628 0.00175982 0.00158269 0.00146303 0.00119259 0.00152437 0.00137891 0.00323991 0.00121165 -0.00151975 -0.00174939 -0.00188633 -0.00205477 -0.00211583 -0.00213847 -0.00210699 -0.00213855 -0.000791675 -0.000792031 -0.000817614 -0.000815401 -0.000816629 -0.000824686 -0.000821006 -0.000820623 -0.000832969 -0.000829402 -0.000809277 -0.000843858 -0.000716588 -0.000863458 -0.000841272 -0.000858009 -0.000873007 -0.000821601 -0.000779734
0 0 0 0 0 0 0 0 0 0 0 0 0 0 0 0 0 0 0 0 0 0 0 0 0 0 0 0 0 0 0 0 0 0 0.000660224 0.000811517 0.000793687 0.00078455 0.00216567 0.00215204 0.00181928 0.00182614 0.00179165 -0.00120402 0.00142295 0.00123798 0.00126421 -0.00131932 -0.00145796 -0.00172849 -0.00184165 -0.00170497 -0.0019377 -0.00209836 -0.00217205 -0.00207776 -0.000751377 -0.000820113 -0.000818892 -0.000818354 -0.000819344 -0.000738309 -0.000717377 -0.000795368 -0.00078726 -0.000823872 -0.000839189 -0.000844979 -0.000851217 -0.000858368 -0.000815208 -0.000865887 -0.000856506 -0.000822967 -0.000810067 -0.000821554
0 0 0 0 0 0 0 0 0 0 0 0 0 0 0 0 0 0 0 0 0 0 0 0 0 0 0 0 0 0 0 0 0 0 0 0.00080504 0.0021697 0.00210004 0.00203492 0.00215685 0.0017079 0.00175569 0.00170399 0.00175013 0.00126533 0.002121 0.0028649 0.00132148 -0.00158107 -0.00182876 -0.00131622 -0.0018828 -0.00205971 -0.00209647 -0.00198108 -0.00208224 -0.000805819 -0.00079266 -0.000805569 -0.000817396 -0.000819198 -0.000825027 -0.000674731 -0.000746368 -0.000791708 -0.000809941 -0.000839881 -0.000844673 -0.000850485 -0.000841024 -0.000832738 -0.000869663 -0.00080654 -0.000877762 -0.000867978 -0.000823604
0 0 0 0 0 0 0 0 0 0 0 0 0 0 0 0 0 0 0 0 0 0 0 0 0 0 0 0 0 0 0 0 0 0 0 0 0.00216253 0.00214895 0.00199274 0.00193432 0.00182635 0.00171692 0.00141437 0.00175524 0.00155363 -0.00126032 0.00128527 -0.00132004 -0.00166763 -0.00150179 -0.0018123 -0.00201871 -0.00203696 -0.00198079 -0.00190381 -0.00192707 -0.000812687 -0.000801948 -0.000812164 -0.000814162 -0.000807147 -0.000805743 -0.000826673 -0.000798634 -0.000824285 -0.000836248 -0.000835597 -0.000846896 -0.000843902 -0.000849214 -0.000855797 -0.00084816 -0.000865321 -0.000754107 -0.000800217 -0.000870593
0 0 0 0 0 0 0 0 0 0 0 0 0 0 0 0 0 0 0 0 0 0 0 0 0 0 0 0 0 0 0 0 0 0 0 0 0.0021897 0.00221446 0.00154028 0.00176079 0.00179573 0.0017241 0.00146638 0.00138024 0.00161147 0.00140588 0.00212242 -0.00130202 -0.0014535 -0.00148293 -0.00202707 -0.00185961 -0.00192473 -0.0018467 -0.0019503 -0.000741582 -0.000808403 -0.00081696 -0.000811599 -0.000815218 -0.00081346 -0.000795838 -0.000804274 -0.000822771 -0.000834637 -0.000838197 -0.000843416 -0.000846949 -0.000854456 -0.000858537 -0.000866271 -0.000828879 -0.000873775 -0.000855827 -0.000864565 -0.000727611
0 0 0 0 0 0 0 0 0 0 0 0 0 0 0 0 0 0 0 0 0 0 0 0 0 0 0 0 0 0 0 0 0 0 0 0 0.00224732 0.00204493 0.00159866 0.00179976 0.00180322 0.00167033 0.00146559 0.00125366 0.00174781 0.00143767 0.00116013 -0.00286452 -0.00140219 -0.00190263 -0.00189027 -0.00182377 -0.0017399 -0.00178472 -0.00191976 -0.000772022 -0.000819985 -0.00081936 -0.000818092 -0.000811978 -0.000818597 -0.000814775 -0.000796779 -0.000798001 -0.00080948 -0.000833 -0.000839139 -0.000836835 -0.000855871 -0.000846017 -0.000855669 -0.000858062 -0.00084134 -0.000881548 -0.00087506 -0.000867009
0 0 0 0 0 0 0 0 0 0 0 0 0 0 0 0 0 0 0 0 0 0 0 0 0 0 0 0 0 0 0 0 0 0 0 0 0 0.00207335 0.00182124 0.00177504 0.00183317 0.00165064 0.00132023 0.00150394 0.00179579 0.00154418 -0.00322789 0.00285117 -0.001694 -0.00187114 -0.001625 -0.00173822 -0.00177729 -0.00175506 -0.001789 -0.000785003 -0.000822708 -0.000812245 -0.00078763 -0.00078104 -0.000797839 -0.000820288 -0.00082664 -0.000786343 -0.000769883 -0.00081804 -0.00083274 -0.000827753 -0.000848187 -0.00084932 -0.000849047 -0.000874684 -0.000861987 -0.00087953 -0.000884612 -0.00088487
0 0 0 0 0 0 0 0 0 0 0 0 0 0 0 0 0 0 0 0 0 0 0 0 0 0 0 0 0 0 0 0 0 0 0 0 0 0.00207433 0.00195881 0.00175106 0.00179616 0.00153783 0.00115579 0.00186517 0.00185915 -0.0013545 -0.00123598 0.00143433 -0.00190775 -0.00164076 -0.00156182 -0.00156266 -0.00178344 -0.0017426 -0.000693741 -0.000813989 -0.000809773 -0.000794447 -0.000793363 -0.000800937 -0.000804858 -0.000792424 -0.000797822 -0.000805592 -0.000796795 -0.000779675 -0.000840982 -0.000844673 -0.000850668 -0.000853614 -0.000860155 -0.000872513 -0.000872026 -0.000866537 -0.000885192 -0.000887354
0 0 0 0 0 0 0 0 0 0 0 0 0 0 0 0 0 0 0 0 0 0 0 0 0 0 0 0 0 0 0 0 0 0 0 0 0.00193699 0.00206232 0.00198993 0.00185126 0.00152627 0.00133222 0.00172597 0.001918 0.00161398 -0.00127369 0.00163802 -0.00154664 -0.00178353 -0.00158087 -0.00154536 -0.00153451 -0.00164555 -0.00180361 -0.000722197 -0.000820384 -0.000793443 -0.000791725 -0.000786537 -0.000806501 -0.000800403 -0.000801024 -0.000782609 -0.000771314 -0.000786358 -0.000810841 -0.000828205 -0.000849773 -0.000837216 -0.00084363 -0.000865579 -0.000870058 -0.000878166 -0.000845541 -0.000876869 -0.000885712
0 0 0 0 0 0 0 0 0 0 0 0 0 0 0 0 0 0 0 0 0 0 0 0 0 0 0 0 0 0 0 0 0 0 0 0 0.00189373 0.00205657 0.00197815 0.00180065 0.00154261 0.00170673 0.00180894 0.00170609 0.00169245 0.00139176 0.00117927 0.00141572 -0.00177762 -0.00154419 -0.00170631 -0.00164497 -0.00166078 -0.00172226 -0.000731577 -0.000824296 -0.000793728 -0.000790254 -0.000795299 -0.000797984 -0.000786673 -0.000784824 -0.000772967 -0.000780786 -0.000745309 -0.00079936 -0.000827686 -0.000849687 -0.000836617 -0.000817124 -0.000863838 -0.000871933 -0.000866271 -0.000870799 -0.000855896 -0.000879871
0 0 0 0 0 0 0 0 0 0 0 0 0 0 0 0 0 0 0 0 0 0 0 0 0 0 0 0 0 0 0 0 0 0 0 0 0.00187004 0.00194245 0.00195574 0.00169238 0.00181382 0.00194562 0.00157345 0.00145067 0.001498 0.00173345 -0.00177603 0.00165827 -0.00178601 -0.00152632 -0.00161825 -0.00172955 -0.00174141 -0.000551569 -0.000757228 -0.000803056 -0.000793227 -0.000814232 -0.000811041 -0.000800174 -0.000778407 -0.000782786 -0.000768342 -0.00078908 -0.000748696 -0.000770489 -0.000834617 -0.000848087 -0.00084997 -0.000851187 -0.000863459 -0.00086618 -0.000863118 -0.000875749 -0.000866096 -0.000878874
0 0 0 0 0 0 0 0 0 0 0 0 0 0 0 0 0 0 0 0 0 0 0 0 0 0 0 0 0 0 0 0 0 0 0 0 0.00180187 0.00190223 0.00197555 0.00184334 0.00185855 0.00186847 0.00162424 0.00341061 0.00154254 0.00173987 0.0014734 0.00161476 -0.00178814 -0.00161201 -0.00148267 -0.001682 -0.00156613 -0.000636113 -0.000799888 -0.000806893 -0.000742213 -0.000797881 -0.000807478 -0.000813531 -0.0008115 -0.000796304 -0.000790997 -0.000769321 -0.000775551 -0.00079736 -0.000821096 -0.000849591 -0.000851039 -0.000854502 -0.000854677 -0.000862592 -0.000865395 -0.00086171 -0.000874081 -0.000869332
0 0 0 0 0 0 0 0 0 0 0 0 0 0 0 0 0 0 0 0 0 0 0 0 0 0 0 0 0 0 0 0 0 0 0 0 0.00179951 0.00191621 0.00198677 0.0021486 0.00173486 -0.001133 0.00154094 0.00135209 0.00152108 0.00179827 0.00163608 0.00128065 -0.00158818 -0.0017881 -0.00148804 -0.00146156 -0.00138226 -0.000685883 -0.000822354 -0.000804078 -0.000768348 -0.000793543 -0.000790539 -0.000781271 -0.000806196 -0.00082519 -0.000819587 -0.000811289 -0.00081161 -0.000799971 -0.000787417 -0.00082469 -0.000837458 -0.000835058 -0.000854657 -0.000860149 -0.000864297 -0.000853764 -0.000874119 -0.000876594
0 0 0 0 0 0 0 0 0 0 0 0 0 0 0 0 0 0 0 0 0 0 0 0 0 0 0 0 0 0 0 0 0 0 0 0 0.00188552 0.00210566 0.00204275 0.00208685 0.0015739 -0.0015475 0.00133448 0.00143363 0.00164879 0.00171043 0.00149274 -0.00138951 0.00150111 -0.00182934 -0.00132602 -0.00148245 -0.001761 -0.000712374 -0.000808633 -0.000789549 -0.000740015 -0.000785846 -0.000813313 -0.000804931 -0.000801941 -0.000810707 -0.000818248 -0.0008171 -0.00082588 -0.000821389 -0.000823468 -0.000828974 -0.000839738 -0.000828484 -0.000844399 -0.000854331 -0.000860536 -0.000864584 -0.000869475 -0.000870577
0 0 0 0 0 0 0 0 0 0 0 0 0 0 0 0 0 0 0 0 0 0 0 0 0 0 0 0 0 0 0 0 0 0 0 0 0 0.00220433 0.00197717 0.00202187 0.00150796 -0.00339339 0.00124038 0.00140202 0.00153624 0.00145857 0.00129091 -0.00126167 0.00162927 -0.00182876 -0.0015001 -0.00166252 -0.00190378 -0.000730197 -0.000807434 -0.000729658 -0.000741359 -0.000798338 -0.000815269 -0.000784914 -0.000799915 -0.000822171 -0.000823514 -0.000805055 -0.000798247 -0.000836361 -0.000842197 -0.000842322 -0.000836223 -0.000825146 -0.000830975 -0.000841722 -0.000855676 -0.00086101 -0.000867796 -0.000858221
0 0 0 0 0 0 0 0 0 0 0 0 0 0 0 0 0 0 0 0 0 0 0 0 0 0 0 0 0 0 0 0 0 0 0 0 0 0.00217938 0.00199999 0.00196778 0.00147489 0.00132515 0.00136487 0.0013845 0.00139494 0.00141288 0.00324183 0.0013755 0.00151649 -0.00183182 -0.00166372 -0.00180731 -0.001903 -0.000748539 -0.00081986 -0.000766541 -0.00080337 -0.000830709 -0.000777929 -0.000678438 -0.000769911 -0.000792057 -0.000828316 -0.00081902 -0.000841672 -0.00084144 -0.000835652 -0.000839935 -0.000844288 -0.000837624 -0.000827698 -0.000837768 -0.00085243 -0.000843767 -0.000856354 -0.000861353
0 0 0 0 0 0 0 0 0 0 0 0 0 0 0 0 0 0 0 0 0 0 0 0 0 0 0 0 0 0 0 0 0 0 0 0 0 0.00213434 0.0019309 0.00186444 0.00147241 0.00130217 0.0013145 0.00136462 0.00157832 0.00125071 0.00177987 0.00356877 0.00179238 0.00131696 -0.0019433 -0.00184274 -0.0019695 -0.000819234 -0.000777234 -0.000771425 -0.000803069 -0.000790766 -0.00081937 -0.000836347 -0.000812402 -0.000789599 -0.000792814 -0.000789224 -0.000817753 -0.000826953 -0.000832988 -0.000840978 -0.000844161 -0.000845334 -0.00084723 -0.000842777 -0.000853936 -0.000859869 -0.000864791 -0.000869802
0 0 0 0 0 0 0 0 0 0 0 0 0 0 0 0 0 0 0 0 0 0 0 0 0 0 0 0 0 0 0 0 0 0 0 0 -0.00133779 -0.00169033 0.0020013 0.0017738 0.00160098 0.00116307 0.00135671 0.00150529 0.00118836 0.00130674 0.00138462 0.00135929 0.00157611 0.00179041 -0.00197389 -0.00188558 -0.00188936 -0.000821085 -0.000703732 -0.000685001 -0.000792518 -0.000822796 -0.000827908 -0.000823001 -0.000823808 -0.000791089 -0.000756633 -0.000805151 -0.000833717 -0.000829882 -0.000828046 -0.000831636 -0.000837421 -0.00084387 -0.000830765 -0.000838708 -0.000852384 -0.00085957 -0.000863714 -0.000867294
0 0 0 0 0 0 0 0 0 0 0 0 0 0 0 0 0 0 0 0 0 0 0 0 0 0 0 0 0 0 0 0 0 0 0 0 0 0 0.00210708 0.00185948 0.00166388 0.0011571 0.00164638 0.00142636 0.00123087 0.00137309 0.00150876 0.00155388 0.00155967 0.00135903 -0.00185693 -0.00181964 -0.00187765 -0.000806422 -0.000713477 -0.000625624 -0.000805037 -0.000827111 -0.000800867 -0.000768641 -0.00073408 -0.000789496 -0.000808618 -0.000818995 -0.000842385 -0.000842772 -0.000774752 -0.000802938 -0.000844826 -0.000793701 -0.000832954 -0.000843058 -0.000844296 -0.000858656 -0.000853882 -0.000866468
0 0 0 0 0 0 0 0 0 0 0 0 0 0 0 0 0 0 0 0 0 0 0 0 0 0 0 0 0 0 0 0 0 0 0 0 0 0 0 0.00219881 0.0018603 0.00147038 0.00158874 0.00167108 0.00115279 0.00140415 0.00160739 0.00174654 0.00129626 -0.00160713 -0.00168051 -0.00180327 -0.00200367 -0.000791789 -0.000820883 -0.000802523 -0.000826674 -0.000796411 -0.000739738 -0.00064485 -0.000634622 -0.000770207 -0.000683132 0.000749564 -0.000789404 -0.000838868 -0.000791225 -0.000623139 -0.000835407 -0.000765348 -0.000793102 -0.000775289 -0.000817515 -0.000852071 -0.00082536 -0.000849074
0 0 0 0 0 0 0 0 0 0 0 0 0 0 0 0 0 0 0 0 0 0 0 0 0 0 0 0 0 0 0 0 0 0 0 0 0 0 0 0.00220002 0.00213408 0.00205339 0.0016073 0.00167271 0.0015865 0.00147428 0.00160184 0.00187893 -0.00146985 -0.00146502 -0.00173643 -0.00189542 -0.00207524 -0.000772669 -0.000783292 -0.000802133 -0.000826157 -0.000818772 -0.00079151 -0.00075556 -0.000739394 -0.000817437 -0.000754658 -0.000784217 -0.000809926 -0.000741357 -0.000767203 -0.00076944 -0.000831712 -0.00084391 -0.000760316 -0.000826538 -0.000838341 -0.000825713 -0.000833935 -0.000824674
0 0 0 0 0 0 0 0 0 0 0 0 0 0 0 0 0 0 0 0 0 0 0 0 0 0 0 0 0 0 0 0 0 0 0 0 0 0 0 0.0021112 0.00221731 0.00212601 0.0016753 0.00163742 0.00175084 0.00160662 0.00156839 0.00177501 0.00155516 -0.00148321 -0.00171228 -0.00191992 -0.000755913 -0.000810042 -0.000787725 -0.000809005 -0.000823806 -0.000827345 -0.000829018 -0.000832593 -0.000819803 -0.000786808 -0.000817815 -0.000760704 -0.000837091 -0.000735156 -0.000828464 -0.000840544 -0.000837926 -0.000835972 -0.000836 -0.000833734 -0.000835867 -0.00082986 -0.000829221 -0.000832658
0 0 0 0 0 0 0 0 0 0 0 0 0 0 0 0 0 0 0 0 0 0 0 0 0 0 0 0 0 0 0 0 0 0 0 0 0 0 0 0 0.00219564 0.00215621 0.00180972 0.00178237 0.00197865 0.0017697 0.00157109 0.00141951 0.00187002 -0.00116948 -0.00156133 -0.00210317 -0.00081749 -0.000788196 -0.000813938 -0.000591356 -0.000826731 -0.000820132 -0.000829795 -0.000734296 -0.000756322 -0.000826115 -0.000804015 -0.000826358 -0.000792406 -0.000838658 -0.000837959 -0.0008002 -0.000835687 -0.000840231 -0.00084097 -0.000841095 -0.000847087 -0.000823656 -0.000838923 -0.00082666
0 0 0 0 0 0 0 0 0 0 0 0 0 0 0 0 0 0 0 0 0 0 0 0 0 0 0 0 0 0 0 0 0 0 0 0 0 0 0 0 0.00204206 0.00172289 -0.00184705 0.00184007 0.000814398 0.000770044 0.000686834 0.00155236 0.00151286 0.00192259 -0.0012289 -0.000789372 -0.0007796 -0.000781 -0.000784303 -0.000765694 -0.000819459 -0.000825053 -0.000830586 -0.000793168 -0.000800964 -0.000812077 -0.000817411 -0.000829358 -0.000830001 -0.00083241 -0.000832089 -0.000840934 -0.000829548 -0.000824336 -0.000826484 -0.000827715 -0.000844365 -0.000855375 -0.000836283 -0.00082643
0 0 0 0 0 0 0 0 0 0 0 0 0 0 0 0 0 0 0 0 0 0 0 0 0 0 0 0 0 0 0 0 0 0 0 0 0 0 0 -0.000315288 -0.00143964 -0.00216101 -0.000767203 0.000786448 0.000784914 0.0008115 0.000779311 0.000669841 0.000664054 0.00185449 0.00153155 -0.000771795 -0.00078178 -0.000806424 -0.000769176 -0.000747752 -0.000817944 -0.000825349 -0.000813021 -0.000812225 -0.000825078 -0.000822479 -0.000830964 -0.000830598 -0.000834918 -0.000837685 -0.000832094 -0.000839835 -0.000841173 -0.000843857 -0.00082254 -0.000796269 -0.000798712 -0.000842929 -0.000862289 -0.000811487
0 0 0 0 0 0 0 0 0 0 0 0 0 0 0 0 0 0 0 0 0 0 0 0 0 0 0 0 0 0 0 0 0 0 0 0 0 0 0 -0.000772447 -0.000624398 -0.000810242 -0.000788389 0.000810184 0.000799047 0.000792302 0.000794467 0.000785783 0.000746136 0.000792126 0.000659903 -0.000751979 -0.0007585 -0.000788642 -0.000748218 -0.000726287 -0.000795589 -0.000820657 -0.000819467 -0.000806532 -0.000801839 -0.00081936 -0.000828331 -0.000831734 -0.00083233 -0.00082984 -0.000836459 -0.000838729 -0.000836099 -0.00084339 -0.000846319 -0.000819816 -0.000793423 -0.000788898 -0.000859832 -0.000859639
0 0 0 0 0 0 0 0 0 0 0 0 0 0 0 0 0 0 0 0 0 0 0 0 0 0 0 0 0 0 0 0 0 0 0 0 0 0 0 -0.000437383 -0.000634462 -0.000809863 -0.000801007 0.000775119 0.00080635 0.000790577 0.000769261 0.000767453 0.000726506 0.000793156 0.000799908 -0.000784876 -0.000752112 -0.000791132 -0.000685046 -0.000688772 -0.000790141 -0.000823034 -0.000815214 -0.000807984 -0.000797089 -0.00080901 -0.0008227 -0.000825638 -0.000831578 -0.000830378 -0.00083147 -0.000837103 -0.000838905 -0.000835311 -0.000843149 -0.000838745 -0.00084393 -0.000835193 -0.000802365 -0.000818444
0 0 0 0 0 0 0 0 0 0 0 0 0 0 0 0 0 0 0 0 0 0 0 0 0 0 0 0 0 0 0 0 0 0 0 0 0 0 0 -0.000718988 -0.000769845 -0.000809464 -0.000799914 0.00073946 0.000814701 0.000807437 0.000763812 0.000659041 0.000693019 0.000715546 0.0007974 -0.000729818 -0.000779399 -0.000764895 -0.000663915 -0.00059842 -0.000781202 -0.000813256 -0.000805877 -0.000800617 -0.000801636 -0.000808383 -0.000817405 -0.00081965 -0.000827059 -0.000831264 -0.00083211 -0.000832199 -0.000837821 -0.000834602 -0.000829325 -0.000823747 -0.00084118 -0.00085294 -0.000854219 -0.000815442
0 0 0 0 0 0 0 0 0 0 0 0 0 0 0 0 0 0 0 0 0 0 0 0 0 0 0 0 0 0 0 0 0 0 0 0 0 0 0 0 -0.000958033 -0.000811648 -0.000781559 0.00076758 0.000811945 0.000798037 0.000757375 0.000647544 0.000762263 0.000746732 0.000767163 0.000807331 -0.000806314 -0.000763365 -0.000781746 -0.000485688 -0.000573345 -0.00081327 -0.000793641 -0.000797872 -0.000804821 -0.000812312 -0.000808477 -0.000825903 -0.000826258 -0.000687548 -0.000730505 -0.00073188 -0.000832575 -0.000836012 -0.000824676 -0.000725396 -0.000734253 -0.000747202 0.000530796 -0.00064872
