Outputs/initial_cond/u_35m.asc
ncols 287
nrows 262
xllcorner 528652
yllcorner 5.07688e+06
cellsize 35
NODATA_value -9999
[rows 170 to 203 of 262, columns 152 to 227 of 287]
-0.000817075 -0.000792033 -0.000777991 -0.000588037 -0.00069571 -0.000695885 0.000814725 0.000637123 -0.000856851 -0.000859249 -0.000756454 0.000945349 0.000503101 0.000798982 0.000863397 0.000844332 -0.00084184 -0.000813389 -0.000803876 -0.000824782 -0.000837402 -0.00086851 -0.000809643 -0.000791198 0.00153286 0.000876027 0.000863439 0.000880179 0.000783395 -0.000889022 -0.00084682 -0.000722547 -0.000601352 0.000678166 -0.000534225 -0.000724814 -0.000754651 -0.000708272 -0.000726467 -0.000703435 -0.000889502 -0.000874477 -0.000703255 -0.000864502 -0.000858885 0.000788936 -0.00056473 -0.000685694 -0.000866832 -0.000522423 -0.000881686 -0.000765858 -0.000662656 -0.00081487 -0.000766937 -0.00062062 -0.000708574 -0.000805971 -0.000767687 -0.000836918 -0.00089152 -0.000883012 -0.000893523 -0.000889038 -0.000899473 -0.000839785 -0.000813563 0.000772077 0.000885176 0.000847222 0 0 0 0 0 0
-0.000756044 -0.000781862 -0.000786074 -0.000532383 -0.000744891 -0.000840707 0.000756037 0.000831287 -0.000804592 -0.000850213 -0.000860191 -0.000840626 -0.000837869 0.000861586 0.000852732 0.000829045 0.000730023 -0.000847923 -0.000787437 -0.000820215 -0.000840434 -0.000849912 -0.000873922 -0.000854384 0.000528201 0.000875677 0.000877189 0.000885136 0.000881725 -0.000773701 -0.00078116 -0.000815594 -0.000801378 -0.000817568 -0.000720822 -0.00075076 -0.000812698 -0.000704906 -0.000740261 -0.000758153 -0.000864203 -0.000893964 -0.000782637 -0.00089248 -0.000864653 -0.000766004 -0.000596617 0.000707367 -0.000864801 -0.000869972 -0.000638451 -0.000881197 -0.000755778 -0.000763715 -0.000841315 -0.000871484 -0.000786071 -0.000836115 -0.000714115 -0.000893317 -0.000892324 -0.000887489 -0.000899832 -0.000897434 -0.000898927 -0.000898443 -0.000900366 0.000871234 0.000884727 0.000796102 0 0 0 0 0 0
-0.000752374 -0.000580847 -0.000788877 -0.000796722 -0.00076036 -0.000754685 -0.000797971 0.000842662 0.000551244 -0.000855832 -0.00086534 -0.000861366 -0.000865548 0.000868162 0.000812707 0.000854406 0.000862804 -0.000791858 -0.000788116 -0.000804998 -0.000863561 -0.000869842 -0.000852469 -0.000864397 -0.000659399 0.000880894 0.000867746 0.000877645 0.000882836 -0.000755035 -0.000806846 -0.000803381 -0.000880534 -0.000845087 -0.0007887 -0.000778838 -0.000835965 -0.000771935 -0.000732199 -0.000789842 -0.000841926 -0.000883767 -0.00089101 -0.000894975 -0.000895308 -0.000818433 -0.000605829 0.000721346 -0.000824853 -0.000891048 -0.000760081 -0.000658163 -0.000876217 -0.000715528 -0.000836703 -0.00088904 -0.000890007 -0.000888682 -0.000641899 -0.000869163 -0.000894288 -0.000886084 -0.000900918 -0.000901433 -0.00089966 -0.000899922 0.000625564 0.000889449 0.000810349 0 0 0 0 0 0 0
-0.000804307 -0.000826565 -0.000688493 -0.000736399 -0.000806825 -0.000723954 -0.000857809 0.000853955 0.000826485 -0.000856828 -0.000860392 -0.000859982 -0.00085506 0.000758558 0.000829358 0.00086045 0.00087139 0.000744121 -0.00080412 -0.000788982 -0.000851418 -0.000866429 -0.000867678 -0.000870167 0.0004814 0.000875612 0.000873713 0.000888855 0.000843398 -0.00111975 -0.00112033 -0.000851752 -0.000891983 -0.000873782 -0.000834334 -0.000812073 -0.000842918 -0.000815951 -0.000726307 -0.000821587 -0.000863442 -0.000874719 -0.000878275 -0.000894696 -0.000880034 -0.00088575 0.000580903 0.000763829 -0.000656412 -0.00089406 -0.000825779 -0.000870422 -0.000857908 -0.000783474 -0.000806179 -0.000891804 -0.000866668 -0.000874442 -0.000816735 -0.000823273 -0.000862556 -0.000899208 -0.000902613 -0.000902848 -0.000896289 0.00060961 0.000891274 0.000894846 0.000757013 0 0 0 0 0 0 0
-0.000816693 -0.00080207 -0.000695852 -0.000617306 -0.000772117 -0.000768867 -0.000791778 0.000854674 0.000786781 -0.00085459 -0.00085502 -0.000854209 -0.000785392 -0.000684333 0.000874158 0.000850698 0.000864612 0.0008724 -0.000870461 -0.000821136 -0.000864876 -0.000869623 -0.000849577 -0.000869784 0.000832975 0.000882663 0.000891323 0.000890395 -0.00081385 -0.00111208 -0.00109945 -0.00116808 -0.000893141 -0.000900198 -0.000875361 -0.000837591 -0.000848637 -0.000842717 -0.000768141 -0.000820956 -0.000892058 -0.000895063 -0.000886532 -0.000856197 -0.000900348 -0.000899785 -0.000840618 -0.000808734 0.000857217 -0.000896453 -0.000896754 -0.000886706 -0.000784867 -0.000891197 -0.000816572 -0.000856509 -0.00086496 -0.000824334 -0.000896643 -0.000810848 -0.000795382 -0.000823013 -0.000897718 -0.000902153 -0.000842797 0.000900118 0.0008841 0.000895841 0.000650323 0 0 0 0 0 0 0
-0.000823656 -0.000750855 -0.000705921 -0.000394904 -0.000848085 -0.000859718 0.000631845 0.00085191 0.00079516 -0.000864579 -0.000837485 -0.000873164 -0.000767473 -0.000719532 0.000813191 0.000865206 0.000874375 0.00086618 0.000669095 -0.00087549 -0.000879477 -0.000875486 -0.000859586 -0.000890264 0.000827739 0.000895736 0.000893016 0.000786705 -0.00110015 -0.00107636 -0.00113406 -0.00116495 -0.000882383 -0.00090482 -0.000905898 -0.000876664 -0.000849992 -0.000865716 -0.00079864 -0.000839939 -0.000902785 -0.000890921 -0.000861033 -0.000841884 -0.000858987 -0.000901947 -0.000879744 -0.000725689 0.000865782 -0.000892208 -0.000872453 -0.000898058 -0.000766431 -0.000711751 -0.000858905 -0.000789539 -0.000766128 -0.000764024 -0.000897248 -0.000857356 -0.000840341 0.000600691 -0.000897314 -0.000896917 0.000820685 0.000864059 0.000849129 0.00091954 0 0 0 0 0 0 0 0
-0.000823818 -0.000711409 -0.000548041 -0.00060973 -0.000843475 -0.000850027 0.000838856 0.000844963 0.000582046 -0.00086226 -0.000847413 -0.000875618 -0.000821741 -0.000756135 -0.000477353 0.000880225 0.000877491 0.000873228 0.000881426 -0.000879761 -0.000867756 -0.00088343 -0.000871337 -0.000878175 0.0008438 0.000887015 0.000865039 0.000519887 -0.00113165 -0.00109568 -0.00118024 -0.00117334 -0.00115113 -0.000898213 -0.000907027 -0.000907429 -0.000872913 -0.000866266 -0.000824736 -0.000858554 -0.000904854 -0.000903372 -0.000905711 -0.000894479 -0.000760294 -0.000899502 -0.000891372 -0.000648636 0.000849537 -0.000852971 -0.00080482 -0.00089319 -0.000776692 -0.000713515 -0.000890329 -0.00072717 -0.000635093 -0.000800608 -0.000892919 -0.000877666 -0.000879915 0.000814302 -0.000864421 -0.000877075 0.000891731 0.000823208 0.000928216 0 0 0 0 0 0 0 0 0
-0.000777075 -0.000715896 -0.000778735 -0.000839856 -0.000805785 -0.000820757 -0.000726748 0.000864312 -0.000767276 -0.00087155 -0.000862007 -0.000861642 -0.000873221 -0.000831281 -0.000776514 0.000865477 0.000884561 0.000874087 0.000873407 0.000719057 -0.00088594 -0.000844119 -0.00081889 -0.000894734 0.000854376 0.000892905 0.000874648 0.000932824 -0.00102869 -0.00117169 -0.00119746 -0.00119287 -0.00116495 -0.00088261 -0.00090753 -0.000905964 -0.000897397 -0.000882013 -0.000835045 -0.000835387 -0.000901412 -0.000906232 -0.000897255 -0.000901932 -0.00089397 -0.000864672 -0.00089443 -0.00155361 0.000884138 -0.000871649 -0.000860805 -0.000890236 -0.000871329 -0.000763086 -0.000895001 -0.000894191 -0.000685281 -0.000814589 -0.000840615 -0.000776114 -0.000864338 -0.000696696 -0.00052219 0.000741888 0.000854352 0.000826143 0 0 0 0 0 0 0 0 0 0
-0.000760559 -0.000791444 -0.000745687 -0.000774688 -0.000793476 0.00070253 -0.000848702 -0.000802912 -0.00086631 -0.000872777 -0.00086318 -0.000851988 -0.000875023 -0.00086918 -0.000846069 0.000755235 0.000884693 0.000874448 0.000887261 0.000796253 -0.000827538 -0.000878475 -0.000832351 -0.000876308 0.000852846 0.000900553 0.00116564 0.00101766 -0.000703553 -0.00119512 -0.0012036 -0.00120546 -0.00119331 -0.000878305 -0.000901422 -0.00089497 -0.000896031 -0.000896995 -0.000855135 -0.000838963 -0.000899655 -0.000891428 -0.000883955 -0.000906233 -0.000865638 -0.000888002 -0.000904389 -0.000769303 0.000893087 -0.000815704 -0.000899021 -0.000872734 -0.000897405 -0.000877857 -0.000891417 -0.000847073 -0.000893425 -0.00086576 -0.000740848 -0.000640249 -0.00086971 -0.000714309 -0.00069443 0.00087 0.000777863 0.0010401 0 0 0 0 0 0 0 0 0 0
-0.000719058 -0.00065911 -0.000828963 -0.000791517 0.000804545 -0.000762104 -0.000866215 -0.000863815 -0.000853978 -0.00085638 -0.000869271 -0.000847894 -0.000844508 -0.000884911 -0.000849531 -0.000775673 0.000861476 0.000882783 0.000735619 -0.000729938 -0.000450701 0.00059313 -0.00089512 -0.000879834 0.000738163 0.000899449 0.00117737 0.000974035 0.00176348 -0.00117768 -0.00120301 -0.00119455 -0.00120629 -0.000870768 -0.000897083 -0.000897386 -0.000877261 -0.00090033 -0.000892977 -0.000840509 -0.000906859 -0.000888498 -0.000890261 -0.000889768 -0.000896644 -0.000869666 -0.000901791 -0.000816437 0.000897087 -0.000839272 -0.00086219 -0.000872464 -0.000892352 -0.000861428 -0.000883624 -0.000851357 -0.000887001 -0.000870628 -0.000873955 -0.000806109 -0.000739177 -0.000878982 0.000878575 0.000775028 0.000758595 0.000947888 0 0 0 0 0 0 0 0 0 0
-0.000844034 -0.000660311 0.000855819 0.00085398 -0.000820233 -0.000827088 -0.000816967 -0.000807831 -0.000789438 -0.000872925 -0.000876202 -0.000865407 -0.00081051 -0.000847006 -0.000877653 -0.000835428 0.000708906 0.000890018 -0.00082144 -0.000842165 0.000873422 0.000896721 -0.000686578 -0.000895417 -0.000874615 0.00087682 0.001143 0.00082474 -0.00096158 -0.00105264 -0.00119722 -0.00119478 -0.00120715 -0.000891015 -0.000903805 -0.000900527 -0.000885659 -0.000883655 -0.000905821 -0.000870405 -0.000906049 -0.000891601 -0.000887456 -0.000869716 -0.000903415 -0.000862975 -0.000899708 -0.000647141 0.000881424 -0.000844692 -0.000832074 -0.000876446 -0.000883956 -0.000862729 -0.000825015 -0.000891615 -0.000884257 -0.000868185 -0.00083477 -0.000879935 -0.000838315 0.000863085 0.000863845 0.000856187 0.000699148 0 0 0 0 0 0 0 0 0 0 0
-0.000848962 -0.00075766 0.00080109 -0.000819524 -0.000647187 -0.000768263 -0.000831284 -0.000820782 -0.00078661 -0.000873789 -0.00083988 -0.000882611 -0.000834525 -0.000818986 -0.000887067 -0.000852212 -0.000720753 0.000828086 -0.000832777 -0.000827804 0.000895227 0.000899386 0.000878307 0.000688637 -0.000836341 0.000551972 0.000805766 -0.00088225 -0.00112514 -0.00117697 -0.00119095 -0.00119894 -0.00120547 -0.00090645 -0.000908854 -0.000902736 -0.000899754 -0.00089265 -0.000901311 -0.000896863 -0.000900397 -0.000906614 -0.000872136 -0.000867363 -0.000880424 -0.000906111 -0.00090073 -0.000620173 0.000850473 -0.000856563 -0.000839237 -0.000897957 -0.000847809 -0.000886613 -0.000835327 -0.000843871 -0.000887275 -0.000865133 -0.000876461 -0.000843627 0.000531812 0.000795649 0.000826683 0.000864479 0 0 0 0 0 0 0 0 0 0 0 0
-0.000703123 -0.000774933 0.000802785 -0.000380463 -0.000500399 -0.000817297 -0.000847959 -0.000827955 -0.000804876 -0.00079537 -0.000885101 -0.000847223 -0.000871664 -0.000814354 -0.000886064 -0.000835426 -0.000842233 -0.00162363 -0.000764236 -0.000666376 0.000899067 0.00089453 0.000837784 0.000866256 0.00084706 -0.000916169 -0.000915124 -0.00111469 -0.00119917 -0.0012094 -0.00110688 -0.00120166 -0.00120838 -0.000911905 -0.000909418 -0.000902372 -0.000905213 -0.000906075 -0.000900523 -0.000906714 -0.000900936 -0.000908831 -0.000900514 -0.000888418 -0.000869169 -0.00087682 -0.000900854 -0.000727361 0.000778296 -0.000873465 -0.00086917 -0.000859222 -0.000848473 -0.000846208 -0.000887978 -0.000858098 -0.000879345 -0.000864562 -0.000863314 0.000822515 0.000767898 0.000815751 0.000881689 0 0 0 0 0 0 0 0 0 0 0 0 0
-0.000429457 0.000846827 -0.000673633 -0.000502461 -0.000313757 -0.000768613 -0.000790525 -0.000853329 -0.000826514 -0.000768767 -0.000856252 -0.000720191 -0.000888932 -0.000851251 -0.000877523 -0.000825064 -0.00085581 -0.000804603 -0.000743783 0.000825695 0.000902563 0.000883042 0.000776557 0.000882153 0.00090257 -0.000790722 -0.0011089 -0.0011035 -0.00120082 -0.00120533 -0.00116386 -0.00114109 -0.0012073 -0.00119488 -0.000909647 -0.000906899 -0.000909057 -0.000909234 -0.000907751 -0.000906288 -0.000908553 -0.000871088 -0.000897746 -0.00090335 -0.000899151 -0.000858047 -0.000861221 -0.000881498 -0.000693287 -0.000820501 -0.000879817 -0.000838361 -0.000892866 -0.0007883 -0.000875738 -0.00087488 -0.000866111 -0.000846736 0.000702501 0.000781096 0.000785664 0.000817877 0.000916718 0 0 0 0 0 0 0 0 0 0 0 0 0
-0.000785037 -0.000803319 -0.000338754 -0.000352544 -0.000379744 -0.00080111 -0.000637479 -0.000850622 -0.000870434 -0.00079249 -0.000856133 -0.000805042 -0.000794392 -0.000888 -0.00087871 -0.000841318 -0.000862302 -0.000868431 -0.00072516 0.000889033 0.000903884 0.000883649 0.000879329 0.000892103 0.000898103 -0.000681796 -0.00117756 -0.00108004 -0.00115593 -0.00121274 -0.00121324 -0.00120481 -0.00119122 -0.00120866 -0.000907644 -0.000902847 -0.000910442 -0.000897303 -0.000897037 -0.000909914 -0.000906773 -0.000906361 -0.000907716 -0.000898691 -0.000894879 -0.000890625 -0.000849539 -0.000862413 -0.000839195 -0.000742064 -0.000891616 -0.000860356 -0.000891335 -0.000860799 -0.000817569 -0.000884049 -0.000880963 -0.000827571 0.000798743 0.000815905 0.000827586 0.000810442 0 0 0 0 0 0 0 0 0 0 0 0 0 0
-0.000835471 -0.000564399 -0.000279562 -0.000325958 -0.000663405 -0.000612249 -0.000466776 -0.000744092 -0.000739056 -0.000883042 -0.000851921 -0.000886245 -0.000627381 0.000599137 -0.000896081 -0.000880451 -0.000887982 -0.000884764 -0.000715647 0.000902787 0.000904496 0.00090371 0.000898389 0.000888032 0.00113666 -0.000712454 -0.0011899 -0.00113122 -0.00114615 -0.00119904 -0.00121481 -0.00121292 -0.00120827 -0.00120997 -0.000913034 -0.000897065 -0.000910568 -0.000898059 -0.000864637 -0.000884922 -0.000904784 -0.00091029 -0.000909696 -0.000901357 -0.000886671 -0.000894243 -0.000886341 -0.000849243 -0.000887343 -0.000805529 -0.000893281 -0.000832367 -0.000888477 -0.000867663 -0.000832803 -0.000874428 -0.000644972 0.000850421 0.000804321 0.000825988 0.0008856 0 0 0 0 0 0 0 0 0 0 0 0 0 0 0
-0.000800008 -0.000565057 -0.000321146 -0.000512427 -0.000490274 -0.000647428 -0.000620117 -0.000485567 -0.000861838 0.000863065 -0.000853285 -0.000691451 -0.00065077 -0.000649982 -0.000896762 -0.000887238 -0.000878095 -0.000890724 -0.000575244 0.000897627 0.000905239 0.000906459 0.000895672 0.000775336 0.00113316 0.00103074 -0.00118481 -0.00119911 -0.00116005 -0.00120528 -0.00121531 -0.00120745 -0.00120685 -0.00121299 -0.000911867 -0.000898262 -0.000904662 -0.000906402 -0.000876695 -0.000863349 -0.000898389 -0.000909881 -0.000909907 -0.000888863 -0.000880202 -0.000893201 -0.00088859 -0.000893 -0.000855618 -0.000890217 -0.0008887 -0.00087583 -0.000886512 -0.000866263 -0.000880142 -0.000828737 0.000845462 0.000788789 0.000827597 0.000907897 0 0 0 0 0 0 0 0 0 0 0 0 0 0 0 0
-0.000786085 -0.000769844 -0.000599824 -0.000534389 -0.000279374 -0.000602944 -0.000868773 -0.000849795 -0.000792893 -0.000857486 0.000780201 -0.00088134 -0.000443464 -0.000475593 -0.000722593 -0.000885334 -0.000888408 -0.000872619 0.000732745 0.00090115 0.000908056 0.000908014 0.00069739 0.00148465 0.00119926 0.00118566 -0.00117198 -0.00120501 -0.00118542 -0.00121566 -0.00121645 -0.00116469 -0.00118533 -0.00121505 -0.000911956 -0.000885237 -0.000893622 -0.000901823 -0.000895452 -0.000880006 -0.000874789 -0.000883065 -0.000890364 -0.000900092 -0.000881031 -0.000873994 -0.000899497 -0.000884438 -0.000854786 -0.000822883 -0.00080061 -0.000863615 -0.000882169 -0.000835471 0.000869853 0.000873204 0.000807739 0.000798482 0.000915465 0 0 0 0 0 0 0 0 0 0 0 0 0 0 0 0 0
-0.000773679 -0.000797202 -0.00080013 -0.000706037 -0.000371702 -0.000374512 -0.000852804 -0.000850839 -0.000868412 -0.000867717 -0.00087553 -0.000877513 -0.000624176 -0.000437944 -0.000486908 -0.00073262 -0.000893139 -0.000887231 0.000846181 0.000902543 0.000907837 0.000903907 -0.000772969 0.00064318 0.00119868 0.00116553 -0.000909493 -0.0011888 -0.00120798 -0.00120856 -0.00122103 -0.00116002 -0.0011828 -0.00121669 -0.00120597 -0.00089088 -0.000881925 -0.000880914 -0.000890926 -0.000881711 -0.000865598 -0.000819876 -0.000828222 -0.000911517 -0.000906414 -0.000867527 -0.000882455 -0.000879249 -0.000845952 -0.000829397 -0.000777624 -0.000851159 -0.000873277 0.000757682 0.000820151 0.000830842 0.000826963 0.000763244 0 0 0 0 0 0 0 0 0 0 0 0 0 0 0 0 0 0
-0.000792876 -0.000819203 -0.000821934 -0.000766055 -0.000730039 -0.000603046 -0.000511163 -0.000862722 -0.000853732 -0.000771903 -0.000853646 -0.000808597 -0.000606511 -0.00043808 -0.000461575 -0.000582123 -0.000903762 -0.000880393 0.000831171 0.000900937 0.000908891 0.000898099 -0.00109533 0.000958293 0.00120923 0.00117194 0.000891788 -0.000981999 -0.00119299 -0.00121482 -0.00122344 -0.001207 -0.00119205 -0.00121567 -0.00120466 -0.000890531 -0.00086325 -0.000856075 -0.000869409 -0.000878553 -0.000866891 -0.000820717 -0.000824718 -0.00166456 -0.00168916 -0.00164091 -0.00162377 -0.00150569 -0.00162893 -0.00164405 -0.00154944 -0.00155842 -0.000847269 0.000871224 0.000801704 0.000840086 0.000757774 0 0 0 0 0 0 0 0 0 0 0 0 0 0 0 0 0 0 0
-0.000833804 -0.000816229 -0.000805457 -0.000787132 -0.00078365 -0.000790723 -0.000780193 -0.000795118 -0.000813332 -0.000788292 -0.000765361 -0.000642439 -0.000591154 -0.000519375 -0.000455777 -0.000468272 -0.000847561 -0.00090073 0.00075652 0.000891901 0.000907771 0.000880018 -0.000762176 -0.00106776 0.00117943 0.00120897 0.00109561 0.00065221 -0.0011342 -0.00122127 -0.00122436 -0.00122099 -0.0012051 -0.00121259 -0.00120885 -0.00119777 -0.000874658 -0.000859896 -0.000761065 -0.00154516 -0.0014905 -0.00155312 -0.00162932 -0.00163177 -0.00168932 -0.0016591 -0.00116974 -0.00167429 -0.0015031 -0.00150426 -0.00158856 -0.00146711 -0.000744915 -0.000743892 0.00085809 0.00076035 0 0 0 0 0 0 0 0 0 0 0 0 0 0 0 0 0 0 0 0
-0.000818042 -0.000804952 -0.000806739 -0.000802992 -0.000801349 -0.000805405 -0.000808106 -0.000803541 -0.0008186 -0.000807876 -0.000798135 -0.0006501 -0.000458944 -0.00052467 -0.000600871 -0.000398465 -0.000734263 -0.000901637 0.000703389 0.000907624 0.000890013 0.000875813 0.000756842 -0.00100389 0.00115221 0.00119191 0.00117173 0.00102413 -0.00109104 -0.00121555 -0.00121979 -0.00121722 -0.00119927 -0.00120614 -0.00120854 -0.000803755 -0.000798504 -0.00144277 -0.00113537 -0.00151743 -0.00156225 -0.00144975 -0.00154332 0.0011351 -0.00156955 -0.00155606 0.00152761 -0.00156487 -0.00150154 -0.00165558 -0.00154339 -0.00160876 -0.00144775 -0.000866639 0 0 0 0 0 0 0 0 0 0 0 0 0 0 0 0 0 0 0 0 0 0
-0.000814833 -0.000803868 -0.000795762 -0.000795991 -0.000808606 -0.000788336 -0.00082934 -0.00083565 -0.000815908 -0.000807369 -0.000801155 -0.000557114 -0.000457942 -0.000569922 -0.000556509 -0.000514383 -0.000748133 -0.000867145 -0.000677245 -0.000811559 0.000861861 0.000897903 0.00079153 0.00102492 0.00117346 0.00118153 0.00116854 0.00112767 -0.0010691 -0.00120629 -0.00120907 -0.00118778 -0.00119728 -0.00115795 -0.000780366 -0.000777803 -0.000782467 -0.00114697 -0.00143041 -0.00156195 -0.00169062 -0.00160365 -0.00168568 -0.00133228 -0.00167796 0.00217519 -0.00164733 -0.00163699 0 0 0 0 0 0 0 0 0 0 0 0 0 0 0 0 0 0 0 0 0 0 0 0 0 0 0 0
-0.00082592 -0.000814533 -0.000807429 -0.000815944 -0.000812194 -0.000798605 -0.000802237 -0.000810267 -0.000806307 -0.000788127 -0.000793429 -0.000676226 -0.000646767 -0.000728292 -0.000835913 -0.00061549 -0.000793562 -0.000768017 -0.000761861 -0.00087703 -0.00119895 0.00117039 0.00113081 0.00119006 0.00120121 0.00119694 0.00119502 0.00118028 -0.0011408 -0.00121171 -0.00118257 -0.000940465 -0.00120813 -0.00117603 -0.000664375 -0.000790692 0 0 0 0 0 0 0.00164506 -0.00165276 -0.00162165 0.00166719 0.00162084 0 0 0 0 0 0 0 0 0 0 0 0 0 0 0 0 0 0 0 0 0 0 0 0 0 0 0 0 0
-0.000843967 -0.000826561 -0.000807778 -0.000835859 -0.000831433 -0.000800313 -0.000767356 -0.000809303 -0.000826306 -0.000774764 -0.000810018 -0.000835795 -0.000831241 -0.000858233 -0.000872531 -0.000835946 -0.000833615 -0.00112025 -0.000419758 -0.000515952 -0.00120325 -0.00116294 0.00101953 0.00115297 0.00120135 0.00120803 0.0012092 0.00121139 -0.000886502 -0.00121559 -0.00116104 -0.00112031 -0.00121318 -0.000687134 0 0 0 0 0 0 0 0 0 0 0 0 0 0 0 0 0 0 0 0 0 0 0 0 0 0 0 0 0 0 0 0 0 0 0 0 0 0 0 0 0 0
-0.000849164 -0.000844914 -0.00084124 -0.00084831 -0.000844187 -0.000819433 -0.000778207 -0.00079975 -0.000831478 -0.000800257 -0.000815359 -0.000852161 -0.000833735 -0.000839493 -0.000837491 -0.000839967 -0.000832751 -0.000813089 -0.00074205 -0.000515093 -0.000688008 -0.00108471 -0.000890136 0.00115128 0.0012076 0.00121117 0.00122226 0 0 0 0 0 0 0 0 0 0 0 0 0 0 0 0 0 0 0 0 0 0 0 0 0 0 0 0 0 0 0 0 0 0 0 0 0 0 0 0 0 0 0 0 0 0 0 0 0
-0.0008493 -0.000852104 -0.000846577 -0.000842818 -0.000854218 -0.000855856 -0.000811095 -0.000825812 -0.000818659 -0.000823177 -0.0008167 -0.000843152 -0.0008038 -0.000821251 -0.000829709 -0.000844097 -0.00085365 -0.000836831 -0.000645805 -0.000639594 -0.000704172 -0.000849445 0.000924064 0.00119243 0.000961424 0 0 0 0 0 0 0 0 0 0 0 0 0 0 0 0 0 0 0 0 0 0 0 0 0 0 0 0 0 0 0 0 0 0 0 0 0 0 0 0 0 0 0 0 0 0 0 0 0 0 0
-0.000846691 -0.000852627 -0.000852935 -0.000837664 -0.000841044 -0.000854158 -0.000853253 -0.000847177 -0.000813871 -0.000788029 -0.000781058 -0.000807989 -0.000822241 -0.00083431 -0.000841267 -0.000852861 -0.000847479 -0.000841458 -0.000683329 -0.000684971 -0.000513659 -0.000933956 0.00106526 0.00119939 0.0010374 0 0 0 0 0 0 0 0 0 0 0 0 0 0 0 0 0 0 0 0 0 0 0 0 0 0 0 0 0 0 0 0 0 0 0 0 0 0 0 0 0 0 0 0 0 0 0 0 0 0 0
-0.000832367 -0.000839795 -0.000831094 -0.000825301 -0.000838226 -0.000856523 -0.000858751 -0.000854564 -0.000806019 -0.000797452 -0.000810566 -0.000824977 -0.000824639 -0.000836593 -0.000837268 -0.000834287 -0.000826055 -0.000826574 -0.000730223 -0.00059424 -0.000676447 -0.000860349 0.00119882 0.00129947 0 0 0 0 0 0 0 0 0 0 0 0 0 0 0 0 0 0 0 0 0 0 0 0 0 0 0 0 0 0 0 0 0 0 0 0 0 0 0 0 0 0 0 0 0 0 0 0 0 0 0 0
-0.000819565 -0.000828245 -0.000812566 -0.000798658 0 0 -0.000872809 -0.000844959 -0.000842323 -0.000841288 -0.000828745 -0.000836594 -0.000825641 -0.000819998 -0.000818145 -0.000821988 -0.000821924 -0.000818732 -0.000487216 -0.000440871 -0.00111637 -0.00110387 0.00117184 0.00125189 0 0 0 0 0 0 0 0 0 0 0 0 0 0 0 0 0 0 0 0 0 0 0 0 0 0 0 0 0 0 0 0 0 0 0 0 0 0 0 0 0 0 0 0 0 0 0 0 0 0 0 0
0 0 0 0 0 0 0 0 0 0 0 -0.000866219 -0.000805224 -0.000821531 -0.00082187 -0.000782823 -0.000825205 -0.000786806 -0.000369789 -0.000429708 -0.00118498 -0.00117899 0.00116903 0.00114903 0 0 0 0 0 0 0 0 0 0 0 0 0 0 0 0 0 0 0 0 0 0 0 0 0 0 0 0 0 0 0 0 0 0 0 0 0 0 0 0 0 0 0 0 0 0 0 0 0 0 0 0
0 0 0 0 0 0 0 0 0 0 0 0 0 0 0 0 0 0 -0.000175283 -0.000728529 -0.00119991 0.00120013 0.00120343 0.00128779 0 0 0 0 0 0 0 0 0 0 0 0 0 0 0 0 0 0 0 0 0 0 0 0 0 0 0 0 0 0 0 0 0 0 0 0 0 0 0 0 0 0 0 0 0 0 0 0 0 0 0 0
0 0 0 0 0 0 0 0 0 0 0 0 0 0 0 0 0 0 0 0 0 0.0012086 0.00118281 0.00109859 0 0 0 0 0 0 0 0 0 0 0 0 0 0 0 0 0 0 0 0 0 0 0 0 0 0 0 0 0 0 0 0 0 0 0 0 0 0 0 0 0 0 0 0 0 0 0 0 0 0 0 0
0 0 0 0 0 0 0 0 0 0 0 0 0 0 0 0 0 0 0 0 0 0 0.00117778 0.00133068 0 0 0 0 0 0 0 0 0 0 0 0 0 0 0 0 0 0 0 0 0 0 0 0 0 0 0 0 0 0 0 0 0 0 0 0 0 0 0 0 0 0 0 0 0 0 0 0 0 0 0 0
