Outputs/initial_cond/u_35m.asc
ncols 287
nrows 262
xllcorner 528652
yllcorner 5.07688e+06
cellsize 35
NODATA_value -9999
[rows 136 to 169 of 262, columns 76 to 151 of 287]
0 0 0 0 0 0 0 0 0 0 0 0 0 0 0 0 0 0 0 0 0 0 0 0 0 0 0 0 0 0 0 0 0 0 0 0 0 0 0 0 -0.000774469 -0.000804441 -0.000792173 0.000757953 0.000805388 0.000792581 0.000714087 0.000571581 0.000788241 0.00074195 0.000721838 0.000765946 -0.00075666 -0.000793328 -0.00078327 -0.000731603 -0.000581226 -0.000621116 -0.000543859 -0.000821305 -0.000823136 -0.000820985 -0.000772208 0.000815466 0.000780037 -0.000686015 -0.000681321 -0.000611764 -0.000431742 -0.000603629 -0.000730559 -0.000737903 -0.000746371 -0.000752878 0.000695796 -0.000756358
0 0 0 0 0 0 0 0 0 0 0 0 0 0 0 0 0 0 0 0 0 0 0 0 0 0 0 0 0 0 0 0 0 0 0 0 0 0 0 0 0 -0.000567434 -0.000817557 0.000727043 0.000798664 0.00074353 0.000686265 -0.00148245 0.00081765 0.00067058 0.000734639 0.00069439 0.000737006 -0.000808012 -0.000791396 -0.000787163 -0.000797177 -0.00079165 -0.000725887 -0.000813541 -0.000814043 -0.000775111 -0.000698969 -0.000714907 -0.000684309 -0.000715988 -0.000718736 -0.000716526 -0.00061882 -0.000378519 -0.000500957 -0.000541543 -0.000690206 -0.000749936 0.00071603 -0.00074442
0 0 0 0 0 0 0 0 0 0 0 0 0 0 0 0 0 0 0 0 0 0 0 0 0 0 0 0 0 0 0 0 0 0 0 0 0 0 0 0 0 -0.000601248 -0.000818219 -0.00063924 0.000783842 0.000762328 0.000597842 -0.000629016 0.000795823 0.000682292 0.000692244 0.000674683 0.000787632 -0.00076936 -0.000793759 -0.000806923 -0.000807021 -0.000806976 -0.000802136 -0.000807625 -0.000715191 -0.000703343 -0.000682218 -0.000702843 -0.000715916 -0.000691029 -0.000712517 -0.00072073 -0.000705883 -0.000694822 -0.000551115 -0.000586469 -0.000538428 -0.000744212 -0.000625644 0.000427785
0 0 0 0 0 0 0 0 0 0 0 0 0 0 0 0 0 0 0 0 0 0 0 0 0 0 0 0 0 0 0 0 0 0 0 0 0 0 0 0 0 0 -0.000548721 -0.00078737 0.000733268 0.000797808 0.000545764 0.000722364 0.000710086 0.000642891 0.000707945 0.00075377 0.000751976 0.000698356 -0.000801218 -0.000806456 -0.000805074 -0.000806103 -0.000800762 -0.000713812 -0.000711654 -0.000714182 -0.000706317 -0.000713016 -0.000715586 -0.00068387 -0.000715426 -0.000714789 -0.000720716 -0.000711926 -0.000711018 -0.000516104 -0.000457757 0.000660969 -0.00040701 0.000600801
0 0 0 0 0 0 0 0 0 0 0 0 0 0 0 0 0 0 0 0 0 0 0 0 0 0 0 0 0 0 0 0 0 0 0 0 0 0 0 0 0 0 0 0 0.000602608 0.000798462 0.000924988 0.000469636 0.000803079 0.000582396 0.000627597 0.000798323 0.000591698 0.000801083 -0.00067996 -0.000807812 -0.000796094 -0.000710056 -0.000700824 -0.000702423 -0.000705334 -0.000655359 -0.000712931 -0.000699736 -0.000715759 -0.000682238 -0.000714283 -0.000720478 -0.000710313 -0.000727074 -0.000716903 -0.00064613 -0.000427229 -0.000712271 0.000718756 -0.000606649
0 0 0 0 0 0 0 0 0 0 0 0 0 0 0 0 0 0 0 0 0 0 0 0 0 0 0 0 0 0 0 0 0 0 0 0 0 0 0 0 0 0 0 -5.94639e-05 -0.00133206 0.000765789 -0.000494358 0.000705492 0.000651311 0.000584045 0.000601587 0.000547908 0.000605527 0.000646812 0.000690991 -0.000710697 -0.000694048 -0.00070956 -0.00070297 -0.000670982 -0.00071058 -0.000565148 -0.000640553 -0.000714012 -0.000707379 -0.0007128 -0.000717264 -0.000719325 -0.000712022 -0.000726321 -0.000683412 -0.000733826 -0.000517243 -0.000719088 -0.000744472 -0.000470192
0 0 0 0 0 0 0 0 0 0 0 0 0 0 0 0 0 0 0 0 0 0 0 0 0 0 0 0 0 0 0 0 0 0 0 0 0 0 0 0 0 0 0 0 0 0.000670416 0.00127571 0.000717504 0.000654767 0.000615053 0.000622761 0.000638052 0.000604915 0.000509461 0.000663574 -0.00068687 -0.000686839 -0.000699699 -0.000712771 -0.000692778 -0.000705857 -0.000693904 -0.000463903 -0.000601938 -0.00067783 -0.000715653 -0.000716844 -0.000719425 -0.000716072 -0.00072615 -0.000637131 -0.000677127 -0.000689751 -0.000681608 -0.000608406 -0.000617803
0 0 0 0 0 0 0 0 0 0 0 0 0 0 0 0 0 0 0 0 0 0 0 0 0 0 0 0 0 0 0 0 0 0 0 0 0 0 0 0 0 0 0 0 0 0.000590749 0.000527197 0.00069428 0.000640538 0.00063157 0.000615215 0.000633595 0.000536267 0.000555335 0.000635401 0.000695539 -0.000681735 -0.000681742 -0.000713265 -0.000711012 -0.000714523 -0.00070213 -0.00055361 -0.000502884 -0.000696637 -0.000714674 -0.000716605 -0.000719171 -0.000718989 -0.000723636 -0.000571589 -0.000672784 -0.000626455 -0.000625028 -0.000652736 -0.000628886
0 0 0 0 0 0 0 0 0 0 0 0 0 0 0 0 0 0 0 0 0 0 0 0 0 0 0 0 0 0 0 0 0 0 0 0 0 0 0 0 0 0 0 0 0 0.000663859 0.0007071 0.000644301 0.000682165 0.000709723 0.000667686 0.00048449 0.000599797 0.00053319 0.00058082 0.000664683 -0.000704708 -0.000711487 -0.000712326 -0.000708388 -0.000713433 -0.000706169 -0.000670112 -0.000547541 -0.000677039 -0.000707025 -0.000711742 -0.000714785 -0.000711135 -0.000716824 -0.000578423 -0.000712732 -0.000611611 -0.000578907 -0.000685179 -0.000669956
0 0 0 0 0 0 0 0 0 0 0 0 0 0 0 0 0 0 0 0 0 0 0 0 0 0 0 0 0 0 0 0 0 0 0 0 0 0 0 0 0 0 0 0 0 0 0.000714172 0.000728227 0.000713258 0.000665004 0.000657931 0.000603651 0.000395759 0.000466554 0.000570937 0.000579758 0.000501567 -0.000711247 -0.000710081 -0.000689133 -0.000712358 -0.000702275 -0.000654819 -0.00070073 -0.000659255 -0.000653418 -0.000800884 -0.000810074 -0.000816484 -0.000810105 -0.000823901 -0.000776214 -0.000669953 -0.000544918 -0.00065969 -0.000691754
0 0 0 0 0 0 0 0 0 0 0 0 0 0 0 0 0 0 0 0 0 0 0 0 0 0 0 0 0 0 0 0 0 0 0 0 0 0 0 0 0 0 0 0 0 0 0.000721921 0.000619095 -0.000642187 0.000721954 0.000632588 0.000586917 0.000382553 0.000418313 0.000508537 0.000570297 0.000705717 -0.000471556 -0.000706758 -0.000677732 -0.000704302 -0.000674496 -0.000669456 -0.000793808 -0.000802539 -0.000467886 -0.000753364 -0.000792721 -0.000817638 -0.000807235 -0.000780466 -0.000782108 -0.000788637 -0.000777455 -0.000592069 -0.000715094
0 0 0 0 0 0 0 0 0 0 0 0 0 0 0 0 0 0 0 0 0 0 0 0 0 0 0 0 0 0 0 0 0 0 0 0 0 0 0 0 0 0 0 0 0 0 0.000725902 0.000613229 -0.000552955 0.00072733 0.000730444 0.000729745 0.000432921 0.000369622 0.00060945 0.000619192 0.000704874 0.000659331 -0.000695388 -0.000748079 -0.000808043 -0.000677321 -0.000781687 -0.00079773 -0.000775418 -0.000684699 -0.000545888 -0.000779484 -0.000752826 -0.000700477 -0.000780636 -0.00076557 -0.000805553 -0.000828429 -0.000784871 -0.00081246
0 0 0 0 0 0 0 0 0 0 0 0 0 0 0 0 0 0 0 0 0 0 0 0 0 0 0 0 0 0 0 0 0 0 0 0 0 0 0 0 0 0 0 0 0 0.000727241 0.000724866 0.000648447 0.000619218 0.000722514 0.000728417 0.000724631 0.000593056 0.000552379 0.00051296 0.000606906 0.000614345 0.000625859 -0.000780528 -0.000798573 -0.000789925 -0.000698401 -0.000777012 -0.000793402 -0.000756059 -0.000699293 -0.000698077 -0.000769175 -0.00053472 -0.000734526 -0.000800338 -0.000791355 -0.000805341 -0.000745205 -0.000821249 -0.000847238
0 0 0 0 0 0 0 0 0 0 0 0 0 0 0 0 0 0 0 0 0 0 0 0 0 0 0 0 0 0 0 0 0 0 0 0 0 0 0 0 0 0 0 0 0.000489571 0.000681352 0.000725476 0.000696194 0.000656782 0.000722742 0.000715221 0.000718737 0.000617746 0.000562335 0.000430297 0.000639034 0.00063645 0.00059301 -0.000765211 -0.000807159 -0.000756844 -0.000764084 -0.000769856 -0.000779646 -0.000747539 -0.000746324 -0.00062604 -0.000814652 -0.000557804 -0.000743213 -0.000735263 -0.00078534 -0.000815645 -0.000780175 -0.000783324 -0.000758799
0 0 0 0 0 0 0 0 0 0 0 0 0 0 0 0 0 0 0 0 0 0 0 0 0 0 0 0 0 0 0 0 0 0 0 0 0 0 0 0 0 0.000594068 -0.00054392 0.000682992 0.000580161 0.000521991 0.00072551 0.000723278 0.000666866 0.000724355 0.000701335 0.00068944 0.000636673 0.000579678 0.000479895 0.000682136 0.000672113 0.000374985 -0.000767471 -0.000800449 -0.000753683 -0.000763122 -0.000788531 -0.000758545 -0.000728446 -0.000720207 -0.00078207 -0.000803401 -0.000599932 -0.000688446 -0.000740822 -0.000759935 -0.000796533 -0.000829433 -0.00111369 0.00108925
0 0 0 0 0 0 0 0 0 0 0 0 0 0 0 0 0 0 0 0 0 0 0 0 0 0 0 0 0 0 0 0 0 0 0 0.000692456 -0.000538316 -0.00056577 -0.000682175 -0.000721946 0.000704033 0.000463608 0.000673584 -0.000404292 0.000727803 0.000547153 0.000566922 0.000711824 0.000703492 0.000708323 0.000715512 0.000686507 0.000472671 0.000623592 0.000701994 0.000691455 0.000707042 0.000463345 -0.000770414 -0.000789854 -0.000720279 -0.000795805 -0.000752567 -0.000799591 -0.000750337 0.000579784 -0.000793361 -0.000778173 -0.000639873 -0.000740141 -0.000745469 -0.000740693 -0.000745065 -0.00104513 -0.000972667 0.00108959
0 0 0 0 0 0 0 0 0 0 0 0 0 0 0 0 0 0 0 0 0 0 0 0 0 0 0 0 0 0 0 -0.000611138 -0.000687151 0.000368145 0.000657089 0.000692063 -0.00057733 0.000474971 -0.000703046 -0.000712103 0.000695517 0.000488291 0.000686509 0.000712753 0.00071686 0.000721744 0.000655135 0.00059749 0.000692028 0.000636889 0.000719295 0.000644504 0.000611212 0.000581204 0.000693847 0.000700169 0.000785912 -0.000618645 -0.000777664 -0.000785561 -0.00073147 -0.000753775 -0.000808144 -0.000737271 -0.00058662 -0.000797302 -0.000697096 -0.000768439 -0.000750317 -0.000741899 -0.000752374 -0.000740038 -0.00104871 -0.000908027 0.00109738 0.00103113
0 0 0 0 0 0 0 0 0 0 0 0 0 0 0 0 0 0 0 0 0 0 0 0 0 0 0 0 0 0 -0.00120042 -0.00071418 -0.000669582 0.00052421 0.000696525 0.00068653 -0.000497665 0.000404211 -0.000706542 -0.000684386 0.000681944 0.000645015 0.000600627 0.000720292 0.000724078 0.000709955 0.00070124 0.000720249 0.000595056 0.000640706 0.000719334 0.000717871 0.000670743 0.000586775 0.000670056 0.000704759 0.000770865 -0.000795304 -0.000799412 -0.000784892 -0.000749273 -0.000801601 -0.000753109 -0.00066807 -0.000614076 -0.000812261 -0.000674402 -0.000747195 -0.000709897 -0.000660262 -0.000696594 -0.00107764 0.00101807 -0.00110295 0.00107582 0.0010657
0 0 0 0 0 0 0 0 0 0 0 0 0 0 0 0 0 0 0 0 0 0 0 0 0 0 0 0 0 -0.000701602 -0.000644208 -0.00071403 -0.000565933 0.000648204 0.000684218 0.000658036 -0.000582812 -0.000532579 -0.000679722 -0.000530917 0.000619841 0.000685872 0.000658787 0.000725192 0.000723157 0.000723857 0.000678145 0.000713682 0.000634907 0.000625838 0.000716146 0.000703803 0.000713214 0.000592165 0.000714912 0.000795027 -0.0012334 -0.000804042 -0.000751036 -0.000788435 -0.000806888 -0.000796224 -0.000629663 0.000433376 -0.000771384 -0.000789904 -0.000733184 -0.000712989 -0.00067337 -0.000640369 -0.000626638 -0.000714956 0.000995775 -0.000887481 0.000704107 0.00109597
0 0 0 0 0 0 0 0 0 0 0 0 0 0 0 0 0 0 0 0 0 0 0 0 0 0 0 0 0 -0.000908482 -0.000679134 -0.000709766 -0.000565638 0.000638315 0.000697446 0.000633291 -0.000633489 0.000442681 -0.000603702 0.000540919 0.00055238 0.000654222 0.000722976 0.000706657 0.000713279 0.000717763 0.000710569 0.000517973 0.00065373 0.000716992 0.00071294 0.000707645 0.000714536 0.000708372 0.000738277 0.000722929 -0.000600059 -0.000803195 -0.000546683 -0.000803911 -0.000807041 -0.000749852 -0.000630567 0.00041505 -0.000810017 -0.000792186 -0.000783361 -0.000757317 -0.000611354 -0.000488269 -0.00102226 0.00102369 0.00102475 -0.000624024 0.000607651 -0.000790941
0 0 0 0 0 0 0 0 0 0 0 0 0 0 0 0 0 0 0 0 0 0 0 0 0 0 0 0 -0.000634726 -0.000613606 -0.000687636 -0.000647359 -0.000641366 0.000634517 0.000702645 0.000433328 -0.000655186 0.000630492 -0.00051266 0.000631146 0.000593166 0.000515156 0.000715912 0.000706081 0.000721931 0.000719324 0.000667166 0.000620552 0.000706068 0.000716118 0.000669505 0.000594963 0.000710532 0.000808388 0.000801933 0.00073943 0.000803169 -0.000803405 -0.000731618 -0.000806065 -0.000797747 -0.000765327 0.00068001 -0.000660744 -0.000809944 -0.000804752 -0.000811974 -0.000768984 -0.000720917 -0.000576111 -0.000781427 0.000935403 0.000803974 0.00067514 -0.000809393 -0.000739584
0 0 0 0 0 0 0 0 0 0 0 0 0 0 0 0 0 0 0 0 0 0 0 0 0 0 0 0 -0.000724609 -0.000714202 -0.00078338 -0.000640654 -0.000724534 0.00069363 0.000792426 -0.0007027 -0.000621653 0.000702511 -0.000489836 0.000639682 0.000697359 0.000480989 0.000721367 0.000719705 0.000721822 0.000711777 0.000754414 0.000749023 0.000808484 0.000810551 0.000685441 -0.000640229 0.00066036 0.000789053 0.000807476 0.000800784 0.000742724 -0.000621674 -0.00078284 -0.000804429 -0.000807854 -0.000787942 -0.000674928 -0.000776391 0.000408064 -0.00067244 -0.000804037 -0.000752739 -0.000759011 -0.000506328 -0.000742685 0.000973744 0.000758554 0.000675281 -0.000811763 -0.000796772
0 0 0 0 0 0 0 0 0 0 0 0 0 0 0 0 0 0 0 0 0 0 0 0 0 0 0 0 -0.00088619 -0.000725404 -0.000794062 -0.000590008 -0.000702208 0.000570458 0.000794409 -0.000764281 -0.000564239 0.000713048 0.00062793 0.000660645 0.000711163 0.000673191 0.00071062 0.000697189 0.000718441 0.000794344 0.000809535 0.000782145 0.000780819 0.000797122 0.000798017 -0.000617389 -0.000796803 0.000807132 0.000787745 0.000803807 0.000783898 0.000794052 -0.000805043 -0.000807814 -0.000806135 -0.000762912 -0.000457144 0.000795802 0.000773391 -0.00066529 -0.000673597 0.000782109 0.000516357 -0.000423907 -0.000688517 0.000791186 0.000799295 -0.000702392 -0.000467474 -0.000787273
0 0 0 0 0 0 0 0 0 0 0 0 0 0 0 0 0 0 0 0 0 0 0 0 0 0 0 0 -0.000678463 -0.000622141 -0.000724751 -0.000565352 -0.000716687 -0.000566434 0.000605229 -0.000742061 0.000503543 0.000807729 0.000809015 0.000715361 0.000690489 0.000709482 0.000528018 0.000664129 0.000785299 0.000799917 0.000816515 0.000801921 0.000768459 0.00076726 0.000796751 0.000635255 -0.000805264 -0.000581513 0.00078818 0.00080038 0.00080081 0.000737559 -0.000776506 -0.000805609 -0.000798709 -0.000801621 0.000714019 0.000796051 -0.000779473 -0.000589946 -0.000573672 -0.000780371 0.000638693 0.000774453 -0.000742828 0.000745436 -0.000720964 -0.000432346 -0.000340841 -0.000780736
0 0 0 0 0 0 0 0 0 0 0 0 0 0 0 0 0 0 0 0 0 0 0 0 0 0 0 0 -0.000515366 -0.000516512 -0.000664413 -0.000530734 -0.000621604 -0.000433689 -0.000475394 -0.000751255 0.000553454 0.000799549 0.000779157 0.000791255 0.000704652 0.000698158 0.000686512 -0.000637596 0.000686791 0.000813118 0.000786299 0.000775999 0.000807162 0.000764258 0.000779353 0.000806148 -0.000796616 -0.000793216 0.000791735 0.000777313 0.00078643 -0.000777538 -0.000788241 -0.000762059 -0.000675592 -0.000568689 0.00080296 -0.00057577 -0.000749851 -0.000616125 -0.000456552 -0.000694677 -0.000473322 0.00071482 0.000789314 -0.000797367 -0.000752638 -0.000447697 -0.000256867 -0.000536794
0 0 0 0 0 0 0 0 0 0 0 0 0 0 0 0 0 0 0 0 0 0 0 0 0 0 0 0 0 0.00071483 0.00139712 -0.000520248 -0.000501822 0.000420801 -0.000692688 -0.000770909 0.000661289 0.000808132 0.000785982 0.000750806 0.000803641 0.000707832 0.000699526 -0.000459151 0.000745244 0.000774565 0.000807744 0.00080619 0.000747664 0.000805478 0.000770228 0.000794554 -0.000627125 -0.000801933 0.000669705 0.000795975 0.000793492 -0.000801623 -0.000802967 -0.000464485 -0.000540142 0.000794248 -0.000625338 -0.000780952 -0.000777817 -0.000726937 -0.000459105 -0.000650265 -0.000606483 -0.000694068 0.000807489 -0.000701231 -0.000786836 -0.000726572 -0.000298526 -0.000461826
0 0 0 0 0 0 0 0 0 0 0 0 0 0 0 0 0 0 0 0 0 0 0 0 0 0 0 0 0 0.000785982 0.000758911 0.000446123 0.000704076 -0.000719095 -0.000796828 -0.000789152 0.000714451 0.000809281 0.000787287 0.0007636 0.00078991 0.000628643 0.000595882 -0.000600051 0.000796843 0.000777695 0.000769508 0.000785509 0.000808239 0.000796094 0.000793042 0.000780719 0.000706466 -0.000765152 0.000612757 0.000800691 0.0007737 -0.000795452 -0.000786187 -0.000724106 0.00113778 -0.000722851 -0.000800751 -0.000796625 -0.000782341 -0.000754753 -0.000624005 -0.00055809 -0.00062529 -0.000631331 -0.000810507 -0.000645641 -0.000576911 -0.000775953 -0.000718531 -0.000539924
0 0 0 0 0 0 0 0 0 0 0 0 0 0 0 0 0 0 0 0 0 0 0 0 0 0 0 0 0 0.000798586 0.000798312 0.000720173 0.000713692 -0.000754775 -0.000800086 -0.000790223 0.000781391 0.000801977 0.000794325 0.000778467 0.000755351 0.000778302 -0.000766965 -0.00077547 0.000806993 0.00080837 0.00074211 0.000807722 0.000775562 0.0007935 0.00080157 0.000795982 0.000734194 0.000530915 0.000734805 0.000732415 -0.000764207 -0.000765247 -0.000636374 -0.000739236 -0.000799402 -0.00079 -0.000802448 -0.000805718 -0.000790598 -0.000788013 -0.000741375 -0.000556871 -0.000664812 -0.0004341 -0.000703189 -0.00079304 -0.000792625 -0.000714135 -0.000788227 -0.000750486
0 0 0 0 0 0 0 0 0 0 0 0 0 0 0 0 0 0 0 0 0 0 0 0 0 0 0 0 0.000712708 0.000780517 0.000787901 0.000799168 0.000738476 -0.000793676 -0.000794364 -0.000787322 0.000740097 0.000805633 0.000729868 0.00078265 0.00078503 0.000797666 -0.000804311 -0.000769356 0.000787623 0.000783782 0.000800969 0.000777432 0.000790651 0.000798975 0.00079707 0.000799785 0.000749067 0.000701018 0.00056189 -0.000765618 -0.000798845 -0.00079287 -0.000715869 -0.000790278 -0.000800284 -0.000803373 -0.000802275 -0.000804776 -0.000802135 -0.000805548 -0.000802895 -0.000685402 -0.000464669 -0.000389062 -0.000579999 -0.00075235 -0.000803255 -0.000784965 -0.000769802 -0.000698856
0 0 0 0 0 0 0 0 0 0 0 0 0 0 0 0 0 0 0 0 0 0 0 0 0 -0.000639791 -0.000740997 -0.000676683 0.000709949 0.000742219 0.000767268 0.000797261 0.000600964 -0.00079087 -0.000802865 -0.000669308 0.00070143 0.000770731 0.000728107 0.000728984 0.000780116 0.000801044 -0.000733233 -0.000780652 0.000615877 0.00080103 0.000800553 0.000774239 0.000803034 0.000777656 0.000796947 0.000743702 0.000710366 -0.000552005 -0.000765036 -0.000776918 -0.000789694 -0.000799948 -0.000788859 -0.000798364 -0.000801178 -0.000798245 -0.000804811 -0.000803661 -0.000805419 -0.000768856 -0.000782053 -0.000717305 -0.000458121 -0.000323413 -0.000738346 -0.000626249 -0.000591299 -0.000705301 -0.000765786 -0.000607253
0 0 0 0 0 0 0 0 0 0 0 0 0 0 0 0 0 0 0 0 0 0 0 -0.00114033 -0.000654317 -0.000761877 -0.000719311 -0.00070638 0.000758198 0.000769155 0.000759563 0.000797519 -0.000482617 -0.000781956 -0.00080099 0.000648969 0.000767921 -0.000508871 0.000787324 0.000718825 0.000744463 0.000790054 0.000552119 -0.000773866 0.000591529 0.000786333 0.000800964 0.000801345 0.000800973 0.000768726 0.000762334 0.000697179 0.00061867 -0.000791349 -0.00079703 -0.000798707 -0.000736432 -0.00078515 -0.000792813 -0.000784668 -0.000791493 -0.000800139 -0.000802725 -0.00080544 -0.000768733 -0.000800049 -0.00072349 -0.000644025 -0.000542155 -0.000398238 -0.000693088 -0.000630912 -0.000442378 -0.000651645 -0.000709295 -0.000675051
0 0 0 0 0 0 0 0 0 0 0 0 0 0 0 0 -0.00112485 -0.000922641 -0.000719726 -0.000775428 -0.000785344 -0.000745602 -0.000644132 0.000577705 0.000557599 -0.000686105 -0.000716931 -0.00073095 0.000784142 0.000787054 0.000774623 0.000793274 -0.000783458 -0.000800012 -0.000801628 0.000682777 0.000802561 0.000618908 0.000765435 0.000773658 0.000737318 0.000742501 0.000798499 -0.00061212 0.000449178 0.000678652 0.000768723 0.000801481 0.000797692 0.000783307 0.00071294 0.000667639 -0.000783758 -0.000798165 -0.000785189 -0.000792154 -0.000698862 -0.000733325 -0.000781466 -0.000768685 -0.000790307 -0.000800982 -0.000795398 -0.000790078 -0.000805939 -0.000806633 -0.000754628 -0.000509677 -0.000374672 -0.000531413 -0.000672345 -0.000786865 -0.000724898 -0.000628972 -0.000714863 -0.000688411
0 0 0 0 0 0 0 0 0 0 0 0 0 -0.000411395 -0.000583898 -0.000699232 -0.000875102 -0.000713778 -0.000757338 -0.000744192 -0.000787178 -0.000788771 -0.000705651 -0.000563255 0.000670108 0.000564579 -0.000503105 -0.000662 0.000770861 0.000794828 0.000768981 0.000796889 -0.000714811 -0.000794321 -0.000792034 -0.000445036 0.000800637 0.00080216 0.00068749 0.00077694 0.000744864 0.000782974 0.000766716 0.000764239 0.000578098 -0.00059991 0.000661172 0.000771727 0.000796235 0.00077569 0.000736615 -0.000531702 -0.0007921 -0.000778856 -0.000761273 -0.000777136 -0.000749548 -0.000741647 -0.00071678 -0.000790809 -0.00078877 -0.000776547 -0.000783513 -0.000804691 -0.000797847 -0.000809133 -0.000794307 -0.00059246 -0.000359386 -0.000471289 -0.000670846 -0.000730087 -0.000773939 -0.000732687 -0.000746147 -0.000522405
0 0 0 0 0 0 0 0 0 0 0 0 -0.000527248 -0.000765799 -0.00083568 -0.000757537 -0.000615101 -0.000738244 -0.000756985 -0.000756257 -0.000784192 -0.000789256 -0.000781854 -0.000650881 0.000640501 0.000613703 0.00122415 0.000616301 0.000779436 0.00079804 0.000784075 0.000780494 0.000640259 -0.000797872 -0.000768454 -0.000658845 0.000797625 0.000783817 0.000764305 0.000739478 0.000799408 0.000796805 0.000794907 0.000781874 0.000762224 0.000538532 0.000717322 0.000687953 0.000723176 0.0007845 0.000713807 -0.000795419 -0.000767159 -0.000773641 -0.000770976 -0.000782413 -0.000803532 -0.000671491 -0.000712669 -0.000791167 -0.000786381 -0.000797991 -0.000772182 -0.000717024 -0.000811559 -0.000806311 -0.000808936 -0.000621354 -0.000318249 -0.000512465 -0.00072704 -0.00072946 -0.000712346 -0.000647904 -0.000797009 -0.000764265
