Outputs/initial_cond/u_50m.asc
ncols 201
nrows 183
xllcorner 528645
yllcorner 5.07688e+06
cellsize 50
NODATA_value -9999
[rows 34 to 67 of 183, columns 76 to 151 of 201]
9.14701e-06 8.64661e-06 8.55055e-06 8.67437e-06 8.88411e-06 8.77216e-06 8.2848e-06 8.63233e-06 8.12612e-06 8.64919e-06 8.16042e-06 7.80049e-06 7.90293e-06 6.36914e-06 5.9223e-06 7.17235e-06 7.54141e-06 6.86633e-06 6.21907e-06 9.37841e-06 8.42358e-06 -7.52922e-06 -6.83685e-06 -5.70276e-06 -5.95499e-06 -6.17107e-06 -6.3714e-06 -6.13111e-06 -5.31804e-06 -4.63587e-06 0 0 0 0 0 0 0 0 0 0 0 0 0 0 0 0 0 0 0 0 0 0 0 0 0 0 0 0 0 0 0 0 0 0 0 0 0 0 0 0 0 0 0 0 0 0
9.901e-06 8.99356e-06 9.09451e-06 8.26723e-06 8.3254e-06 8.44801e-06 8.45922e-06 8.46576e-06 8.4305e-06 8.50396e-06 8.3834e-06 8.31099e-06 7.52549e-06 7.86041e-06 7.08464e-06 -2.47e-05 6.47529e-06 7.21322e-06 5.86536e-06 9.41083e-06 7.98987e-06 -5.11446e-06 -6.79027e-06 -6.18916e-06 -5.43904e-06 -5.68844e-06 -6.0343e-06 -6.07301e-06 -4.79318e-06 -5.10161e-06 -3.84966e-06 1.90759e-05 1.94492e-07 0 0 0 0 0 0 0 0 0 0 0 0 0 0 0 0 0 0 0 0 0 0 0 0 0 0 0 0 0 0 0 0 0 0 0 0 0 0 0 0 0 0 0
-6.17491e-06 9.12423e-06 9.54981e-06 7.62725e-06 8.23296e-06 8.49935e-06 8.52263e-06 8.52426e-06 8.41266e-06 8.44876e-06 7.78151e-06 7.73854e-06 7.91043e-06 7.25284e-06 7.74632e-06 -6.6769e-06 -7.05747e-06 7.10197e-06 8.40395e-06 9.45039e-06 6.50674e-06 -3.95625e-06 -6.68417e-06 -5.16805e-06 -5.67899e-06 -6.38716e-06 -6.24332e-06 -5.72131e-06 -5.13047e-06 -5.28611e-06 -4.37213e-06 -3.8481e-06 0 0 0 0 0 0 0 0 0 0 0 0 0 0 0 0 0 0 0 0 0 0 0 0 0 0 0 0 0 0 0 0 0 0 0 0 0 0 0 0 0 0 0 0
-9.43519e-06 -9.53058e-06 8.07832e-06 8.71123e-06 8.96016e-06 7.81898e-06 8.20407e-06 8.2811e-06 8.3726e-06 8.47086e-06 8.1823e-06 7.89758e-06 7.12667e-06 6.98477e-06 7.45996e-06 7.61718e-06 4.6231e-06 6.95574e-06 8.64996e-06 9.53852e-06 2.93553e-05 -5.56322e-06 -6.59356e-06 -5.30205e-06 -3.91866e-06 -6.146e-06 -5.09718e-06 -6.08615e-06 -5.82786e-06 -5.36335e-06 -5.0032e-06 -3.71832e-06 -5.42864e-06 0 0 0 0 0 0 0 0 0 0 0 0 0 0 0 0 0 0 0 0 0 0 0 0 0 0 0 0 0 0 0 0 0 0 0 0 0 0 0 0 0 0 0
-9.52797e-06 -9.24158e-06 -8.92189e-06 9.23618e-06 8.70911e-06 8.30034e-06 8.43867e-06 8.67254e-06 8.69196e-06 8.40934e-06 8.27836e-06 7.33473e-06 6.6535e-06 7.26634e-06 7.63104e-06 7.61472e-06 6.86551e-06 7.33694e-06 9.68838e-06 9.2451e-06 4.77413e-06 -5.53068e-06 -6.55192e-06 -5.06354e-06 -4.0446e-06 -5.8101e-06 -6.29925e-06 -5.97576e-06 -5.45572e-06 -5.56371e-06 -5.63211e-06 -5.28608e-06 -3.627e-06 -4.84555e-06 0 0 0 0 0 0 0 0 0 0 0 0 0 0 0 0 0 0 0 0 0 0 0 0 0 0 0 0 0 0 0 0 0 0 0 0 0 0 0 0 0 0
-8.55554e-06 -9.2659e-06 -7.59933e-06 -9.21916e-06 8.8283e-06 5.56852e-06 7.49515e-06 8.65707e-06 7.88657e-06 5.66405e-06 -7.88156e-06 8.32984e-06 5.53259e-06 6.38767e-06 7.78613e-06 7.63677e-06 6.66492e-06 8.52278e-06 9.34509e-06 8.11387e-06 -2.93919e-05 -5.7818e-06 -6.64426e-06 -5.39779e-06 -4.84626e-06 -5.88179e-06 -5.72575e-06 -5.46632e-06 -5.31556e-06 -5.40995e-06 -5.61679e-06 -5.22054e-06 -4.76873e-06 -4.30687e-06 -4.56203e-06 0 0 0 0 0 0 0 0 0 0 0 0 0 0 0 0 0 0 0 0 0 0 0 0 0 0 0 0 0 0 0 0 0 0 0 0 0 0 0 0 0
-8.28654e-06 -8.57679e-06 -8.13152e-06 -8.49081e-06 8.58834e-06 7.09491e-06 8.49145e-06 7.91254e-06 8.47276e-06 6.18006e-06 -8.21094e-06 8.09857e-06 7.75722e-06 7.36088e-06 7.72054e-06 7.3484e-06 6.43379e-06 8.94917e-06 8.79983e-06 7.69701e-06 -5.89458e-06 -6.31052e-06 -6.57783e-06 -5.76149e-06 -5.4056e-06 -5.66133e-06 -5.72071e-06 -5.42166e-06 -5.25575e-06 -4.91359e-06 -5.26585e-06 -4.89834e-06 -5.16377e-06 -4.95591e-06 -4.20585e-06 -4.67093e-06 0 0 0 0 0 0 0 0 0 0 0 0 0 0 0 0 0 0 0 0 0 0 0 0 0 0 0 0 0 0 0 0 0 0 0 0 0 0 0 0
8.05992e-06 -5.24015e-06 -9.0028e-06 -8.12201e-06 8.87587e-06 8.88934e-06 8.7883e-06 8.66015e-06 8.32977e-06 8.23405e-06 -7.57909e-06 8.01511e-06 7.92817e-06 7.67884e-06 7.34296e-06 7.46918e-06 8.78532e-06 7.94645e-06 9.35374e-06 6.34694e-06 -7.00231e-06 -6.67491e-06 -6.3257e-06 -6.49446e-06 -5.99739e-06 -6.17649e-06 -5.75055e-06 -5.81309e-06 -5.24162e-06 -4.26942e-06 -4.35708e-06 -4.90716e-06 -4.80404e-06 -4.779e-06 -4.14249e-06 -4.5432e-06 -4.62257e-06 0 0 0 0 0 0 0 0 0 0 0 0 0 0 0 0 0 0 0 0 0 0 0 0 0 0 0 0 0 0 0 0 0 0 0 0 0 0 0
8.41273e-06 6.48004e-06 6.53934e-06 -5.57489e-06 7.13595e-06 8.58059e-06 8.7522e-06 8.61612e-06 8.43691e-06 8.2871e-06 7.4081e-06 6.49597e-06 7.80369e-06 7.76477e-06 -7.05014e-06 7.39687e-06 7.92345e-06 8.37464e-06 1.99278e-05 -2.85684e-05 -5.85336e-06 -6.13895e-06 -5.28544e-06 -6.40507e-06 -6.39903e-06 -6.30533e-06 -5.37046e-06 -5.62268e-06 -5.67409e-06 -5.32128e-06 -4.35295e-06 -4.68799e-06 -4.60055e-06 -3.68819e-06 -3.94887e-06 -4.79326e-06 -4.43757e-06 -4.58777e-06 0 0 0 0 0 0 0 0 0 0 0 0 0 0 0 0 0 0 0 0 0 0 0 0 0 0 0 0 0 0 0 0 0 0 0 0 0 0
7.75287e-06 6.31217e-06 7.53247e-06 7.05312e-06 8.52264e-06 8.4121e-06 8.6681e-06 8.3122e-06 8.31465e-06 7.10722e-06 7.95773e-06 7.78135e-06 7.82421e-06 6.04307e-06 -7.4937e-06 7.19974e-06 8.68295e-06 8.6624e-06 1.78561e-05 -5.24306e-06 -4.83663e-06 -6.60052e-06 -4.69373e-06 -5.84694e-06 -6.14797e-06 -6.18546e-06 -4.93912e-06 -5.49397e-06 -5.3389e-06 -4.41001e-06 -5.29124e-06 -4.31727e-06 -4.87544e-06 -3.56593e-06 -4.36738e-06 -4.44731e-06 -4.06629e-06 -4.08828e-06 -4.49954e-06 0 0 0 0 0 0 0 0 0 0 0 0 0 0 0 0 0 0 0 0 0 0 0 0 0 0 0 0 0 0 0 0 0 0 0 0 0
8.91393e-06 4.75031e-06 7.40313e-06 8.04794e-06 8.646e-06 8.74591e-06 8.61144e-06 8.52666e-06 8.36372e-06 7.72346e-06 8.04948e-06 7.88903e-06 7.80147e-06 4.59274e-06 -9.79029e-06 7.1949e-06 8.28937e-06 2.02085e-05 7.30378e-05 -4.81546e-06 -5.81014e-06 -5.06129e-06 -6.56375e-06 -6.5161e-06 -6.14392e-06 -6.0067e-06 -4.6541e-06 -4.76195e-06 -5.75711e-06 -5.41735e-06 -5.66487e-06 -4.49435e-06 -5.09098e-06 -4.72278e-06 -4.22372e-06 -4.14412e-06 -4.00836e-06 -3.81785e-06 -4.14061e-06 -4.28858e-06 0 0 0 0 0 0 0 0 0 0 0 0 0 0 0 0 0 0 0 0 0 0 0 0 0 0 0 0 0 0 0 0 0 0 0 0
9.30068e-06 -5.07703e-06 3.19431e-05 7.5115e-06 8.70736e-06 8.5274e-06 8.24121e-06 8.1917e-06 8.16775e-06 8.13537e-06 8.03502e-06 7.94218e-06 7.7034e-06 5.99825e-06 6.20465e-06 8.71405e-06 8.90298e-06 1.5378e-05 3.9485e-05 -2.70018e-05 -6.51373e-06 -3.9225e-06 -5.2817e-06 -6.39743e-06 -5.62924e-06 -6.22573e-06 -5.05813e-06 -5.39346e-06 -5.63029e-06 -5.65798e-06 -5.66409e-06 -5.12429e-06 -4.92829e-06 -4.69416e-06 -3.96946e-06 -4.44586e-06 -4.56482e-06 -3.86131e-06 -3.65202e-06 -4.34996e-06 -4.13149e-06 0 0 0 0 0 0 0 0 0 0 0 0 0 0 0 0 0 0 0 0 0 0 0 0 0 0 0 0 0 0 0 0 0 0 0
9.36227e-06 -5.44845e-06 -8.19951e-06 7.03406e-06 8.78583e-06 8.68556e-06 7.9845e-06 7.94565e-06 8.15922e-06 8.18093e-06 8.03449e-06 7.86485e-06 6.02258e-06 5.56495e-06 5.426e-06 -5.98031e-05 7.42183e-05 1.08946e-05 6.73288e-05 9.95167e-06 -6.24338e-06 -3.27898e-06 -5.68862e-06 -6.58364e-06 -6.44681e-06 -5.37553e-06 -6.26771e-06 -6.0718e-06 -5.49742e-06 -5.62095e-06 -5.57612e-06 -5.26237e-06 -4.60072e-06 -4.35192e-06 -4.6544e-06 -3.74811e-06 -4.69796e-06 -4.28565e-06 -3.61426e-06 -4.30952e-06 -4.17472e-06 0 0 0 0 0 0 0 0 0 0 0 0 0 0 0 0 0 0 0 0 0 0 0 0 0 0 0 0 0 0 0 0 0 0 0
9.15034e-06 -2.19608e-05 -8.95452e-06 -7.2928e-06 8.11577e-06 8.76802e-06 7.86169e-06 7.47001e-06 7.8165e-06 8.09087e-06 7.82954e-06 6.26651e-06 5.11373e-06 5.12333e-06 1.66221e-05 -2.82844e-05 1.1381e-05 -1.06837e-05 -1.24956e-05 -4.11406e-06 -5.2638e-06 -4.55403e-06 -5.44261e-06 -6.02681e-06 -6.13507e-06 -4.9795e-06 -6.32511e-06 -5.17406e-06 -6.00413e-06 -5.71048e-06 -5.47064e-06 -5.30927e-06 -4.33414e-06 -3.5056e-06 -4.98392e-06 -3.81536e-06 -4.78607e-06 -4.42939e-06 -3.9044e-06 -4.19382e-06 -4.20889e-06 -4.04617e-06 0 0 0 0 0 0 0 0 0 0 0 0 0 0 0 0 0 0 0 0 0 0 0 0 0 0 0 0 0 0 0 0 0 0
9.28782e-06 -8.02777e-06 -9.01358e-06 -7.98866e-06 6.8303e-06 8.75155e-06 8.04286e-06 7.50908e-06 7.24705e-06 8.15441e-06 6.49076e-06 5.51123e-06 5.18957e-06 4.5107e-06 3.94627e-05 1.17397e-05 -1.34432e-05 -1.28239e-05 -5.99033e-06 -6.7155e-06 -6.43898e-06 -4.97528e-06 -5.30287e-06 -6.09839e-06 -5.71857e-06 -3.78255e-06 -6.15818e-06 -5.89e-06 -5.97967e-06 -5.85701e-06 -5.66603e-06 -5.16459e-06 -4.36501e-06 -3.79106e-06 -4.31959e-06 -4.33258e-06 -4.46206e-06 -4.57024e-06 -4.21508e-06 -4.03868e-06 -4.23697e-06 -4.0734e-06 -3.88913e-06 0 0 0 0 0 0 0 0 0 0 0 0 0 0 0 0 0 0 0 0 0 0 0 0 0 0 0 0 0 0 0 0 0
9.37616e-06 -8.11781e-06 -8.99728e-06 -8.70655e-06 -6.44165e-06 8.15976e-06 7.47116e-06 8.02683e-06 7.80584e-06 8.097e-06 5.92749e-06 5.55579e-06 5.13286e-06 5.15961e-06 1.26318e-05 -6.9998e-05 -1.4155e-05 -1.84402e-05 -6.90187e-06 -5.03926e-06 6.23151e-06 -5.8675e-06 -5.90301e-06 -6.20821e-06 -5.89113e-06 -4.17801e-06 -5.25574e-06 -6.22375e-06 -6.05733e-06 -5.89699e-06 -5.70708e-06 -5.34153e-06 -4.27062e-06 -4.47684e-06 -4.46347e-06 -4.24899e-06 -4.47168e-06 -4.30169e-06 -4.06648e-06 -4.18553e-06 -4.25527e-06 -4.10464e-06 -3.94458e-06 -3.69576e-06 0 0 0 0 0 0 0 0 0 0 0 0 0 0 0 0 0 0 0 0 0 0 0 0 0 0 0 0 0 0 0 0
9.08091e-06 -6.45351e-06 -9.00925e-06 -8.92544e-06 -8.86708e-06 8.65717e-06 7.13133e-06 7.60456e-06 8.20567e-06 7.51433e-06 1.86786e-05 1.63324e-05 1.54661e-05 1.4095e-05 1.29741e-05 -2.39696e-05 -1.77522e-05 -7.04493e-06 -6.74517e-06 -4.51903e-06 5.01851e-06 6.4405e-06 -5.70824e-06 -5.89628e-06 -5.42622e-06 -5.12402e-06 -5.3934e-06 -5.98073e-06 -5.81278e-06 -5.7835e-06 -5.7692e-06 -5.33571e-06 -4.83844e-06 -4.33245e-06 -4.54296e-06 -4.04446e-06 -4.63421e-06 -4.63545e-06 -5.6297e-06 -5.71547e-06 -5.66012e-06 -4.09613e-06 -3.93035e-06 -3.82305e-06 -3.33878e-06 0 0 0 0 0 0 0 0 0 0 0 0 0 0 0 0 0 0 0 0 0 0 0 0 0 0 0 0 0 0 0
7.56526e-06 -5.55136e-06 -7.93072e-06 -8.84421e-06 -8.49978e-06 8.86943e-06 7.53582e-06 7.32554e-06 8.38856e-06 1.84116e-05 1.82554e-05 1.66158e-05 1.62502e-05 1.61337e-05 6.72614e-05 -1.57059e-05 -7.27266e-06 -6.72558e-06 -6.3186e-06 -3.02336e-06 -5.78918e-06 6.69524e-06 6.70158e-06 -6.42163e-06 -5.72204e-06 -5.42378e-06 -5.51244e-06 -5.42558e-06 -5.53151e-06 -5.63786e-06 -5.52669e-06 -4.93328e-06 -4.91703e-06 -4.51719e-06 -4.39386e-06 -4.66341e-06 -6.18171e-06 -6.34038e-06 -6.0752e-06 -5.91569e-06 -5.53596e-06 -5.46257e-06 -4.92224e-06 -4.93591e-06 -3.6399e-06 -3.07379e-06 0 0 0 0 0 0 0 0 0 0 0 0 0 0 0 0 0 0 0 0 0 0 0 0 0 0 0 0 0 0
9.34979e-06 8.45346e-06 -7.27152e-06 -8.85428e-06 -8.08713e-06 8.28189e-06 7.15031e-06 2.38594e-05 2.33262e-05 1.92253e-05 1.83468e-05 1.71147e-05 1.73495e-05 1.57729e-05 -1.21002e-05 -7.38984e-06 -7.0315e-06 -6.90972e-06 -5.25433e-06 -2.76688e-06 -7.0353e-06 7.12015e-06 5.44233e-06 -5.20773e-06 -6.36035e-06 -5.91359e-06 -5.60745e-06 -5.75401e-06 -5.4665e-06 -5.47506e-06 -5.32015e-06 -4.7788e-06 -4.79343e-06 -4.02364e-06 -5.2301e-06 -5.09434e-06 -6.58451e-06 -6.3815e-06 -6.1321e-06 -5.73998e-06 -5.7233e-06 -4.9516e-06 -5.05368e-06 -4.59402e-06 -4.77614e-06 -3.55485e-06 -2.905e-06 0 0 0 0 0 0 0 0 0 0 0 0 0 0 0 0 0 0 0 0 0 0 0 0 0 0 0 0 0
9.5185e-06 8.69672e-06 2.04259e-05 -8.98191e-06 -8.192e-06 7.79077e-06 2.11805e-05 2.45131e-05 2.06721e-05 1.93064e-05 1.82457e-05 1.75434e-05 1.78429e-05 1.62358e-05 -6.61685e-06 -7.42339e-06 -7.04269e-06 -6.8636e-06 -5.39157e-06 -2.56382e-06 -7.12048e-06 6.65547e-06 6.9311e-06 -5.74869e-06 -6.4901e-06 6.66217e-06 -5.6427e-06 -5.73363e-06 -5.70069e-06 -5.65543e-06 -5.53004e-06 -4.87608e-06 -4.83307e-06 -4.93492e-06 4.51119e-06 -5.03945e-06 -6.57159e-06 -6.38705e-06 -6.11007e-06 -5.91466e-06 -5.34091e-06 -4.9472e-06 -5.05877e-06 -4.82592e-06 -4.44564e-06 -3.33026e-06 -3.41185e-06 0 0 0 0 0 0 0 0 0 0 0 0 0 0 0 0 0 0 0 0 0 0 0 0 0 0 0 0 0
9.67541e-06 2.37947e-05 2.5498e-05 -2.39604e-05 -2.53767e-05 2.52676e-05 2.42525e-05 2.35994e-05 2.09654e-05 2.0096e-05 1.88769e-05 1.87737e-05 1.80513e-05 1.58729e-05 -7.21681e-06 -7.04106e-06 -7.26076e-06 -6.75101e-06 -5.94153e-06 -2.89474e-06 -6.4805e-06 7.12577e-06 -6.81495e-06 -6.46818e-06 6.45114e-06 4.98881e-06 -6.073e-06 -6.14974e-06 -6.14515e-06 -5.84119e-06 -5.49164e-06 -5.23452e-06 -5.57023e-06 -4.31479e-06 -5.52461e-06 -4.98714e-06 -6.5652e-06 -6.20056e-06 -5.97348e-06 -5.64351e-06 -5.02415e-06 -4.92854e-06 -4.9572e-06 -4.89061e-06 -4.77068e-06 -4.70693e-06 -3.35989e-06 0 0 0 0 0 0 0 0 0 0 0 0 0 0 0 0 0 0 0 0 0 0 0 0 0 0 0 0 0
9.70513e-06 2.66979e-05 2.5776e-05 8.94126e-05 -1.89561e-05 1.9389e-05 2.5262e-05 2.27541e-05 2.11629e-05 2.01097e-05 1.97168e-05 1.9546e-05 1.77253e-05 1.62337e-05 -7.21328e-06 -6.80588e-06 -6.65645e-06 -5.84704e-06 -6.95928e-06 -3.97484e-06 -7.21534e-06 -7.08555e-06 -6.74243e-06 -6.81886e-06 -6.63494e-06 -6.62867e-06 -6.28214e-06 -6.05181e-06 -6.13038e-06 -5.96445e-06 -5.91364e-06 -5.74228e-06 -5.43124e-06 3.18841e-06 -5.22625e-06 -4.86827e-06 -5.8155e-06 -5.4978e-06 -5.80711e-06 -5.88776e-06 -5.36896e-06 -5.27518e-06 -5.26459e-06 -5.26387e-06 -5.0699e-06 -4.86204e-06 -4.57386e-06 -2.78857e-06 0 0 0 0 0 0 0 0 0 0 0 0 0 0 0 0 0 0 0 0 0 0 0 0 0 0 0 0
0 0.624777 0.396991 -1.3027e-05 2.03091e-05 2.14417e-05 2.23016e-05 2.20293e-05 2.06513e-05 2.0729e-05 2.02767e-05 1.94031e-05 1.79057e-05 1.53848e-05 -7.29766e-06 -5.33719e-06 -5.06067e-06 -6.27646e-06 -7.03478e-06 -7.27045e-06 -7.05792e-06 -7.11809e-06 6.23117e-06 -6.61043e-06 -6.64122e-06 -6.63244e-06 -6.44049e-06 -6.28286e-06 -6.20482e-06 -6.0503e-06 -5.88478e-06 -5.74772e-06 -5.49198e-06 -5.23167e-06 -5.11403e-06 -4.66331e-06 -5.97991e-06 -4.57198e-06 -5.53289e-06 -5.95473e-06 -5.8443e-06 -5.67847e-06 -5.46241e-06 -5.28661e-06 -5.05175e-06 -4.79201e-06 -4.56869e-06 -4.36719e-06 0 0 0 0 0 0 0 0 0 0 0 0 0 0 0 0 0 0 0 0 0 0 0 0 0 0 0 0
0.0620339 0.398613 0.331141 -6.08726e-05 1.95999e-05 2.0819e-05 2.17155e-05 2.05577e-05 2.05649e-05 2.02502e-05 2.04614e-05 1.97214e-05 1.77954e-05 5.84047e-05 -2.12584e-05 -5.79645e-06 -6.71551e-06 -7.51758e-06 -7.09288e-06 -7.30222e-06 -7.17919e-06 -6.61393e-06 -6.04002e-06 -6.57265e-06 -6.71079e-06 -6.64232e-06 -6.50008e-06 -6.16563e-06 -6.1466e-06 -6.02889e-06 -5.87257e-06 -5.76892e-06 -5.66476e-06 -5.34106e-06 -5.07628e-06 -4.69206e-06 -4.88534e-06 -5.17981e-06 -5.48226e-06 -5.95332e-06 -5.74131e-06 -5.61888e-06 -5.52213e-06 -5.31566e-06 -5.05295e-06 -4.68277e-06 -4.32877e-06 -4.24115e-06 4.34787e-06 2.483e-06 0 0 0 0 0 0 0 0 0 0 0 0 0 0 0 0 0 0 0 0 0 0 0 0 0 0
0.00422087 0.292312 -0.28889 0.0968394 0.0775037 0.0101242 0.000106551 2.1109e-05 2.06889e-05 1.90259e-05 1.94984e-05 1.91443e-05 1.80304e-05 -1.53598e-05 -1.9597e-05 -7.70824e-06 -7.63682e-06 -7.01671e-06 -6.48713e-06 -7.32736e-06 -7.21616e-06 -7.04363e-06 -6.3018e-06 -6.88875e-06 -6.78253e-06 -6.66914e-06 -6.52217e-06 -6.32262e-06 -6.25038e-06 -6.11759e-06 -5.95153e-06 -5.83885e-06 -5.48747e-06 -5.24018e-06 -4.86877e-06 -4.43035e-06 -5.48727e-06 -6.67652e-06 -6.39542e-06 -6.19735e-06 -5.97017e-06 -5.7204e-06 -5.45107e-06 -5.11879e-06 -4.85896e-06 -4.60488e-06 -4.46596e-06 -4.262e-06 -3.73382e-06 0 0 0 0 0 0 0 0 0 0 0 0 1.06322e-06 -7.99581e-07 -9.42004e-07 9.37794e-07 5.74755e-07 -7.70637e-07 0 0 0 0 0 0 0 0 0
2.72235e-05 0.207581 -0.164304 0.124743 0.0480053 0.00261967 2.37657e-05 2.15361e-05 2.03629e-05 1.85064e-05 1.9607e-05 1.80221e-05 1.67659e-05 -1.76988e-05 -6.9541e-06 -7.6715e-06 -7.4487e-06 -6.85794e-06 -6.05908e-06 -6.56823e-06 -6.90072e-06 -7.0008e-06 -7.01028e-06 -6.60291e-06 -6.86978e-06 -6.65694e-06 -6.56871e-06 -6.45382e-06 -6.32856e-06 -6.20813e-06 -6.01117e-06 -5.46891e-06 -5.75074e-06 -5.33389e-06 -4.24577e-06 -4.94442e-06 -6.96975e-06 -6.73969e-06 -6.50062e-06 -6.16289e-06 -5.87151e-06 -5.58073e-06 -5.41044e-06 -5.02838e-06 -5.02133e-06 -4.78837e-06 -4.53438e-06 -4.17399e-06 -4.37713e-06 0 0 0 0 0 0 0 0 0 0 1.5953e-06 1.46215e-06 1.33285e-06 9.78679e-07 -9.58759e-07 9.9011e-07 -6.57427e-07 -7.74539e-07 -7.11123e-07 -6.58842e-07 -5.79003e-07 0 0 0 0 0 0
1.01143e-05 0.111955 -0.0535634 0.0498885 0.00479668 3.95847e-05 2.07486e-05 2.0692e-05 2.09249e-05 1.93399e-05 1.91544e-05 1.80564e-05 1.4849e-05 -1.79683e-05 -7.75213e-06 -7.73741e-06 -7.47723e-06 -7.51931e-06 -7.03914e-06 -5.67342e-06 -5.44449e-06 -7.31014e-06 -7.16612e-06 -6.72434e-06 -6.85735e-06 -6.70849e-06 -6.23855e-06 -6.55575e-06 -6.4135e-06 -6.27745e-06 -6.16203e-06 -5.67648e-06 -5.05878e-06 -5.65318e-06 -5.00632e-06 -5.25667e-06 -6.95826e-06 -6.6196e-06 -6.37371e-06 -6.02471e-06 -5.86233e-06 -5.73655e-06 -5.53634e-06 -5.2695e-06 -4.68821e-06 -4.6517e-06 -4.85623e-06 -4.24518e-06 -4.40484e-06 4.01732e-06 3.7139e-06 3.78035e-06 3.59845e-06 3.2587e-06 2.27872e-06 2.25002e-06 2.0558e-06 1.90437e-06 1.77895e-06 1.64133e-06 1.50657e-06 1.29047e-06 1.2555e-06 -6.50037e-07 1.06602e-06 -6.9201e-07 -7.90973e-07 -7.506e-07 -6.80722e-07 -6.09062e-07 -4.65701e-07 -4.18541e-07 -4.37335e-07 -3.88996e-07 0 0
1.02975e-05 2.87761e-05 0.193928 0.0291639 0.000426272 1.96481e-05 1.91827e-05 2.02392e-05 2.10964e-05 2.01052e-05 1.85599e-05 1.91697e-05 1.2329e-05 -1.97997e-05 -8.12142e-06 -7.7637e-06 -7.65276e-06 -7.53072e-06 -7.35328e-06 -6.36332e-06 -5.40016e-06 -6.528e-06 -7.10419e-06 -6.95055e-06 -6.7616e-06 -6.92146e-06 -6.20112e-06 -6.37319e-06 -6.51414e-06 -6.3345e-06 -6.25561e-06 -5.89297e-06 -4.75262e-06 -5.71018e-06 -5.65323e-06 -5.30293e-06 -7.10737e-06 -6.76514e-06 -6.37469e-06 -6.16286e-06 -5.80497e-06 -5.55544e-06 -5.66975e-06 -5.42069e-06 -4.4215e-06 -4.79743e-06 -4.85961e-06 -4.52893e-06 -4.10668e-06 4.07513e-06 3.79381e-06 3.31195e-06 3.58114e-06 3.39926e-06 2.25945e-06 2.20155e-06 2.13496e-06 1.98443e-06 1.81411e-06 1.66718e-06 1.44151e-06 1.42413e-06 1.25659e-06 -8.31619e-07 1.09232e-06 7.20406e-07 -8.35738e-07 -7.81519e-07 -7.08423e-07 -5.29481e-07 4.22739e-07 -5.13882e-07 -4.37949e-07 -3.9872e-07 -3.54164e-07 -2.96083e-07
9.41167e-06 2.84097e-05 2.58578e-05 0.000463509 2.06274e-05 1.90582e-05 1.90982e-05 1.88703e-05 2.06311e-05 2.08064e-05 1.82615e-05 1.92739e-05 -1.24957e-05 -2.15562e-05 -7.98011e-06 -7.88916e-06 -7.80341e-06 -7.6678e-06 -7.34267e-06 -6.94289e-06 -6.67342e-06 -6.43859e-06 -7.02007e-06 -6.94391e-06 -6.17388e-06 -6.96405e-06 -6.85872e-06 -6.7215e-06 -6.53408e-06 -6.28704e-06 -6.2001e-06 -6.20106e-06 -5.35582e-06 -5.89812e-06 -5.72604e-06 -5.56297e-06 -7.077e-06 -6.9731e-06 -6.67568e-06 -6.17792e-06 -5.77977e-06 -5.55642e-06 -5.40561e-06 -5.53665e-06 -4.84243e-06 -4.88336e-06 -4.94629e-06 -4.85198e-06 4.88648e-06 4.24955e-06 3.95401e-06 3.61811e-06 3.55631e-06 2.44694e-06 2.34033e-06 2.30932e-06 2.09951e-06 2.01994e-06 1.87238e-06 1.72894e-06 1.52462e-06 1.25094e-06 1.35205e-06 1.04227e-06 8.12337e-07 -6.45855e-07 -8.83323e-07 -8.08611e-07 -7.35874e-07 7.16027e-07 -5.98525e-07 -5.26674e-07 -3.68591e-07 -4.25591e-07 -3.78088e-07 -3.22515e-07
8.55271e-06 2.45685e-05 2.62358e-05 1.46576e-05 2.09933e-05 2.08816e-05 1.99705e-05 1.57954e-05 2.14863e-05 1.95512e-05 1.84488e-05 1.72678e-05 -1.4298e-05 -8.08154e-06 -8.17954e-06 -8.05446e-06 -7.98315e-06 -7.89285e-06 -7.5374e-06 -7.22771e-06 -7.23553e-06 -6.58233e-06 -7.18784e-06 -6.99491e-06 -6.85819e-06 -6.95439e-06 -6.81347e-06 -6.71202e-06 -6.38806e-06 -6.00145e-06 -6.13204e-06 -6.08488e-06 -6.00537e-06 -5.59364e-06 -5.83593e-06 -7.36495e-06 -7.29952e-06 -7.02296e-06 -6.82062e-06 -6.53799e-06 -6.12017e-06 -5.50861e-06 -5.34218e-06 -4.98126e-06 -5.18922e-06 -5.01927e-06 -5.15098e-06 -4.10212e-06 4.81502e-06 4.3888e-06 4.01975e-06 3.80862e-06 3.79504e-06 2.61638e-06 2.43642e-06 2.28502e-06 2.15615e-06 1.97837e-06 1.86636e-06 1.69772e-06 1.61845e-06 1.4387e-06 1.32775e-06 1.28159e-06 9.09655e-07 -9.99512e-07 -9.11798e-07 -8.4225e-07 -7.10702e-07 6.98884e-07 -6.24211e-07 -4.23027e-07 -4.40031e-07 -4.47507e-07 -3.93827e-07 -3.42316e-07
9.75374e-06 2.61329e-05 2.51253e-05 -4.63817e-05 2.16992e-05 2.08765e-05 2.01707e-05 1.77294e-05 2.01099e-05 2.03636e-05 1.91363e-05 1.68525e-05 -1.52764e-05 -7.77512e-06 -8.49152e-06 -8.29967e-06 -8.07975e-06 -7.89588e-06 -7.8252e-06 -7.56395e-06 -7.46237e-06 -7.15363e-06 -6.76433e-06 -7.16545e-06 -6.98153e-06 -6.99439e-06 -6.87546e-06 -6.58896e-06 -6.25694e-06 -6.07809e-06 -6.01515e-06 -5.95201e-06 -5.59483e-06 -5.10757e-06 -7.33315e-06 -7.56336e-06 -7.10842e-06 -7.18225e-06 -6.91234e-06 -6.69127e-06 -6.23384e-06 -6.0712e-06 -5.71944e-06 -5.31738e-06 -5.35341e-06 -5.49385e-06 -5.10769e-06 -4.95251e-06 4.93711e-06 4.65279e-06 4.36661e-06 4.12025e-06 3.74605e-06 3.43364e-06 2.47067e-06 2.35028e-06 2.25286e-06 2.08008e-06 1.90559e-06 1.74399e-06 1.53729e-06 1.51013e-06 1.36653e-06 1.23078e-06 1.17817e-06 -1.03836e-06 -9.55175e-07 -8.61419e-07 8.3616e-07 -6.79045e-07 -6.52211e-07 5.87748e-07 -4.47848e-07 -4.60464e-07 -3.90269e-07 -3.3494e-07
1.07729e-05 2.90088e-05 2.56821e-05 1.78888e-05 2.1753e-05 2.21465e-05 2.10652e-05 1.72707e-05 2.07287e-05 2.02258e-05 1.81276e-05 1.63576e-05 -1.42413e-05 -7.49199e-06 -8.38174e-06 -8.45013e-06 -8.22286e-06 -7.88436e-06 -7.78535e-06 -7.60688e-06 -7.44399e-06 -7.40708e-06 -7.3565e-06 -7.25992e-06 -7.12085e-06 -6.92301e-06 -6.6275e-06 -6.20597e-06 -5.09642e-06 -5.81597e-06 -6.3933e-06 -6.16585e-06 -7.95618e-06 -7.00011e-06 -6.83829e-06 -7.33269e-06 -7.52601e-06 -7.25115e-06 -7.04979e-06 -6.73395e-06 -6.45203e-06 -6.00048e-06 -6.17869e-06 -4.89766e-06 -5.76481e-06 -5.23399e-06 -5.17572e-06 -5.0314e-06 -4.65275e-06 4.5757e-06 3.97017e-06 4.00568e-06 3.76351e-06 3.61459e-06 2.57821e-06 2.44325e-06 2.30761e-06 2.10862e-06 1.93809e-06 1.83264e-06 1.65431e-06 1.43823e-06 1.32303e-06 1.1256e-06 1.02888e-06 -1.07761e-06 -9.97716e-07 7.28209e-07 8.66884e-07 -7.55739e-07 -6.71303e-07 6.60727e-07 -5.54234e-07 -4.22592e-07 -3.90947e-07 -3.70595e-07
1.08429e-05 3.06539e-05 3.04328e-05 2.29402e-05 2.00585e-05 2.22512e-05 2.21097e-05 1.98894e-05 1.93724e-05 1.9533e-05 1.78141e-05 1.72724e-05 -1.72968e-05 -8.12002e-06 -8.75007e-06 -8.55175e-06 -8.4018e-06 -8.26204e-06 -7.98622e-06 -7.5582e-06 -7.81235e-06 -7.66757e-06 -7.46723e-06 -7.30121e-06 -6.94928e-06 -6.68454e-06 -6.43141e-06 -6.15707e-06 -6.08798e-06 -5.77141e-06 -6.28719e-06 -8.01989e-06 -7.89572e-06 -7.73614e-06 -7.2724e-06 -7.24695e-06 -6.95363e-06 -7.31838e-06 -7.16893e-06 -6.92279e-06 -6.71515e-06 -6.15241e-06 5.42464e-06 -5.55059e-06 -5.12254e-06 -5.58057e-06 -5.23337e-06 -4.95356e-06 -4.93307e-06 4.34672e-06 4.2644e-06 3.99498e-06 3.90951e-06 3.81443e-06 3.54684e-06 2.43486e-06 2.32648e-06 2.81667e-06 2.342e-06 2.38119e-06 2.38894e-06 2.08673e-06 1.68597e-06 1.36986e-06 -9.6038e-07 -1.11468e-06 -1.02944e-06 9.45238e-07 -7.31671e-07 -7.62651e-07 6.93411e-07 6.24454e-07 -5.4359e-07 -4.85535e-07 -4.40341e-07 -4.09278e-07
1.10564e-05 3.11776e-05 3.09406e-05 2.86977e-05 2.12355e-05 2.1216e-05 2.28406e-05 2.10791e-05 1.99586e-05 1.53165e-05 1.97735e-05 1.76619e-05 -1.84876e-05 -8.96556e-06 -8.65341e-06 -8.5733e-06 -8.59993e-06 -8.4286e-06 -8.20828e-06 -8.08106e-06 -7.94225e-06 -7.62051e-06 -7.23737e-06 -7.33886e-06 -7.19104e-06 -7.00333e-06 -6.65517e-06 -6.19091e-06 -6.33236e-06 -6.64041e-06 -6.01942e-06 -7.71099e-06 -7.67053e-06 -7.91273e-06 -7.64178e-06 -7.57074e-06 -7.19141e-06 -7.10642e-06 -7.19391e-06 -6.19198e-06 6.71799e-06 -5.57124e-06 -5.82045e-06 -5.89273e-06 -5.52872e-06 -5.56605e-06 -5.31913e-06 -4.96222e-06 5.24343e-06 4.87211e-06 4.50499e-06 4.11772e-06 3.8327e-06 3.64268e-06 3.65708e-06 3.06849e-06 2.99761e-06 2.9225e-06 2.5015e-06 2.05423e-06 2.45785e-06 2.27831e-06 1.86801e-06 1.73158e-06 1.76917e-06 -1.15615e-06 -1.06314e-06 1.04907e-06 -9.02064e-07 -8.19082e-07 7.94266e-07 -6.75595e-07 -5.82582e-07 -5.46451e-07 -4.90727e-07 -4.53916e-07
