Outputs/initial_cond/v_20m.asc
ncols 500
nrows 459
xllcorner 528670
yllcorner 5.07687e+06
cellsize 20
NODATA_value -9999
[rows 165 to 197 of 459, columns 150 to 224 of 500]
0 0.000425365 0.000476549 0.000454053 0.00046656 0.000454401 0.000457649 0.000436186 0.000393143 0.000290355 -0.000289958 -0.000315946 -0.000271766 -0.000391908 -0.000426298 -0.000457798 -0.000436529 -0.000416237 -0.00041444 -0.000422159 -0.000399429 -0.000402667 -0.000433077 -0.00038097 -0.000395247 -0.00039715 -0.000397126 -0.000441441 -0.000455894 -0.000474225 -0.000471959 -0.000461947 -0.000464713 -0.000468847 -0.000469615 -0.000466282 -0.000453336 -0.000441391 -0.000452332 -0.00125859 -0.00127777 -0.00126693 -0.00128037 -0.00127051 0.000885881 0.00106475 -0.000618626 0.00102337 0.000992301 0.00102901 0.00100091 0.000985074 0.000968263 0.00102737 0.00099958 0.000999403 0.00107319 0.00105076 0.00107235 0.00101284 0.00103182 0.000938024 0.000906186 0.000946729 0.00098086 0.000980226 0.000980317 0.000954718 0.00099483 0.000964509 0.000891907 0.000902063 0.000291933 0.000275469 -1.51149e-06
0 0 0 0.000401353 0.000479727 0.00047974 0.000472649 0.000462031 0.000437805 0.000363542 0.000271876 -0.00028964 -0.000330221 -0.000373338 -0.000404262 0.000724909 0.000314683 -0.000270922 0.000337573 0.000337232 -0.000366669 -0.000430021 -0.000421555 -0.000421459 -0.000408859 -0.000428662 -0.000441597 -0.000444164 -0.000450941 -0.000444949 -0.000457683 -0.000461664 -0.000466031 -0.000466576 -0.000464991 -0.000444171 -0.000440763 -0.000437892 -0.000442118 -0.00122143 -0.00123665 -0.00124347 -0.00125578 -0.001283 -0.001289 0.000807691 0.000999392 0.00100313 0.00104567 0.00102899 0.00103481 0.000976837 0.000968 0.000940204 0.000908288 0.000975595 0.000992512 0.00109154 0.00104475 0.000974874 0.0009571 0.000965378 0.000927672 0.000964738 0.000946683 0.000964044 0.00094604 0.000971951 0.000954757 0.000905634 0.000914723 0.000902402 0.000332136 0.000291112 -0.000379996
0 0 0 0 0.000496325 0.00047942 0.000474911 0.000479017 0.000439633 0.00040555 0.000388048 0.000368246 0.000309681 0.000349502 0.00035596 -0.000245826 -0.000377788 -0.000364642 0.000358529 -0.000333403 -0.000449392 -0.000441944 -0.000440004 -0.000453132 -0.000451807 -0.000455071 -0.000453165 -0.000452442 -0.000456738 -0.000454895 -0.000456096 -0.000452224 -0.000453985 -0.000451174 -0.00041827 -0.00042562 -0.000435143 -0.000429826 -0.00041507 -0.00112341 -0.00108938 -0.00114085 -0.0010108 -0.00109857 -0.00122051 -0.00125846 -0.000619885 0.000899465 0.00099175 0.000968942 0.00100064 0.000950839 0.000908566 0.000856554 0.000919147 0.000967102 0.000958062 0.000929214 0.000966313 0.00097449 0.000990153 0.00100468 0.000965235 0.000905859 0.000803739 0.000905192 0.000936545 0.000963668 0.000925368 0.000928484 0.000954283 0.000952923 0.000309532 -0.000339759 -0.000437511
0 0 0 0 0 0.000629485 0.000453262 0.000423617 0.000449091 0.000453458 0.000443561 0.000441321 0.000438212 0.000423466 0.00041515 0.000364673 -0.000303086 -0.000403716 -0.000384263 -0.000421032 -0.000447231 -0.000437459 -0.00044533 -0.000470549 -0.000473809 -0.000467242 -0.000454657 -0.000455814 -0.000461118 -0.000443462 -0.000414865 -0.000420142 -0.000413109 -0.000389126 -0.000406742 -0.000441722 -0.000438033 -0.000433002 -0.000421492 -0.000423727 -0.00113194 -0.00107308 -0.000859645 -0.00165609 -0.00101393 -0.00120564 -0.000929496 -4.64815e-06 0.000841164 0.000951754 0.000977156 0.000977185 0.000976548 0.000929805 0.000929666 0.000975506 0.000948829 0.000928899 0.000966269 0.000990436 0.00101207 0.000990099 0.000937927 0.000803215 0.000704994 0.000905407 0.00098072 0.000964205 0.000945037 0.000938752 0.000963382 0.000914086 -1.20024e-06 -0.00038044 -0.000422273
0 0 0 0 0 0 0.000504752 0.00047111 0.000476322 0.000473053 0.000474766 0.000473782 0.000466874 0.000450633 0.000462071 0.00030927 -0.000367233 -0.000386587 -0.000426305 -0.000424856 -0.000432686 -0.000448708 -0.000458941 -0.000465203 -0.000474122 -0.000465251 -0.000456717 -0.000454727 -0.000459242 -0.000444467 -0.000426568 -0.000422765 -0.000405538 -0.000412949 -0.000442731 -0.000445864 -0.000437063 -0.000436895 -0.00042963 -0.000417506 -0.00114714 -0.00113685 -0.00107262 0.00165597 0.00165677 0.000919382 0.000736516 0.000992086 0.000884969 0.000968651 0.00102176 0.000959385 0.000968178 0.000991641 0.00101337 0.000939512 0.000705824 0.000948576 0.000957624 0.000997676 0.00098257 0.000948002 0.00101311 0.00101123 0.00102887 0.000946846 0.000988894 0.0010238 0.0010179 0.000989053 0.000945977 0.000962326 0.000309686 -0.000376106 -0.000406889
0 0 0 0 0 0 0 0.000530724 0.00047025 0.00047287 0.000471721 0.000472127 0.000475153 0.000476319 0.00044021 0.000379949 0.000227225 -0.000302655 -0.000372125 -0.000383746 -0.000419672 -0.000451747 -0.000450347 -0.000465899 -0.000473978 -0.000476121 -0.000475468 -0.0004754 -0.000475718 -0.00047417 -0.00047415 -0.000468083 -0.000461385 -0.000464217 -0.000449791 -0.000448147 -0.000440768 -0.000442311 -0.000437703 -0.000428427 -0.0011348 -0.0011251 -0.00114775 -0.000952941 -0.000843657 -0.000910714 -0.00103548 0.000920618 0.00110302 0.000959505 0.000950169 0.000967925 0.000949685 0.000967271 0.000958442 0.000668431 0.000855191 0.00090745 0.000957561 0.00094797 0.000966089 0.000965711 0.000939699 0.00105988 0.00105393 0.000964831 0.000617119 -0.00165214 0.000907659 0.000972917 0.000980636 0.00100885 0.000366936 0.000356079 0.000298486
0 0 0 0 0 0 0 0 0.000620583 0.000631899 0.000635724 0.000422728 0.000449906 0.000434006 0.000445199 0.00046851 0.0004553 0.000411151 0.000438516 0.000399364 -0.000319317 -0.000354904 -0.000454329 -0.00047274 -0.000475341 -0.00047536 -0.00047507 -0.000476515 -0.000475944 -0.000473105 -0.000475445 -0.000471933 -0.000466258 -0.000461272 -0.000464529 -0.000458361 -0.000470182 -0.000469536 -0.000467048 -0.00046113 -0.000441048 -0.00120951 -0.00118684 -0.00115459 -0.00106676 -0.00115712 -0.00127589 -0.00123066 0.000978604 0.00114508 0.00110747 0.000976174 0.000929894 0.000883704 0.000668594 0.000805266 0.000983001 0.000907249 0.000869624 0.000938494 0.000965918 0.000974064 0.000973769 0.000930657 0.000961735 0.000948231 0.000853738 0.000851551 0.000964845 0.00103845 0.000988863 0.00099513 0.000361945 0.000412778 0.000434166
0 0 0 0 0 0 0 0 0 0 0 0.000608948 0.00105279 0.000694497 0.00042093 0.000472686 0.000457556 0.0004623 0.000457417 0.000448707 0.000430103 0.00035485 -0.000390303 -0.000366864 -0.000352359 -0.000447179 -0.000477075 -0.000474608 -0.000472836 -0.000454455 -0.00045789 -0.000455728 -0.000460376 -0.000451734 -0.000450056 -0.000455696 -0.000460412 -0.00047187 -0.000474109 -0.000472699 -0.000469941 -0.00125899 -0.00123281 -0.00120289 -0.00115124 -0.00114719 -0.00115709 -0.00120283 -0.0011887 -0.000619189 0.00113777 0.000990273 0.000919419 0.000883649 0.000907641 0.00100579 0.000983331 0.000966477 0.000938657 0.000982584 0.000957167 0.000956915 0.000973937 0.000965677 0.000908643 0.000916124 0.000954802 0.00089409 0.000927561 0.00095821 0.00098918 0.000972218 0.000310281 -0.000379251 -0.000387792
0 0 0 0 0 0 0 0 0 0 0 0 0 0 0.000501214 0.000341205 0.000358217 0.000437686 0.000461379 0.000457115 0.000459942 0.00045491 0.00045372 0.000406367 0.000302932 -0.000296258 -0.000420103 -0.000464555 -0.000451153 -0.000431353 -0.000444711 -0.000458925 -0.000466084 -0.000470292 -0.000465773 -0.000455878 -0.000455711 -0.000457869 -0.000469894 -0.000474438 -0.000474448 -0.000473982 -0.0013014 -0.00129346 -0.00125046 -0.00120533 -0.00119694 -0.00118779 -0.0011002 -0.000897175 0.000910509 0.000984853 0.000947036 0.000939693 0.000883537 0.000705994 0.00073652 0.00101275 0.0010559 0.000957381 0.000917829 0.000917585 0.000882233 0.000785656 0.000868278 0.000822095 0.000997396 0.00105478 0.0007048 0.000896217 0.000973772 0.000821638 -0.000320516 -0.000381753 -0.000430954
0 0 0 0 0 0 0 0 0 0 0 0 0 0 0 0.00308783 0.000580379 0.000374501 0.000439145 0.000468607 0.000474276 0.000471932 0.000475113 0.000475158 0.000475663 0.000468076 0.000466031 0.000442251 0.000227498 -0.000348989 -0.000418629 -0.000449824 -0.000474817 -0.000476017 -0.000475672 -0.000471508 -0.000458187 -0.00045634 -0.000455262 -0.000468868 -0.000474521 -0.000474257 -0.00130218 -0.00130412 -0.00128084 -0.00125725 -0.0012486 -0.00124058 -0.00119271 -0.000960026 0.000885967 0.00111517 0.00100516 0.000975728 0.000907789 0.000869842 0.000869684 0.00098318 0.000957658 0.000982543 0.000974271 0.000894797 0.000881238 0.000918717 0.00101324 0.00103588 0.000906707 0.000907446 0.000964232 0.000668369 0.000928421 0.000937088 -0.000367646 -0.000337446 0.000365563
0 0 0 0 0 0 0 0 0 0 0 0 0 0 0 0 0 0.000310523 0.000505876 0.000442727 0.000440783 0.000474415 0.000474398 0.00047555 0.000471313 0.000466082 0.000471716 0.000472625 0.000476122 0.000467658 0.000439012 0.000319698 -0.000414243 -0.000472636 -0.000476236 -0.000475798 -0.000474336 -0.000463393 -0.00046207 -0.000465551 -0.000469288 -0.000473519 -0.000472014 -0.00130499 -0.00129628 -0.00127621 -0.00126028 -0.00124495 -0.00126695 -0.00124378 -0.00116729 0.000961517 0.00103433 0.00091689 0.000929516 0.00102638 0.00107254 0.000929061 0.000895263 0.000974502 0.000822177 0.000869793 0.000854606 0.000973985 0.00101094 0.000998794 0.000882258 0.000882524 0.000928159 0.000894377 0.000824598 0.00103699 0.000367742 0.000408007 0.000451692
0 0 0 0 0 0 0 0 0 0 0 0 0 0 0 0 0 0 0 0 0 0.000590326 0.000457979 0.000496356 0.00051343 0.000467754 0.000405233 0.000469626 0.000473223 0.000474455 0.000476052 0.000426498 0.000406614 0.000392263 -0.000453617 -0.000475086 -0.000473399 -0.000475795 -0.000474272 -0.000466426 -0.000465609 -0.000469364 -0.000472358 -0.00128515 -0.00130009 -0.00128852 -0.00126662 -0.00125997 -0.00126005 -0.00125418 -0.00115808 -0.000666765 0.0010334 0.000956873 0.00101319 0.00101319 0.000948887 0.000762431 0.00078471 0.000841271 0.000893467 0.000868872 0.000927743 0.000947881 0.00093092 0.000946837 0.000936766 0.000957194 0.0009284 0.000906883 0.000785859 0.000947292 0.000430827 0.000434093 0.000397474
0 0 0 0 0 0 0 0 0 0 0 0 0 0 0 0 0 0 0 0 0 0 0 0 0 0 0 0.00047316 0.000476191 0.000476082 0.000475884 0.000474069 0.000470834 0.000474686 0.000471126 0.000245549 -0.000471024 -0.00047578 -0.000476557 -0.000474692 -0.000467974 -0.000466377 -0.000468629 -0.00128659 -0.00130118 -0.00130314 -0.00128777 -0.0012702 -0.00124363 -0.00120656 -0.00119167 0.00165537 0.00110002 0.00104932 0.00105128 0.000966958 0.000785288 0.000705575 0.000869279 0.000618517 0.0006173 0.000761478 0.00092794 0.000965874 0.000989157 0.00102154 0.000867385 0.000869508 0.000855128 0.000919448 0.000972911 0.000908511 0.00108007 0.000379853 0.000337992
0 0 0 0 0 0 0 0 0 0 0 0 0 0 0 0 0 0 0 0 0 0 0 0 0 0 0 0 0 0.000422575 0.000424856 0.000470957 0.000471916 0.000472919 0.000467406 0.000465586 0.0004756 0.000429826 -0.000431926 -0.000467017 -0.000459727 -0.000460837 -0.000459605 -0.00047353 -0.000474908 -0.00129546 -0.00128812 -0.00127081 -0.00124971 -0.00116452 -0.00120262 -0.00117934 0.000842783 0.00101137 0.000824138 0.000668242 0.000762394 0.000667854 -0.000616894 0.000840344 0.00088142 0.000947438 0.000917521 0.000918081 0.000869314 0.000824474 0.000945787 0.000823323 0.000894954 0.000907232 0.000976758 0.000907709 0.00100469 0.000438477 0.000454558
0 0 0 0 0 0 0 0 0 0 0 0 0 0 0 0 0 0 0 0 0 0 0 0 0 0 0 0 0 0 0 0.00053552 0.000550623 0.000475022 0.00047488 0.000469505 0.000471003 0.00047466 0.000475347 0.00044284 1.55001e-06 -0.000355438 -0.000401628 -0.000431669 -0.000454788 -0.000427469 -0.000409873 -0.000353648 -0.000312749 -0.00113009 -0.00112953 -0.00114654 -0.000949321 0.000998865 0.000804411 0.000966443 0.00098323 0.000823472 0.000761099 0.000705576 0.000854759 0.000956948 0.00103236 0.000974739 0.000823424 9.24845e-06 0.00088111 0.000855535 0.000870554 0.000896292 0.000871842 0.000705995 0.00111338 0.000456175 0.00046278
0 0 0 0 0 0 0 0 0 0 0 0 0 0 0 0 0 0 0 0 0 0 0 0 0 0 0 0 0 0 0 0 0 0.00047954 0.000512655 0.000475677 0.000474278 0.000476098 0.000476623 0.000474231 0.000475912 0.000466388 0.000453243 0.000428247 0.000404505 0.000421328 0.000390975 0.000327638 -0.000257836 -0.000369737 -0.00036654 -0.000405652 -0.000760554 0.00106473 0.00104302 0.000958217 0.000997923 0.00105746 0.00100527 0.000907177 0.000869863 0.000883182 0.000805489 0.000840354 0.000806268 0.000894364 0.000868198 0.000869262 0.000884371 0.000856519 0.000909603 0.00103883 0.00103196 0.000405169 0.000446324
0 0 0 0 0 0 0 0 0 0 0 0 0 0 0 0 0 0 0 0 0 0 0 0 0 0 0 0 0 0 0 0 0 0 0 0.000468214 0.000437824 0.000474616 0.000474701 0.000476086 0.000476307 0.000475472 0.000475733 0.000475782 0.000475393 0.000451097 0.000421218 0.000400019 0.000364863 0.000342685 0.00034219 0.000348487 0.000905312 0.000951319 0.00103122 0.000983188 0.000883506 0.000939364 0.000974827 0.000939062 0.000855724 0.000840428 0.000762459 0.00165783 0.000806728 0.000839237 0.000905725 0.000882915 0.000856843 0.00087063 0.000669552 0.000896173 0.000957037 0.000425726 0.00044817
0 0 0 0 0 0 0 0 0 0 0 0 0 0 0 0 0 0 0 0 0 0 0 0 0 0 0 0 0 0 0 0 0 0 0 0 0 0.00037976 0.000419252 0.000475488 0.000475987 0.000475892 0.000475755 0.000475424 0.000473456 0.000468007 0.000460911 0.000425539 0.000406125 0.000403965 0.00038329 0.000442406 0.000957397 0.000885409 0.00105654 0.00101824 0.000983233 0.000992054 0.000908389 0.000763477 0.00165551 0.000668286 0.000823812 0.000870853 0.000894667 0.000942619 0.000916071 0.000882767 0.000857002 0.000786281 0.000939513 0.000857534 0.000839742 0.000333813 0.000348164
0 0 0 0 0 0 0 0 0 0 0 0 0 0 0 0 0 0 0 0 0 0 0 0 0 0 0 0 0 0 0 0 0 0 0 0 0 0 0 0.000388915 0.000408866 0.000475461 0.000475342 0.000475039 0.000474368 0.000473797 0.000472465 0.000468634 0.000468372 0.000467604 0.000462555 0.000413026 0.000882799 -0.000704455 0.00108486 0.00106579 0.00102723 0.000999976 0.00087253 0.000804787 0.000869566 0.000918671 0.00092952 0.00092941 0.000895952 0.000930644 0.000896794 0.000905193 0.000823854 0.000959053 0.000870072 0.000886268 0.000762703 0.000618092 0.0008816
0 0 0 0 0 0 0 0 0 0 0 0 0 0 0 0 0 0 0 0 0 0 0 0 0 0 0 0 0 0 0 0 0 0 0 0 0 0 0 0 0 0.000473893 0.000474364 0.000473394 0.00047254 0.00047398 0.000472371 0.000472244 0.000469901 0.000463557 0.000464991 0.000438958 0.00102585 0.000956491 -0.000666894 0.00103479 0.00089416 0.000670113 0.000870244 0.000763721 0.000988714 0.00100641 0.000949235 0.000870365 0.000907716 0.000807075 0.000882728 0.000998417 0.00102636 0.000897463 2.98003e-06 -0.000618975 0.000618663 -0.000668618 -0.000997654
0 0 0 0 0 0 0 0 0 0 0 0 0 0 0 0 0 0 0 0 0 0 0 0 0 0 0 0 0 0 0 0 0 0 0 0 0 0 0 0 0 0.000474477 0.000473482 0.000471937 0.00047391 0.000472149 0.000468569 0.000472166 0.000470418 0.000469943 0.00045611 0.000363302 0.000823436 0.000929521 0.000761964 0.000807977 0.000916891 0.000960965 0.00100703 0.00108642 0.00105738 0.000976002 0.000975914 0.000949119 0.000895191 0.000953136 0.000905641 0.00102724 0.000999889 0.000897808 0.00082359 -5.69476e-06 -0.000707532 -0.000872022 0.000938491
0 0 0 0 0 0 0 0 0 0 0 0 0 0 0 0 0 0 0 0 0 0 0 0 0 0 0 0 0 0 0 0 0 0 0 0 0 0 0 0 0 0.000469754 0.000472651 0.000470516 0.000467605 0.000464484 0.000459636 0.000452136 0.000439155 0.000424781 0.000384562 0.00102517 0.00105685 0.000786359 0.000824394 -0.000617644 0.00100537 0.000984279 0.000959006 0.000991957 0.000958839 0.000919323 0.000824572 0.000824246 0.000824155 0.000858123 0.000965927 0.000786334 0.000921231 0.000856678 0.000807319 -6.68347e-06 -0.0016581 -0.00165826 0.000950448
0 0 0 0 0 0 0 0 0 0 0 0 0 0 0 0 0 0 0 0 0 0 0 0 0 0 0 0 0 0 0 0 0 0 0 0 0 0 0 0 0 0.000458379 0.00045193 0.000454125 0.00045622 0.000459149 0.000455266 0.000436686 0.000425026 0.000300101 0.000720723 0.000883043 0.000908985 0.000919659 0.000824708 0.0010192 0.000841815 0.000975018 0.00101511 0.000984316 0.000976053 0.000930004 0.000930057 0.000939865 0.00091918 0.000958716 0.000884337 0.000870854 0.000620455 0.000737492 0.00066994 -7.11073e-06 -0.000738238 -0.000885323 -0.000871742
0 0 0 0 0 0 0 0 0 0 0 0 0 0 0 0 0 0 0 0 0 0 0 0 0 0 0 0 0 0 0 0 0 0 0 0 0 0 0 0 0 0.00046475 0.000441289 0.000395964 0.000417348 0.000440597 0.000449477 0.000409713 0.000342387 0.000360976 0.000785678 0.000842157 0.000825029 0.00087129 0.000856594 0.000958547 0.000950877 0.00100696 0.00102085 0.00102729 0.000958907 0.0009677 0.000940352 0.000959066 0.00102054 0.000872295 0.000883108 0.000706943 -0.00165708 -0.000669216 -0.000807994 -0.000764985 -0.000825972 -0.000896582 -0.000763171
0 0 0 0 0 0 0 0 0 0 0 0 0 0 0 0 0 0 0 0 0 0 0 0 0 0 0 0 0 0 0 0 0 0 0 0 0 0 0 0 0 0.000459917 0.000407743 0.00037279 0.000375001 0.000403949 0.000383548 0.00037197 0.000293549 0.000929368 0.000807386 0.000960007 0.000959928 0.000984878 0.001007 0.00105355 0.00112335 0.00109375 0.00101409 0.000985863 0.00106157 0.000984442 0.000950023 0.000959088 0.000885932 0.000910039 0.000928349 0.00087248 -7.11723e-06 -0.000786201 -0.00076532 -0.000932205 -0.000669356 0.00082475 0.000856885
0 0 0 0 0 0 0 0 0 0 0 0 0 0 0 0 0 0 0 0 0 0 0 0 0 0 0 0 0 0 0 0 0 0 0 0 0 0 0 0 0 0.000490828 0.000441319 0.000408991 0.000417175 0.000409989 0.000409762 0.000405003 0.000414846 0.000806416 0.000706676 0.000950987 0.000897686 0.00165876 0.000737477 -0.000982126 -0.000706177 0.000858177 0.000949009 0.000785505 0.000872528 0.00101942 0.000949901 0.000920081 0.000885801 0.000906568 0.000922882 0.000787049 0.000737649 -6.30154e-06 -0.000707073 -0.000668931 0.000619752 0.000858816 0.00112266
0 0 0 0 0 0 0 0 0 0 0 0 0 0 0 0 0 0 0 0 0 0 0 0 0 0 0 0 0 0 0 0 0 0 0 0 0 0 0 0 0 0 0.000465608 0.000428164 0.000428986 0.000423063 0.00042627 0.00116674 0.00110824 0.00100055 0.000824618 0.00100094 0.000857612 0.000826151 0.000940956 0.000938021 -0.000667282 -0.000785699 0.000985522 0.00104404 0.000976308 0.000910291 0.000957825 0.00089792 0.000920208 0.000919653 0.000898888 0.000931419 0.000807563 0.000765054 0.000941493 0.00111279 0.00108684 0.00104252 -0.000899435
0 0 0 0 0 0 0 0 0 0 0 0 0 0 0 0 0 0 0 0 0 0 0 0 0 0 0 0 0 0 0 0 0 0 0 0 0 0 0 0 0 0 0 0.000445962 0.00109524 0.00109111 0.00108565 0.00112243 0.00112176 0.00100792 0.00117615 0.00104126 0.000764022 0.000920103 0.000977082 0.00100068 0.000939409 -0.000667995 -0.00078479 0.00102586 0.000984431 0.000929331 0.000765632 0.000907893 0.00092099 0.000920463 0.00088593 0.000787424 0.000859199 0.000922626 0.00114444 0.00103643 -0.000859202 -0.00107015 -0.00109512
0 0 0 0 0 0 0 0 0 0 0 0 0 0 0 0 0 0 0 0 0 0 0 0 0 0 0 0 0 0 0 0 0 0 0 0 0 0 0 0 0 0 0 0.00135002 0.00114334 0.00115692 0.00113036 0.00109533 0.00118849 0.00119776 0.00111175 0.000857757 0.000959264 0.00101469 0.000985143 0.000909463 0.000897633 0.000948924 0.000706115 9.37859e-06 0.000949365 0.000669698 0.000895444 0.000857583 0.000921262 0.000921384 0.000909909 0.000842562 0.000873834 0.000993622 0.000998101 -0.000988807 -0.00078742 0.000842478 0.000960296
0 0 0 0 0 0 0 0 0 0 0 0 0 0 0 0 0 0 0 0 0 0 0 0 0 0 0 0 0 0 0 0 0 0 0 0 0 0 0 0 0 0 0 0 0.00119714 0.0010766 0.00107061 0.00115491 0.00125581 0.00123228 0.00108517 0.000930823 0.0010075 0.00100767 0.000950509 0.000959814 0.00100778 0.000959995 0.000857393 0.000824334 0.000670389 0.000854375 0.000951529 0.000941183 0.000858551 0.000843198 0.000787646 0.000872523 0.00102468 0.0011657 -0.00102452 -0.00165796 0.000872821 0.000874389 0.00102493
0 0 0 0 0 0 0 0 0 0 0 0 0 0 0 0 0 0 0 0 0 0 0 0 0 0 0 0 0 0 0 0 0 0 0 0 0 0 0 0 0 0 0 0 0.00250696 0.000921739 0.00101574 0.00122574 0.000825228 0.000929894 0.000871426 0.000959379 0.000940662 0.000825453 0.000885074 0.000931191 0.000985825 0.000960378 0.000920783 -0.00066801 -0.00073621 0.001033 0.000969138 0.000940452 0.00088897 0.000857284 0.000872664 0.000872643 0.00111397 -0.000945006 -0.000670284 0.000872079 0.000900714 0.000971951 0.000944323
0 0 0 0 0 0 0 0 0 0 0 0 0 0 0 0 0 0 0 0 0 0 0 0 0 0 0 0 0 0 0 0 0 0 0 0 0 0 0 0 0 0 0 0 0 0.00100781 0.00112576 0.00110384 0.000841372 0.000618941 0.000883888 0.000857286 0.000897332 0.000908988 0.000884888 0.000871686 0.000670263 0.0008578 0.000920264 0.000824629 0.000983262 0.000826468 0.000909651 0.00092172 0.00096944 0.0010599 0.000970179 0.00100738 0.000946366 -0.0016583 0.000922679 0.000913144 0.000913144 0.00092429 0.00102571
0 0 0 0 0 0 0 0 0 0 0 0 0 0 0 0 0 0 0 0 0 0 0 0 0 0 0 0 0 0 0 0 0 0 0 0 0 0 0 0 0 0 0 0 0 0.00113207 0.00118867 0.000841908 0.000668869 0.000870097 0.000884256 0.000897103 0.00088468 0.000950321 0.000940782 0.000871624 0.000871485 0.000764283 8.7584e-06 0.000858733 0.000986351 0.000931197 0.000919814 0.000951328 0.000942968 0.000828132 0.000987249 0.00100845 -0.000952822 0.000807469 0.000955036 0.000981617 0.000997631 0.00102627 0.00107933
