Outputs/initial_cond/v_20m.asc
ncols 500
nrows 459
xllcorner 528670
yllcorner 5.07687e+06
cellsize 20
NODATA_value -9999
[rows 264 to 296 of 459, columns 150 to 224 of 500]
0 0 0 0 0 0 0 0 0 0 0 0 0 0 0 0 0 0 0 0 0 0 0 0 0 0 0 0 0 0 0 0 0 0 0 0 0 0 0 0 0 0 0 0 0 0 0 0 0 0 0 0 0 0 0 0.00041175 0.000406416 0.000393278 0.000408897 0.000419093 -0.000321412 -0.000397613 -0.000276403 0.000417793 0.000391017 0.00041266 0.000402539 0.000399108 0.000404442 0.000415778 0.000396343 0.000389915 0.000383565 0.000380772 0.000315244
0 0 0 0 0 0 0 0 0 0 0 0 0 0 0 0 0 0 0 0 0 0 0 0 0 0 0 0 0 0 0 0 0 0 0 0 0 0 0 0 0 0 0 0 0 0.000409771 0.00041102 0.000412028 0.000408099 0.000411081 0.000416195 0.000409756 0.000396863 0.000408788 0.000413377 0.000413605 0.000406694 0.000379538 0.000359242 0.000394963 0.000399961 0.000414577 -0.000228018 -0.000337244 0.000417435 0.000386895 0.000408682 0.000397847 0.000395297 0.000405947 0.000406393 0.00038089 0.000397042 0.00040761 0.000390829
0 0 0 0 0 0 0 0 0 0 0 0 0 0 0 0 0 0 0 0 0 0 0 0 0 0 0 0 0 0 0 0 0 0 0 0 0 0 0 0 0 0 0 0 0.000407763 0.000411118 0.000414746 0.000406539 0.000403398 0.000410513 0.000407265 0.000409058 0.000408417 0.000406734 0.000413326 0.000407124 0.000415673 0.000411906 0.000394319 0.000373074 0.000322159 0.000399465 0.000408775 0.000409947 -0.00031943 0.000406953 0.000379572 0.000377596 0.000380577 0.000392381 0.000415319 0.00041191 0.000389772 0.000396149 0.000373431
0 0 0 0 0 0 0 0 0 0 0 0 0 0 0 0 0 0 0 0 0 0 0 0 0 0 0 0 0 0 0 0 0 0 0 0 0 0 0 0 0 0.000412889 0.000413515 0.00041384 0.000413565 0.000412403 0.000412263 0.00040698 0.000409379 0.000414557 0.000415069 0.000411565 0.000412565 0.000411277 0.000412759 0.000408018 0.000410852 0.000417395 0.000405549 0.000388541 0.000407264 0.000399895 0.000361983 0.000390595 0.000416595 -0.000379165 -0.00024508 0.000411509 0.000375304 0.000388879 0.000406722 0.000412648 0.000386514 0.000405952 0.000412445
0 0 0 0 0 0 0 0 0 0 0 0 0 0 0 0 0 0 0 0 0 0 0 0 0 0 0 0 0 0 0 0 0 0 0 0 0 0 0.000410479 0.000411148 0.000411962 0.000413048 0.000412873 0.000406732 0.000408704 0.000413507 0.000411522 0.000409352 0.000411825 0.000414793 0.000411851 0.000409335 0.000408801 0.000413436 0.000409971 0.000402403 0.0004054 0.00041422 0.000410963 0.000381911 0.000410056 0.00041582 0.000417102 0.000415082 0.000411546 0.000409984 -0.00039089 -0.000378928 0.000414826 0.000378817 0.000365576 0.000350522 0.000404396 0.00040733 0.000406602
0 0 0 0 0 0 0 0 0 0 0 0 0 0 0 0 0 0 0 0 0 0 0 0 0 0 0 0 0 0 0 0 0 0 0 0 0.00040976 0.000410446 0.000411298 0.000409845 0.000407507 0.00040304 0.000398677 0.000402975 0.000407403 0.000409791 0.00041105 0.00041161 0.000415052 0.00041411 0.00041371 0.000409956 0.000405359 0.000411783 0.000412144 0.000408463 0.000407819 0.000406254 0.000409946 0.000412318 0.000409239 0.000416961 0.000417838 0.000417039 0.000412609 0.000415536 0.000397229 0.000313101 0.000309797 0.000402585 0.000366374 0.000395556 0.000410193 0.000412217 0.00040852
0 0 0 0 0 0 0 0 0 0 0 0 0 0 0 0 0 0 0 0 0 0 0 0 0 0 0 0 0 0 0 0 0 0 0 0.000408507 0.000409759 0.000410512 0.00041118 0.000409681 0.000406365 0.000402469 0.000408389 0.000410549 0.000411096 0.000411594 0.000412854 0.000414608 0.000414848 0.000415208 0.00041434 0.000405621 0.000405944 0.000411283 0.000411486 0.000409988 0.000393727 0.000401124 0.00040892 0.000413793 0.000408876 0.000414846 0.000417369 0.000415211 0.000416193 0.000386133 0.000351703 0.000341431 0.000384833 0.000413674 0.000413119 0.000412848 0.000411659 0.000402118 0.000408897
0 0 0 0 0 0 0 0 0 0 0 0 0 0 0 0 0 0 0 0 0 0 0 0 0 0 0 0 0 0 0 0 0 0 0 0.000408411 0.000409277 0.000410141 0.000410912 0.000411108 0.000411674 0.000411941 0.000412023 0.000412722 0.000413024 0.000413546 0.000413396 0.000413297 0.000414551 0.000413339 0.000413093 0.000409019 0.000407112 0.000411114 0.000414369 0.000415575 0.000406582 0.00040579 0.000409361 0.000413437 0.000415131 0.000412935 0.000417304 0.000414619 0.000391795 0.00041042 0.000338491 0.000342858 0.000383605 0.000412428 0.000412713 0.000412595 0.000411653 0.000411912 0.000406532
0 0 0 0 0 0 0 0 0 0 0 0 0 0 0 0 0 0 0 0 0 0 0 0 0 0 0 0 0 0 0 0 0 0 0.000408656 0.000407843 0.000403595 0.000409673 0.000410442 0.000411083 0.000410391 0.000410705 0.000412228 0.000411566 0.000412615 0.000412727 0.000412079 0.000411094 0.000414507 0.000414123 0.000412191 0.000411394 0.000409763 0.000410588 0.000413206 0.000415974 0.00041028 0.000391589 0.000407722 0.000408289 0.000414702 0.000413106 0.000406977 0.00040516 0.000414221 0.000377447 0.00038511 0.000406789 0.000408479 0.00040989 0.000412495 0.000409716 0.000404954 0.000410352 0.000411177
0 0 0 0 0 0 0 0 0 0 0 0 0 0 0 0 0 0 0 0 0 0 0 0 0 0 0 0 0 0 0 0 0 0 0.000408082 0.000406732 0.000408507 0.000409157 0.00040677 0.000409779 0.000411538 0.000411337 0.000410491 0.000411732 0.000411212 0.000408626 0.000409421 0.000413496 0.000414234 0.000414463 0.000413108 0.00041248 0.000409951 0.000408953 0.000412704 0.000415208 0.000415994 0.000407961 0.000408958 0.00041122 0.000409877 0.000394232 0.000404489 0.000408467 0.000378541 0.000384613 0.000405233 0.000409542 0.000410612 0.000407426 0.000407973 0.000411961 0.000394473 0.000402707 0.000408457
0 0 0 0 0 0 0 0 0 0 0 0 0 0 0 0 0 0 0 0 0 0 0 0 0 0 0 0 0 0 0 0 0 0.000462788 0.000408482 0.00040869 0.000409257 0.000407801 0.000405919 0.000410078 0.000410626 0.000411012 0.000411929 0.00041207 0.000411978 0.000393949 0.000406247 0.000413052 0.000413086 0.000411054 0.000413388 0.00041453 0.000411383 0.000406976 0.000410246 0.000412765 0.000415764 0.000414074 0.000409739 0.000408785 0.000400572 0.000392595 0.000393212 0.000399319 0.00036046 0.000374552 0.000409123 0.000410437 0.000408683 0.000410237 0.000410328 0.000409868 0.00041075 0.000347204 0.000407191
0 0 0 0 0 0 0 0 0 0 0 0 0 0 0 0 0 0 0 0 0 0 0 0 0 0 0 0 0 0 0 0 0 0.000462776 0.000463081 0.000462429 0.000407485 0.000409796 0.000410404 0.000410547 0.000410669 0.000411545 0.000411722 0.000411894 0.000409825 0.000410623 0.000411025 0.000413388 0.000412934 0.000413992 0.000413325 0.000413887 0.000413547 0.000405955 0.000403057 0.000400858 0.000411012 0.000412653 0.000405665 0.00041081 0.000410326 0.000395399 0.000434448 0.00043505 0.00044171 0.000413433 0.000412371 0.00041237 0.00041218 0.000410866 0.000410361 0.000408014 0.000406121 0.000466413 -0.000264784
0 0 0 0 0 0 0 0 0 0 0 0 0 0 0 0 0 0 0 0 0 0 0 0 0 0 0 0 0 0 0 0 0 0.000462401 0.000463144 0.000462753 0.000462208 0.000461789 0.000464269 0.00046591 0.000465322 0.000464537 0.000464781 0.000466636 0.000464543 0.000468354 0.000411571 0.000413296 0.000413634 0.000412877 0.000409322 0.000408057 0.000413285 0.00040869 0.000398812 0.000402784 0.000403209 0.000410166 0.000409131 0.000409721 0.000413619 0.000470539 0.000454071 0.000446325 0.00046972 0.000464431 0.000457382 0.000455112 0.00046706 0.000466083 0.000465144 0.000463005 0.00046101 0.000464007 0.000451559
0 0 0 0 0 0 0 0 0 0 0 0 0 0 0 0 0 0 0 0 0 0 0 0 0 0 0 0 0 0 0 0 0 0.000461873 0.000462959 0.000463652 0.000464205 0.000464622 0.000465187 0.00046556 0.00046598 0.000465596 0.000466471 0.00046681 0.000457053 0.000449248 0.000461253 0.000408565 0.000411874 0.000412754 0.000409858 0.000403478 0.000411484 0.000413159 0.000396402 0.000393932 0.000375212 0.000401241 0.000413145 0.000408769 0.000467475 0.000469417 0.000470468 0.000468569 0.000435941 0.000426673 0.000463907 0.000467511 0.000465872 0.000466386 0.000465201 0.000463879 0.000456945 0.000465184 0.000465611
0 0 0 0 0 0 0 0 0 0 0 0 0 0 0 0 0 0 0 0 0 0 0 0 0 0 0 0 0 0 0 0 0 0.000460336 0.000462658 0.000462451 0.000459072 0.000454827 0.000462989 0.000462863 0.000463559 0.000465983 0.000466332 0.000453685 0.000457363 0.000462175 0.000464523 0.000406037 0.000409692 0.000413014 0.000411996 0.000401128 0.000399041 0.000410203 0.000397619 0.000365691 0.000383834 0.000401591 0.000410451 0.000465786 0.000466658 0.000470135 0.000468887 0.000469787 0.000463028 0.00029853 0.000275925 0.000385655 0.000418052 0.000451493 0.000465165 0.000465206 0.000464006 0.000462844 0.000461766
0 0 0 0 0 0 0 0 0 0 0 0 0 0 0 0 0 0 0 0 0 0 0 0 0 0 0 0 0 0 0 0 0 0.000458133 0.000457887 0.000462992 0.000460395 0.000461966 0.000463382 0.000462895 0.000460308 0.000464279 0.000464714 0.000446393 0.000451254 0.000468004 0.000466687 0.000467315 0.000466822 0.000411424 0.00040417 0.000394466 0.000389015 0.000397225 0.000386112 0.000373478 0.000394433 0.000395369 0.000455815 0.000464585 0.000469764 0.000463331 0.000468612 0.000469272 0.000469491 0.000467207 0.000328433 -0.000223143 0.000254492 0.00034806 0.000409274 0.000462472 0.00046511 0.000460685 0.000460824
0 0 0 0 0 0 0 0 0 0 0 0 0 0 0 0 0 0 0 0 0 0 0 0 0 0 0 0 0 0 0 0 0 0.000455859 0.000455684 0.000459327 0.000460005 0.000457129 0.000463937 0.000464814 0.000465027 0.000464762 0.000464048 0.000466609 0.000467174 0.000467139 0.000467963 0.000466571 0.000465537 0.000410187 0.000394729 0.000386804 0.000373129 0.000360867 0.00037727 0.000405264 0.000397572 0.000440251 0.000454323 0.000465161 0.00046695 0.000467455 0.000447381 0.000466717 0.000465882 0.000464558 0.000466434 0.000414882 0.000415556 0.000409779 0.000358931 0.000418332 0.00046393 0.000461116 0.000460966
0 0 0 0 0 0 0 0 0 0 0 0 0 0 0 0 0 0 0 0 0 0 0 0 0 0 0 0 0 0 0 0 0 0.000442617 0.000458346 0.0004571 0.000456275 0.000455557 0.000458978 0.000463308 0.000459838 0.000463361 0.000465501 0.000463976 0.000457377 0.000457648 0.000463496 0.000461483 0.000461989 0.000408221 0.000411204 0.000406458 0.000399809 0.000399825 0.000409345 0.000466209 0.000466298 0.000466922 0.000467415 0.000466689 0.000466258 0.000466746 0.00046462 0.000444522 0.000468059 0.000464202 0.000461681 0.00046382 0.000443805 0.000451097 0.000461393 0.000446998 0.000460318 0.000463855 0.000462971
0 0 0 0 0 0 0 0 0 0 0 0 0 0 0 0 0 0 0 0 0 0 0 0 0 0 0 0 0 0 0 0 0 0.000427584 0.000443422 0.000457489 0.000461905 0.000461613 0.000463164 0.00046354 0.000463556 0.000464874 0.000464479 0.00045349 0.000461115 0.000460403 0.000463431 0.00046682 0.000467016 0.000466333 0.000460346 0.00040874 0.000463535 0.000460914 0.000463058 0.000464607 0.000465748 0.000465782 0.000466539 0.000466473 0.000466715 0.000465621 0.000468136 0.000461125 0.000454271 0.000467202 0.000462589 0.000465412 0.000457904 0.000427409 0.000429453 0.000446635 0.000451712 0.000461863 0.000458828
0 0 0 0 0 0 0 0 0 0 0 0 0 0 0 0 0 0 0 0 0 0 0 0 0 0 0 0 0 0 0 0 0 0.000422769 0.000447556 0.000461752 0.000462013 0.000462216 0.000463124 0.000459996 0.000449499 0.000463005 0.000437456 0.000463265 0.000464141 0.000453261 0.000455481 0.000463578 0.000466033 0.000465629 0.000462109 0.000450026 0.000459883 0.000463728 0.00046335 0.000464859 0.000464134 0.000463931 0.000463134 0.000466428 0.000467218 0.0004665 0.000466548 0.000461949 0.000418207 0.000433837 0.000466209 0.000457691 0.000464696 0.000462231 0.000442844 0.000446778 0.000448982 0.000459641 0.000461129
0 0 0 0 0 0 0 0 0 0 0 0 0 0 0 0 0 0 0 0 0 0 0 0 0 0 0 0 0 0 0 0 0 0.000408424 0.000431656 0.000455079 0.000461528 0.0004617 0.000462444 0.000461931 0.000457075 0.000463661 0.000458993 0.000453852 0.000397854 0.000443492 0.00044707 0.000454175 0.000455185 0.000457874 0.000460169 0.000457724 0.000454497 0.000463712 0.000460059 0.000464358 0.000465058 0.000465471 0.000461692 0.000461937 0.000466224 0.000466127 0.00046606 0.000466763 0.000452309 0.000434214 0.000465112 0.000465045 0.000463266 0.000464347 0.000462627 0.000457733 0.000459478 0.000459978 0.000460806
0 0 0 0 0 0 0 0 0 0 0 0 0 0 0 0 0 0 0 0 0 0 0 0 0 0 0 0 0 0 0 0 0 0.000340318 0.000402181 0.000423931 0.000460981 0.000461157 0.000461633 0.00046197 0.000462738 0.000462948 0.000463722 0.000401549 0.000427127 0.000448527 0.000460798 0.000463957 0.00046529 0.000464099 0.000459401 0.000453263 0.000454043 0.000459035 0.000457243 0.000454876 0.000461874 0.000463845 0.000456212 0.000444797 0.000455075 0.000464983 0.000465549 0.000464782 0.000464909 0.000449218 0.000433871 0.000463746 0.000462458 0.000463597 0.000462985 0.000459949 0.000452476 0.000448279 0.000448821
0 0 0 0 0 0 0 0 0 0 0 0 0 0 0 0 0 0 0 0 0 0 0 0 0 0 0 0 0 0 0 0 0 0.000318093 0.000409695 0.000442617 0.000457248 0.000460494 0.00046013 0.000459513 0.000462143 0.000460819 0.000459447 0.000463838 0.000458439 0.000460864 0.000464243 0.000460904 0.000464118 0.00046418 0.000464034 0.000461986 0.000461691 0.000462197 0.000462698 0.000458465 0.000463546 0.000433326 0.0004293 0.000337536 0.000381764 0.000456372 0.000464425 0.000464175 0.000464868 0.000464619 0.000442218 0.000450862 0.000463074 0.000462803 0.000453408 0.000457971 0.000445347 0.000442752 0.000448829
0 0 0 0 0 0 0 0 0 0 0 0 0 0 0 0 0 0 0 0 0 0 0 0 0 0 0 0 0 0 0 0 0.00038422 0.000398935 0.000436106 0.000436827 0.000432671 0.000458895 0.000459227 0.000455879 0.000460463 0.000460618 0.000462696 0.000463221 0.00046401 0.000464416 0.000461944 0.000443673 0.000447445 0.000463504 0.000458719 0.000459927 0.000462727 0.000460534 0.00046017 0.000462549 0.00045307 0.000437553 0.000456748 0.000454273 0.000439408 0.000408596 0.000457728 0.000464414 0.000463662 0.000463362 0.00045322 0.000436236 0.000461778 0.000460403 0.000461691 0.000439946 0.000442836 0.000426027 0.000447027
0 0 0 0 0 0 0 0 0 0 0 0 0 0 0 0 0 0 0 0 0 0 0 0 0 0 0 0 0 0 0 0 0.000440503 0.000427514 0.0004552 0.000459253 0.00045877 0.000458517 0.000459469 0.000454782 0.000459819 0.000429065 0.000406532 0.00041809 0.000456616 0.000461435 0.000458206 0.000449363 0.000394778 0.000383896 0.00045475 0.000461838 0.000460926 0.00045028 0.000447349 0.000459694 0.000460644 0.000460076 0.000463863 0.000461462 0.00046253 0.000447519 0.000453722 0.000460786 0.000463628 0.000462164 0.000461613 0.000445459 0.000423265 0.000461481 0.000459685 0.00045939 0.000459297 0.000453263 0.000439232
0 0 0 0 0 0 0 0 0 0 0 0 0 0 0 0 0 0 0 0 0 0 0 0 0 0 0 0 0 0 0 0.000433855 0.00043607 0.000430558 0.00045663 0.000458009 0.000459119 0.000456796 0.000459252 0.00045993 0.000399344 0.000387503 0.000406325 0.000440757 0.000455301 0.000461872 0.000458597 0.000451357 0.000419538 0.000320351 0.000386774 0.000407363 0.000452781 0.000459491 0.00045426 0.000454997 0.000460515 0.000461339 0.000457575 0.000463258 0.00046095 0.000450208 0.000432722 0.000446576 0.000461149 0.000462547 0.000458729 0.000451649 0.00041561 0.00044789 0.000456441 0.000459836 0.000451527 0.000434631 0.000433622
0 0 0 0 0 0 0 0 0 0 0 0 0 0 0 0 0 0 0 0 0 0 0 0 0 0 0 0 0 0.000441533 0.000440552 0.000439429 0.00044448 0.000454023 0.000378478 0.000442662 0.000450861 0.000448372 0.000441341 0.00045102 0.000448647 0.000428649 0.000439876 0.000442996 0.000455558 0.000461024 0.000462736 0.000457748 0.000436411 0.000377787 0.000294008 0.000378673 0.000415112 0.000423953 0.000441617 0.000449926 0.000456677 0.000459611 0.00046213 0.000462382 0.000463282 0.000452052 0.000423414 0.000431331 0.000442533 0.000458421 0.000454267 0.00045864 0.000460879 0.000460387 0.000455704 0.000438129 0.000399613 0.000425688 0.000430271
0 0 0 0 0 0 0 0 0 0 0 0 0 0 0 0 0 0 0 0 0 0 0 0 0 0 0 0.000441935 0.000448715 0.000450559 0.000445438 0.00044448 0.000455186 0.000455838 0.000454123 0.000418068 0.000436114 0.000451372 0.000445668 0.000343133 0.000445296 0.00042681 0.000389673 0.000402439 0.000450827 0.000456591 0.000463269 0.000462029 0.000443534 0.000392297 -0.000327708 -0.00034465 -0.000314446 0.000357755 0.000423351 0.000444468 0.000456631 0.000460647 0.000460795 0.000461853 0.000460973 0.000462023 0.000460294 0.000450371 0.000447176 0.000460025 0.000460872 0.000457221 0.000460485 0.000459223 0.000434001 0.000407383 0.000411776 0.000410413 0.000397408
0 0 0 0 0 0 0 0 0 0 0 0 0 0 0 0 0 0 0 0 0 0 0 0 -7.06911e-05 0.000428346 0.00043769 0.000445665 0.000447975 0.000448407 0.000449858 0.000445639 0.000456432 0.000457582 0.000443195 0.00041277 0.000426335 0.000444465 0.000457428 0.000370599 -0.000219341 0.000413705 0.000442706 0.000399176 0.000421627 0.000442857 0.000457942 0.000453563 0.0004569 0.000449065 0.000347945 -0.000372444 -0.000365232 -0.000340394 0.000712513 0.000416001 0.000453855 0.000458018 0.000457413 0.000456625 0.000459965 0.000460588 0.000462386 0.00045467 0.000425131 0.000439562 0.000456874 0.00045593 0.000453782 0.000437344 0.000409703 0.000404572 0.000404351 0.000386624 -0.000375869
0 0 0 0 0 0 0 0 0 0 0 0 0 0 0 0.000511517 0.000417613 0.000416017 0.000419758 0.000386643 0.000293948 0.000313561 0.000325496 0.000335586 -0.000234349 0.000374825 0.000442767 0.000449765 0.000447548 0.000446101 0.000441372 0.000442699 0.000439042 0.000449925 0.000450981 0.000441911 0.000442404 0.000444344 0.000378422 0.000387474 0.000382633 0.000416972 0.00043398 0.000453384 0.000434706 0.000434634 0.000450634 0.000459441 0.000452817 0.000461261 0.000444483 0.000355948 0.000402459 0.000349453 -0.000298216 0.000270624 0.000438922 0.000449702 0.000455128 0.000454998 0.000456419 0.000460889 0.000459752 0.000442431 0.000413343 0.000365611 0.000381787 0.000391675 0.000366516 0.000398003 0.000405742 0.000393178 0.000397392 0.000360993 -0.000440244
0 0 0 0 0 0 0 0 0 0 0 0 0.000536308 0.000540623 0.000398688 0.000371179 0.000385004 0.000435709 0.000437043 0.000437337 0.000335551 0.000294556 0.000275394 -0.000309795 -0.000355812 -0.000326468 0.000276063 0.000373695 0.00042949 0.0004477 0.000447276 0.00044906 0.000444832 0.000414982 0.000421954 0.000445807 0.00044481 0.000433805 0.000425832 0.000458385 0.000433892 0.00043319 0.000454715 0.000459951 0.000450335 0.000420442 0.000417027 0.000461155 0.000455846 0.000453424 0.000459106 0.000451671 0.000374412 0.000437343 0.000424921 0.000298344 0.000364221 0.000458752 0.000460081 0.000458085 0.000457686 0.000459641 0.000460368 0.000453348 0.000444007 0.00041913 0.000386851 0.000298524 0.000261165 0.000374199 0.000371957 0.000394415 0.000397168 -0.000360758 -0.000393291
0 0 0 0 0 0 0 0 0.000558634 0.000545333 0.000545238 0.000550381 0.000554217 0.00041171 0.0004063 0.000411705 0.000396842 0.0004259 0.000430405 0.000424254 0.000396604 0.000300306 0.000282838 -0.000267747 -0.000387024 -0.000377271 -0.000323297 -7.17868e-07 0.000709654 0.000341198 0.000439326 0.000453913 0.000455948 0.000450629 0.000417166 0.000285224 0.00028517 0.000356123 0.000449815 0.000455148 0.00045843 0.000460339 0.000460631 0.00046108 0.000461066 0.000461396 0.000440567 0.000453562 0.000457398 0.000457174 0.000455753 0.000457111 0.000455502 0.000435377 0.000439614 0.000408194 -0.000270379 0.000389314 0.000453687 0.000459123 0.000459187 0.000459747 0.000459402 0.000456045 0.000457784 0.000459182 0.000452054 0.000446421 0.000400822 0.000383293 0.000379493 0.000397094 0.000383137 -0.000426123 -0.000417294
0 0 0 0 0 0 0.000569782 0.000556941 0.000548772 0.000546067 0.000546041 0.000558062 0.000427343 0.000411906 0.000395695 0.000413164 0.000417055 0.000391888 0.000414685 0.000423077 0.000435407 0.000333422 0.000314986 0.000323027 0.000248116 0.000248387 -0.000248528 -1.2419e-06 2.54775e-07 3.02747e-07 0.000296988 0.000379708 0.000353665 0.00036133 0.000303244 -0.000236486 0.000329107 0.000335972 0.000409657 0.000442801 0.000446404 0.000460252 0.000460026 0.000457272 0.00046008 0.00046196 0.000461097 0.000458372 0.0004609 0.000459111 0.000457131 0.000452426 0.000459759 0.000452399 0.000455271 0.00044689 0.00038772 0.000303608 0.000436003 0.000458484 0.000458174 0.000455001 0.000449671 0.000446003 0.000442375 0.000443378 0.000448656 0.000456066 0.000452444 0.000386499 0.000382866 0.000387784 -0.000418476 -0.000444079 -0.000451644
