Outputs/initial_cond/v_20m.asc
ncols 500
nrows 459
xllcorner 528670
yllcorner 5.07687e+06
cellsize 20
NODATA_value -9999
[rows 66 to 98 of 459, columns 225 to 299 of 500]
-0.000481289 -0.000483227 -0.000469117 -0.000473185 -0.000481752 -0.000479444 -0.000475473 -0.000479855 -0.000479759 -0.000478664 -0.000474051 -0.0004376 -0.000448525 -0.00047437 -0.000460562 -0.000469292 -0.000443537 0.000467843 0.000448865 0.000461004 0.00061127 0.000611861 0.000537087 0.000468078 0.000440571 0.000436179 -0.000410852 -0.000417865 -0.000499287 -0.000543599 -0.000539557 -0.000347014 -0.000310151 0.000223926 -0.000320313 -0.000720675 0 0 0 0 0 0 0 0 0 0 0 0 0 0 0 0 0 0 0 0 0 0 0 0 0 0 0 0 0 0 0 0 0 0 0 0 0 0 0
0.000452207 -0.000451586 -0.000458079 -0.0004539 -0.000414169 -0.000380006 -0.000428818 -0.000466569 -0.000470848 -0.000471934 -0.000472278 -0.000475455 -0.00046518 -0.000463958 -0.000464888 -0.000472429 -0.000458073 -0.000455531 -0.000420797 0.000356667 0.000610352 0.000501927 0.000441106 0.000450816 0.000441201 -0.000338926 -0.000411097 -0.000451507 -0.000513443 -0.000554118 -0.000399366 -0.000369767 -0.000362286 -0.000381198 -0.00045804 -0.000468716 0 0 0 0 0 0 0 0 0 0 0 0 0 0 0 0 0 0 0 0 0 0 0 0 0 0 0 0 0 0 0 0 0 0 0 0 0 0 0
0.000474242 0.000468163 1.61706e-06 -0.000313562 0.000464805 0.0004746 0.000363026 0.000383675 -0.00072739 -0.000409321 -0.000462228 -0.000477868 -0.000475276 -0.000474326 -0.000473466 -0.000471496 -0.00047265 -0.000470409 -0.000417685 0.000573183 0.00056772 0.000418136 0.000403728 0.000441266 -0.000339121 -0.000424624 -0.000411584 -0.000477007 -0.000487677 -0.00048054 -0.000389474 -0.00041158 -0.000420909 -0.000451464 -0.000470961 -0.000449478 0 0 0 0 0 0 0 0 0 0 0 0 0 0 0 0 0 0 0 0 0 0 0 0 0 0 0 0 0 0 0 0 0 0 0 0 0 0 0
0.00047194 0.000434023 0.000464615 0.000482887 0.000482625 0.000479965 0.000482324 0.000476044 0.000444459 0.000388971 0.0002721 -0.000401461 -0.000469447 -0.000445499 -0.000425438 -0.000424023 -0.000448367 -0.000448048 -0.000267786 0.000616223 0.000491053 0.000469275 0.000460824 0.000396437 -0.00041168 -0.000431196 -0.000465721 -0.000552274 -0.000543319 -0.000415364 -0.000433236 -0.000451977 -0.000468949 -0.000470949 -0.000470259 -0.000472435 0 0 0 0 0 0 0 0 0 0 0 0 0 0 0 0 0 0 0 0 0 0 0 0 0 0 0 0 0 0 0 0 0 0 0 0 0 0 0
0.000475935 0.000474701 0.000473787 0.00046765 0.000480373 0.000480813 0.000463273 0.000473445 0.000476071 0.000478814 0.000475742 0.000441868 0.000420965 0.00027068 0.000723607 0.000368362 0.000359728 0.000430851 0.000470298 0.000588193 0.00050107 0.000488313 0.000442721 -0.000431663 -0.000442847 -0.000448136 -0.000544014 -0.000570253 -0.00059288 -0.000445995 -0.000446624 -0.000451254 -0.000455847 -0.000470848 -0.000463516 -0.00046958 0 0 0 0 0 0 0 0 0 0 0 0 0 0 0 0 0 0 0 0 0 0 0 0 0 0 0 0 0 0 0 0 0 0 0 0 0 0 0
0.000472401 0.000465304 0.000460351 0.000473721 0.000477912 0.000478131 0.000479742 0.000475943 0.000476793 0.000473615 0.000467509 0.000470075 0.000473487 0.000476863 0.000474632 0.000473067 0.000473901 0.000469905 0.000471118 0.000528007 0.000532353 0.000502015 -0.000298666 -0.000426682 -0.000438547 -0.000502447 -0.000565563 -0.000580449 -0.000445588 -0.000452563 -0.000447124 -0.000432365 -0.000443348 -0.000469083 -0.000469373 0 0 0 0 0 0 0 0 0 0 0 0 0 0 0 0 0 0 0 0 0 0 0 0 0 0 0 0 0 0 0 0 0 0 0 0 0 0 0 0
0.000471274 0.000472175 0.000477582 0.000480375 0.000480188 0.000480298 0.000479957 0.000477121 0.000479378 0.000477513 0.000468 0.00043727 0.000443239 0.000439078 0.000455935 0.000465878 0.000456329 0.000422558 0.000593238 0.000531618 0.000511825 0.000342127 -0.000389802 -0.000414525 -0.000450278 -0.000553891 -0.000571558 -0.000570255 -0.000446862 -0.000474467 -0.00046151 -0.000467401 -0.000475365 -0.000473135 -0.000475677 0 0 0 0 0 0 0 0 0 0 0 0 0 0 0 0 0 0 0 0 0 0 0 0 0 0 0 0 0 0 0 0 0 0 0 0 0 0 0 0
0.000467459 0.000469325 0.000474197 0.000479791 0.000469699 0.000446886 0.000462063 0.000478997 0.000478771 0.000474409 0.00047782 0.000478432 0.000455081 0.000468761 0.000466847 0.000455692 0.000421047 0.000470443 0.000568708 0.000543247 0.000381636 0.000434948 0.000300034 -0.000370133 -0.000473963 -0.000563933 -0.00058497 -0.000470597 -0.0003697 -0.000471598 -0.000462391 -0.00045391 -0.000461837 -0.00047654 -0.000468024 0 0 0 0 0 0 0 0 0 0 0 0 0 0 0 0 0 0 0 0 0 0 0 0 0 0 0 0 0 0 0 0 0 0 0 0 0 0 0 0
0.000474942 0.000474747 0.000453937 0.000466092 0.00047912 0.000470057 0.000478104 0.000472166 0.00047137 0.000466929 0.000478181 0.00046635 0.000474662 0.000477177 0.000476278 0.000476428 0.000474856 0.000431154 0.00055024 0.000457616 -0.000911926 0.000447481 0.000423738 0.000358552 -0.000409208 -0.000503422 -0.000543808 -0.000449602 -0.000349843 0.000449597 0.000346807 -0.000446197 -0.000475562 -0.000472266 0 0 0 0 0 0 0 0 0 0 0 0 0 0 0 0 0 0 0 0 0 0 0 0 0 0 0 0 0 0 0 0 0 0 0 0 0 0 0 0 0
0.000474617 0.000475244 0.000467639 0.000458167 0.000474933 0.000465776 0.000417751 0.000437007 0.000476775 0.000478343 0.000478655 0.00047851 0.0004772 0.000478543 0.000477888 0.000477682 0.000433635 0.000515289 0.000467615 -0.000392484 0.000493522 0.00030239 0.000472525 0.000468338 0.000529127 0.000591939 0.000519615 -0.000396449 -0.000396973 0.000290619 0.000459115 -0.000393951 -0.000479005 -0.000477201 0 0 0 0 0 0 0 0 0 0 0 0 0 0 0 0 0 0 0 0 0 0 0 0 0 0 0 0 0 0 0 0 0 0 0 0 0 0 0 0 0
0.000469856 0.000468984 0.000471348 0.000465906 0.000467364 0.000476944 0.000450068 -0.000227965 0.000321297 0.000446715 0.000466077 0.000466328 0.00046863 0.000473606 0.000476365 0.000471398 0.000414637 0.000477101 0.00037365 0.000372744 0.000327654 0.000327415 0.000403932 0.000412258 0.000426825 0.0005339 0.000367502 0.000440596 -0.000388057 -0.000474421 -0.00027387 0.000427494 0.000446418 -0.000430866 0 0 0 0 0 0 0 0 0 0 0 0 0 0 0 0 0 0 0 0 0 0 0 0 0 0 0 0 0 0 0 0 0 0 0 0 0 0 0 0 0
0.000474348 0.000467583 0.00047107 0.000469325 0.000459506 0.000464639 0.000476744 0.00044886 -0.00033487 -0.000424685 -0.000350842 0.000436181 0.000471874 0.000459288 0.000439596 0.000458057 0.000574908 0.00047875 -0.000403966 0.000482703 0.000918381 0.000917884 -0.000386377 -0.00036252 -0.000328845 -0.000457787 -0.000481069 -0.000482372 -0.000449809 -0.000420534 -0.000448719 -0.000464313 -0.000423077 0.000301054 0 0 0 0 0 0 0 0 0 0 0 0 0 0 0 0 0 0 0 0 0 0 0 0 0 0 0 0 0 0 0 0 0 0 0 0 0 0 0 0 0
0.000332826 0.000463778 0.00047422 0.000468968 0.000465849 0.000461418 0.000461067 0.000477209 0.000442548 0.000430877 0.00035785 0.000410257 0.000478815 0.000477149 0.000480906 0.000478853 0.000576634 0.000462832 0.000428083 0.000435874 0.000376331 0.000919911 -0.000453657 -0.000489819 -0.000524969 -0.000467155 -0.000483859 -0.000473187 -0.000479822 -0.000485344 -0.000485224 -0.000486186 -0.000481351 -0.000486663 0 0 0 0 0 0 0 0 0 0 0 0 0 0 0 0 0 0 0 0 0 0 0 0 0 0 0 0 0 0 0 0 0 0 0 0 0 0 0 0 0
-0.000460117 -0.000436651 -0.000332123 0.000450504 0.000467819 0.000463086 0.00046679 0.000470731 0.000477711 0.000461243 0.000401584 -0.000460513 -0.000424657 0.000437067 0.000422555 0.0005437 0.000519032 0.000920829 0.000503741 0.000330746 0.000920638 -0.000398892 -0.000531843 -0.000588627 -0.000642871 -0.000482775 -0.000458341 -0.000426826 -0.000487475 -0.000484415 -0.000482 -0.000487382 -0.000487995 0 0 0 0 0 0 0 0 0 0 0 0 0 0 0 0 0 0 0 0 0 0 0 0 0 0 0 0 0 0 0 0 0 0 0 0 0 0 0 0 0 0
-0.000468415 -0.000460594 -0.00044078 -0.000409018 0.000364931 0.00047273 0.000473367 0.000469439 0.000467881 0.000478452 0.000457543 0.000427319 -0.000440862 -0.000606857 0.000330736 0.000505219 0.000529041 0.000408594 0.000399765 -0.000350154 -0.00036562 -0.000456481 -0.000471953 -0.000589956 -0.000483624 -0.000469741 -0.000486091 -0.000398855 -0.000473271 -0.000489772 -0.000490311 -0.000490765 -0.000489504 0 0 0 0 0 0 0 0 0 0 0 0 0 0 0 0 0 0 0 0 0 0 0 0 0 0 0 0 0 0 0 0 0 0 0 0 0 0 0 0 0 0
-0.000405953 -0.000403758 -0.000421845 -0.00043052 -0.000415483 -0.000385468 0.000466459 0.000472356 0.000471255 0.000469348 0.000479329 0.000482115 0.000441629 0.000536603 0.000628502 0.000582525 0.000467031 0.000488788 -0.000400606 -0.000332503 -0.000379804 -0.000401658 -0.000401854 0.000584438 0.000481349 0.000488709 0.000333861 -0.000408187 -0.000372624 -0.000453239 -0.000483334 -0.000481753 -0.000485703 0 0 0 0 0 0 0 0 0 0 0 0 0 0 0 0 0 0 0 0 0 0 0 0 0 0 0 0 0 0 0 0 0 0 0 0 0 0 0 0 0 0
-0.000463648 -0.00047344 -0.00047308 -0.000461308 -0.000459281 -0.000380911 -0.000317256 0.000451705 0.000440901 0.00041629 0.000406392 0.000434009 0.000463102 0.000616885 0.00064433 0.000603921 0.000463134 0.000391807 -0.000367268 -0.000391864 -0.00033369 -0.0004745 -0.000464998 -0.000454544 -0.00042521 -0.000424223 -0.000458918 -0.000491499 -0.000492458 -0.000493059 -0.000492044 -0.000463607 0 0 0 0 0 0 0 0 0 0 0 0 0 0 0 0 0 0 0 0 0 0 0 0 0 0 0 0 0 0 0 0 0 0 0 0 0 0 0 0 0 0 0
0.000368765 -0.000446081 -0.000473406 -0.00046968 -0.000464254 -0.000469381 -0.000473214 -0.000468055 -0.000441604 0.000476885 0.000435882 0.000429636 0.00044338 0.000622083 0.000617661 0.0005642 0.00048271 -0.000367679 -0.000392431 -0.000402848 -0.000442228 -0.000537696 -0.000481725 -0.000479349 -0.00047272 -0.000478271 -0.000488879 -0.000486432 -0.000477278 -0.000485815 -0.000494594 -0.000495667 0 0 0 0 0 0 0 0 0 0 0 0 0 0 0 0 0 0 0 0 0 0 0 0 0 0 0 0 0 0 0 0 0 0 0 0 0 0 0 0 0 0 0
0.000466399 0.000454832 0.000404941 -0.000439175 -0.000471869 -0.000474349 -0.000474408 -0.000475551 -0.000468136 -0.000474611 -0.000479581 0.000273453 0.000630882 0.00063758 0.000585859 0.000446642 0.000453628 -2.01769e-06 -0.000392688 -0.000442527 -0.000540758 -0.000567754 -0.000476212 -0.000464958 -0.00047122 -0.00049213 -0.000487031 -0.000491578 -0.000495081 -0.000488125 -0.000440601 -0.000483994 0 0 0 0 0 0 0 0 0 0 0 0 0 0 0 0 0 0 0 0 0 0 0 0 0 0 0 0 0 0 0 0 0 0 0 0 0 0 0 0 0 0 0
0.000469103 0.000461574 0.000431695 -0.000354026 -0.000451859 -0.000411654 0.00027967 0.000396142 0.000391419 -0.000297391 -0.000415832 0.000299068 0.000581141 0.00051473 0.000519426 0.00051464 0.000420061 0.00040267 0.000392939 -0.00042887 -0.000535948 -0.000468655 -0.000492379 -0.000494055 -0.000494899 -0.000494279 -0.000485391 -0.000489594 -0.000490567 -0.000493292 -0.000497437 -0.000486522 -0.000636876 -0.000440017 0 0 0 0 0 0 0 0 0 0 0 0 0 0 0 0 0 0 0 0 0 0 0 0 0 0 0 0 0 0 0 0 0 0 0 0 0 0 0 0 0
0.000464153 0.000474461 0.000469506 0.000452587 0.000418795 0.000405938 0.000372403 -0.00028077 0.000339108 0.000438175 0.00045985 0.00047108 -0.000348311 0.000460117 0.000475896 0.000472662 0.00045905 0.000513418 0.000517449 0.000334883 -0.00037282 -0.000486896 -0.000383009 0.000280953 -0.000426195 -0.000471129 -0.000484741 -0.000497574 -0.000491987 -0.000485903 -0.000480942 -0.000494851 -0.000499277 -0.000496468 -0.000430672 -0.000290945 -0.000324143 0 0 0 0 0 0 0 0 0 0 0 0 0 0 0 0 0 0 0 0 0 0 0 0 0 0 0 0 0 0 0 0 0 0 0 0 0 0
0.000464292 0.000460355 0.000456437 0.000469151 0.000475143 0.000435985 0.000400355 -0.00033462 0.000434934 0.000372083 0.000447123 0.000375295 -0.000428989 0.000423714 0.00047124 0.000446125 0.000367971 0.000474528 0.000534846 7.15942e-05 -0.000391618 -0.000389819 0.000449553 0.000463292 0.000314892 -0.000418392 -0.000396125 -0.000412031 -0.000484453 -0.000495624 -0.000497342 -0.000497335 -0.000498198 -0.000498804 -0.000498444 -0.000489792 -0.000499736 -0.000155848 -0.000216818 0 0 0 0 0 0 0 0 0 0 0 0 0 0 0 0 0 0 0 0 0 0 0 0 0 0 0 0 0 0 0 0 0 0 0 0
0.000472357 0.000467551 0.000458981 0.000469784 0.000471897 0.000413014 0.000364963 -0.000430492 -0.000369187 -0.000351311 -0.000395802 0.000514668 0.000515454 0.000486758 0.000438524 2.21185e-06 1.73125e-07 2.38219e-07 2.49628e-06 0.000304745 -0.000253084 0.000479874 0.000491798 0.000493781 0.000489639 0.000441256 0.00041904 0.000471343 0.00046302 -0.000335108 -0.000398193 -0.00041782 -0.000435101 -0.000464267 -0.000500383 -0.000500991 -0.000503745 -0.000448436 -0.000430906 0 0 0 0 0 0 0 0 0 0 0 0 0 0 0 0 0 0 0 0 0 0 0 0 0 0 0 0 0 0 0 0 0 0 0 0
0.000464392 0.000464112 0.000474004 0.000473898 0.000473599 0.000474927 0.000370625 -0.000725764 -0.000476681 -0.000544796 -0.0005133 -0.000514518 0.000473081 0.000423702 0.000438603 2.00068e-06 -3.17803e-11 2.21872e-06 0.000454294 0.000463747 0.00044512 0.000426624 0.000357469 0.00036182 0.000493687 0.000488848 0.000486407 0.000495275 0.000496866 0.000489401 0.000462297 0.000490447 0.000488355 0.000446597 -0.000273129 -0.000473181 -0.000403851 0.000463505 0.000501185 0.000504813 0.000500716 0 0 0 0 0 0 0 0 0 0 0 0 0 0 0 0 0 0 0 0 0 0 0 0 0 0 0 0 0 0 0 0 0 0
0.000458259 0.000461531 0.000471217 0.000473949 0.000463431 0.00043104 0.000395502 0.000393924 0.000478265 0.000526367 0.000917397 0.000495401 0.000569289 0.000478862 0.000400394 1.97952e-06 -3.15175e-07 0.000309173 0.000448893 0.000416963 0.000488871 0.000460578 -0.000463276 -0.000486219 -0.00048802 -0.000483205 0.000315642 0.000352549 0.000467997 0.000496728 0.000496656 0.000499474 0.000492524 0.000461737 0.000472941 0.000502045 0.000497803 0.000503935 0.000500387 0.00050452 0.000434055 0.000493358 0.000452099 -0.00067607 0 0 0 0 0 0 0 0 0 0 0 0 0 0 0 0 0 0 0 0 0 0 0 0 0 0 0 0 0 0 0
0.000449904 0.000468539 0.000468354 0.000471115 0.000470334 0.000415583 0.000415378 0.000477631 0.000619955 0.000635972 0.000588071 0.000597098 0.000542221 0.000416681 2.17845e-06 -1.22775e-06 -0.000924829 -0.00041229 -0.000377655 -0.00039099 -0.000253049 -0.000401208 0.000431443 0.000346121 -0.000488878 -0.000466332 -0.00046676 -0.000497858 -0.000461236 0.000477321 0.00049774 0.000455209 0.000470794 0.000489435 0.0004984 0.000501954 0.000492441 0.000483364 0.000502475 0.000496441 0.000493299 0.000357865 0.000386614 -0.000507212 0 0 0 0 0 0 0 0 0 0 0 0 0 0 0 0 0 0 0 0 0 0 0 0 0 0 0 0 0 0 0
0.000398623 0.000458889 0.000472851 0.000465641 0.000458692 0.000460812 0.000446392 0.00060943 0.000633294 0.00063169 0.000626548 0.000633459 0.000497396 0.00040865 1.99156e-06 -1.79488e-06 -0.000448091 -0.000504001 -0.000417051 -0.000448948 -0.000359802 -0.000468925 -0.000253971 0.000480915 -0.00049564 -0.000482166 -0.000476129 -0.00047892 -0.000472424 -0.000488012 -0.000496791 -0.000405408 0.000388309 0.000458338 0.000495137 0.000500193 0.000502259 0.000495171 0.00046732 0.000434222 0.000454481 0.000468847 0.000505879 0.000364453 0 0 0 0 0 0 0 0 0 0 0 0 0 0 0 0 0 0 0 0 0 0 0 0 0 0 0 0 0 0 0
-0.00042327 -0.000403608 0.000369796 0.000469855 0.00044041 0.00041681 0.000443658 0.000629394 -0.000542909 -0.000591907 0.000361999 0.000587222 0.000542682 0.000438507 2.00597e-06 -1.91543e-06 -0.000352969 -0.000393149 -0.000365849 -0.000368885 -0.000234522 0.000330138 0.000367553 0.000449064 0.000366909 -0.000497209 -0.000488759 -0.00044747 -0.000425711 -0.000439814 -0.00047383 -0.00049629 -0.000485309 -0.000479319 -0.00049893 -0.000319159 -0.00035631 -0.000319816 0.000423035 0.000477201 0.000442326 0.000465854 0.000491349 0.000398147 0.000508345 -0.000420186 0 0 0 0 0 0 0 0 0 0 0 0 0 0 0 0 0 0 0 0 0 0 0 0 0 0 0 0 0
-0.000466761 -0.00044604 -0.000433612 -0.00038921 0.000455892 0.000464854 0.000467882 0.000627218 0.000631589 -0.000477604 0.000917415 0.000535879 0.000388385 0.000432176 1.98799e-06 1.96097e-06 0.000403015 0.000393408 0.000278538 0.000385552 -0.000375405 0.00032488 0.000254051 0.000336553 0.000480919 0.0004125 -0.000441616 -0.000499995 -0.000500908 -0.000498954 -0.000496088 -0.000487622 -0.000495739 -0.000495843 -0.000467273 -0.000441738 -0.000479546 -0.000500589 -0.000482013 -0.000479093 -0.000434765 -0.000321379 0.000468171 0.0004536 0.000494822 -0.000501744 0 0 0 0 0 0 0 0 0 0 0 0 0 0 0 0 0 0 0 0 0 0 0 0 0 0 0 0 0
-0.000448253 -0.000460115 -0.000472915 -0.000472683 -0.000450493 0.000355911 0.000461044 0.000606758 0.000619754 0.000627882 0.000618377 0.000446662 -0.000919915 0.0003072 1.16525e-06 1.74073e-06 0.000421096 0.000492777 0.000374842 0.000390832 1.23325e-06 0.00037306 0.000356925 -0.000325892 -0.000494829 1.69983e-06 0.000449175 -0.000284523 -0.000406699 -0.000460252 -0.000495668 -0.000500514 -0.000501512 -0.000500753 -0.000502675 -0.00050401 -0.000464936 -0.000433223 -0.000462452 -0.000503632 -0.000498532 -0.000495057 -0.000241392 0.000484528 0.000483658 0.000385327 -0.000150859 -0.000377632 0 0 0 0 0 0 0 0 0 0 0 0 0 0 0 0 0 0 0 0 0 0 0 0 0 0 0
-0.00047075 -0.000472912 -0.000460839 -0.000448091 -0.000462969 -0.000472674 -0.00061533 0.000614682 0.000628129 0.000632722 0.000489662 -0.000456416 -2.62385e-06 -0.000378369 -2.32688e-06 1.23093e-06 0.000925221 -0.000334433 -0.00042418 -0.000407589 -0.000288484 0.000348204 -0.000305973 -0.000400274 0.00027029 0.000316861 -0.000741293 0.000499991 0.000500485 0.000478628 -0.000295227 -0.000453104 -0.000463732 -0.000453194 -0.000459432 -0.000451567 -0.000489137 -0.000479244 -0.000505923 -0.000504085 -0.000502388 -0.000506246 -0.000506384 -0.000450547 0.00048369 0.000507839 -0.00040272 -0.000489287 -7.73121e-05 0 0 0 0 0 0 0 0 0 0 0 0 0 0 0 0 0 0 0 0 0 0 0 0 0 0
-0.000472485 -0.000458368 -0.000446706 -0.000456597 -0.000462693 -0.000468488 -0.000623592 -0.000628499 0.000600939 0.000631416 0.00061736 0.000489759 2.34027e-06 -0.000388783 -0.000922214 -2.14879e-06 -0.000333499 -0.000541225 -0.000353879 0.000328375 -0.00041314 -0.000391269 -0.000421815 -0.000432203 0.000452313 0.000484558 0.00049849 0.00049539 0.000491116 0.000498782 0.000484426 0.000411689 -0.000296152 -0.000454662 -0.000465023 -0.000462367 -0.000358431 -0.000344912 -0.000393103 -0.000489343 -0.000505114 -0.000475543 -0.000483904 -0.000506361 0.000307452 0.000468222 0.000486521 0.000501684 -0.000408157 0 0 0 0 0 0 0 0 0 0 0 0 0 0 0 0 0 0 0 0 0 0 0 0 0 0
-0.000469358 -0.00047005 -0.00047201 -0.000473056 -0.000470626 -0.000621827 -0.000627668 -0.000629207 -0.00062984 -0.000559706 0.000581817 0.000530787 0.000328427 -0.00034839 -0.000437424 -0.000400316 -0.000433035 -0.000477556 0.000265317 -0.000322948 -0.00046004 -0.00043779 -0.000421717 -0.00041796 0.000465334 0.00047303 0.000486157 0.000479527 0.000466165 0.000239249 -0.000295453 -0.000400848 -0.000468959 -0.00049031 -0.00049967 -0.000504837 -0.000506058 -0.000506451 -0.00050687 -0.000497028 -0.000497543 -0.000486328 -0.000505834 -0.000487734 -0.000507668 0.000315746 0.000473556 0.000502858 0.000505856 0.000277195 -0.000312185 0 0 0 0 0 0 0 0 0 0 0 0 0 0 0 0 0 0 0 0 0 0 0 0
