Outputs/initial_cond/v_35m.asc
ncols 286
nrows 263
xllcorner 528670
yllcorner 5.07686e+06
cellsize 35
NODATA_value -9999
[rows 136 to 169 of 263, columns 76 to 151 of 286]
0 0 0 0 0 0 0 0 0 0 0 0 0 0 0 0 0 0 0 0 0 0 0 0 0 0 0 0 0 0 0 0 0 0 0 0 0 0 0 0 -0.0008221 -0.000842637 -0.000847003 -0.000851802 -0.00085696 -0.000858709 -0.000861858 -0.0008624 -0.000862094 -0.000859525 -0.000834759 0.000526744 0.000834968 0.000854463 0.000855924 0.000744395 0.000738189 0.000853251 -0.000664676 0.000760043 0.000841778 0.000857135 0.000845656 0.000706362 0.000600623 0.000527696 0.000570024 0.000655678 0.000773496 -0.000759921 -0.000755552 -0.000728883 -0.000411368 0.000638159 0.00077815 0.000704121
0 0 0 0 0 0 0 0 0 0 0 0 0 0 0 0 0 0 0 0 0 0 0 0 0 0 0 0 0 0 0 0 0 0 0 0 0 0 0 0 0 -0.000830167 -0.000857468 -0.000862078 -0.000862883 -0.000860927 -0.000862212 -0.000854427 -0.000864189 -0.000831058 -0.000839186 -0.00071175 0.000783299 0.00082574 0.00083728 0.000855328 0.000746595 0.00064371 0.000559205 0.000571922 0.000569682 0.0005393 0.000545823 0.000665901 0.000658942 0.00060474 0.000560065 0.000504546 0.000436896 0.000533179 0.000664632 0.000590515 0.000661142 0.000672774 0.000772533 0.000783602
0 0 0 0 0 0 0 0 0 0 0 0 0 0 0 0 0 0 0 0 0 0 0 0 0 0 0 0 0 0 0 0 0 0 0 0 0 0 0 0 0 -0.000824073 -0.000841667 -0.000862881 -0.000863792 -0.000864631 -0.000864719 -0.000858815 -0.0008616 -0.000860184 -0.000842835 -0.000827095 0.000711532 0.000840819 0.000844296 0.000854002 0.000852447 0.000844047 0.000796491 0.000802401 0.00080229 0.000814636 0.000711685 0.00072387 0.000748338 0.000735734 0.000748746 0.000742872 0.00069336 0.000507538 0.00048943 0.000633098 0.00072738 0.00071113 0.000769433 0.000670423
0 0 0 0 0 0 0 0 0 0 0 0 0 0 0 0 0 0 0 0 0 0 0 0 0 0 0 0 0 0 0 0 0 0 0 0 0 0 0 0 0 0 -0.000829082 -0.000860747 -0.000865403 -0.000863467 -0.000864454 -0.000832922 -0.000465169 0.000696508 0.000635209 -0.000754973 -0.00055699 0.000814505 0.000852338 0.000852588 0.000852908 0.00085329 0.000854028 0.000849359 0.000745974 0.000752433 0.000708032 0.000733907 0.000740573 0.000744439 0.000756263 0.000756107 0.000762325 0.000762116 0.00068124 0.000729239 0.000777799 0.00071222 0.000699497 0.000692346
0 0 0 0 0 0 0 0 0 0 0 0 0 0 0 0 0 0 0 0 0 0 0 0 0 0 0 0 0 0 0 0 0 0 0 0 0 0 0 0 0 0 0 -0.000856573 -0.000865586 -0.000865666 -0.000764999 -0.000864114 -0.0008209 -0.000848183 -0.000860631 -0.000849124 -0.000777665 0.000764528 0.000841001 0.000844765 0.000835182 0.000835173 0.000827373 0.000654742 0.000686793 0.000748593 0.00075249 0.000746879 0.000747753 0.000749169 0.000751518 0.000758847 0.000757679 0.000764775 0.000733873 0.000661226 0.000690874 0.000757746 0.000717659 0.00130128
0 0 0 0 0 0 0 0 0 0 0 0 0 0 0 0 0 0 0 0 0 0 0 0 0 0 0 0 0 0 0 0 0 0 0 0 0 0 0 0 0 0 0 -0.000863752 -0.000864354 -0.000765481 -0.000762525 -0.000753126 -0.000659544 -0.000751836 -0.000760107 0.000515468 -0.00070954 0.000479286 0.000832924 0.00083008 0.000817348 0.000720802 0.000725823 0.000659301 -0.000444788 0.000574155 0.00074123 0.000752643 0.000749134 0.00075493 0.000755736 0.000758833 0.000762031 0.000765208 0.000763933 0.000700391 0.000640372 0.000713866 0.00079099 0.000597057
0 0 0 0 0 0 0 0 0 0 0 0 0 0 0 0 0 0 0 0 0 0 0 0 0 0 0 0 0 0 0 0 0 0 0 0 0 0 0 0 0 0 0 0 -0.000866998 -0.000762686 -0.000765945 -0.000738248 -0.000739955 -0.000756822 -0.000760165 -0.000741378 -0.000739173 -0.000723611 0.000654946 0.000736649 0.000731065 0.000710921 0.000736484 0.000749807 0.00074408 0.000696641 0.000734357 0.000750699 0.000743923 0.000750789 0.000755159 0.000758083 0.000760416 0.000764848 0.000765459 0.00074538 0.000647747 0.000677118 0.000786618 0.000716681
0 0 0 0 0 0 0 0 0 0 0 0 0 0 0 0 0 0 0 0 0 0 0 0 0 0 0 0 0 0 0 0 0 0 0 0 0 0 0 0 0 0 0 0 -0.000867892 -0.000766158 -0.00076627 -0.000757167 -0.000747404 -0.000755328 -0.000749129 -0.00074346 -0.000628597 -0.000716451 -0.000663733 0.000727527 0.000722886 0.000691037 0.000717207 0.00074473 0.000752933 0.000752417 0.000751066 0.000752098 0.000751198 0.000752996 0.000754971 0.000757525 0.000761011 0.000762893 0.000762859 0.000766095 0.000773169 0.000737042 0.00077963 0.000789533
0 0 0 0 0 0 0 0 0 0 0 0 0 0 0 0 0 0 0 0 0 0 0 0 0 0 0 0 0 0 0 0 0 0 0 0 0 0 0 0 0 0 0 0 -0.000865034 -0.000765757 -0.000757152 -0.000698815 -0.000749023 -0.000762292 -0.000742979 -0.000730965 -0.000758509 -0.000749521 -0.000700772 0.000676376 0.000726125 0.000750324 0.000748901 0.000748153 0.000749996 0.000748468 0.00072632 0.00072001 0.000734011 0.000746197 0.000753643 0.000750148 0.000759319 0.000759827 0.000763501 0.000711603 0.000689643 0.000485717 0.000667197 0.000750525
0 0 0 0 0 0 0 0 0 0 0 0 0 0 0 0 0 0 0 0 0 0 0 0 0 0 0 0 0 0 0 0 0 0 0 0 0 0 0 0 0 0 0 0 0 -0.000765862 -0.00072997 -0.000757558 -0.000691084 -0.000724445 -0.000730585 -0.000657791 -0.000760534 -0.000718413 -0.000701296 0.00054611 0.000747301 0.000745798 0.00074777 0.000750996 0.000746365 0.000748426 0.000750157 0.000706804 0.000719126 0.00074782 0.000752107 0.000754537 0.000759882 0.000762566 0.000732644 0.000676743 0.000760449 0.000731858 0.000688569 0.000736122
0 0 0 0 0 0 0 0 0 0 0 0 0 0 0 0 0 0 0 0 0 0 0 0 0 0 0 0 0 0 0 0 0 0 0 0 0 0 0 0 0 0 0 0 0 0.000705959 0.000685011 -0.000615835 -0.000767151 -0.000728214 -0.00074059 -0.00074788 -0.000751719 -0.000757503 -0.000722415 -0.000707337 0.00067332 0.000748063 0.000749076 0.000749213 0.000744211 0.000750923 0.000749947 0.000750435 0.000731909 0.000752149 0.000854543 0.000851841 0.000857056 0.000852704 0.000628307 0.000656264 0.000675548 0.000780001 0.000780852 0.000794463
0 0 0 0 0 0 0 0 0 0 0 0 0 0 0 0 0 0 0 0 0 0 0 0 0 0 0 0 0 0 0 0 0 0 0 0 0 0 0 0 0 0 0 0 0 0.000751798 0.000757496 0.000758485 0.000748246 0.000727166 0.000765531 -0.000669426 -0.00075417 -0.000661253 -0.000754957 -0.00074793 -0.0007461 0.000606906 0.000724016 0.000702169 0.000741689 0.000750634 0.00074872 0.000848482 0.000853703 0.000850694 0.00085529 0.000855353 0.000809105 -0.000706491 -0.000708213 -0.000764249 -0.000698664 0.000703796 0.000780791 0.000788052
0 0 0 0 0 0 0 0 0 0 0 0 0 0 0 0 0 0 0 0 0 0 0 0 0 0 0 0 0 0 0 0 0 0 0 0 0 0 0 0 0 0 0 0 0 0.000755516 0.000754853 0.000751734 0.000726636 0.000720788 0.000722318 0.000729042 0.000737522 -0.000754798 -0.000622321 -0.000573162 0.000717831 0.00074248 0.00058977 0.00081762 0.000842376 0.000840026 0.000842506 0.000845994 0.000850865 0.000850454 0.000839046 0.00084491 -0.000823446 -0.000775674 -0.000708984 -0.000508838 -0.000497992 -0.000850035 -0.000777263 0.00056632
0 0 0 0 0 0 0 0 0 0 0 0 0 0 0 0 0 0 0 0 0 0 0 0 0 0 0 0 0 0 0 0 0 0 0 0 0 0 0 0 0 0 0 0 0.000765858 0.000737461 0.000740618 0.000727893 0.000720592 0.000723116 0.000738473 0.000711314 0.000723449 0.000724731 0.000665209 0.000682738 0.000694999 0.000711753 0.000778514 0.000826343 0.000842126 0.000824425 0.000829563 0.000839544 0.000843116 0.000832925 0.000844495 0.000786488 0.000823844 0.000834917 0.000678885 0.000632322 0.00069269 0.000797303 0.000637138 0.000893631
0 0 0 0 0 0 0 0 0 0 0 0 0 0 0 0 0 0 0 0 0 0 0 0 0 0 0 0 0 0 0 0 0 0 0 0 0 0 0 0 0 0 0 0.000767098 0.000675276 0.000756606 0.000757044 0.000723901 0.000721001 0.000727819 0.000734144 0.000708989 0.000718291 0.000725198 0.000745816 0.000748658 0.000732196 0.000806392 0.000810485 0.00083237 0.000833926 0.000834913 0.000824456 0.00083654 0.000842837 0.000848913 0.00080626 0.000673566 0.000796493 0.000635461 0.000669122 -8.85566e-07 -0.00065593 0.000726998 0.000875301 0.00117857
0 0 0 0 0 0 0 0 0 0 0 0 0 0 0 0 0 0 0 0 0 0 0 0 0 0 0 0 0 0 0 0 0 0 0 0 0 0 0 0 0.00074229 0.000752554 0.000717994 0.000750883 0.000681436 0.000603036 0.00075354 0.000742696 0.000729973 0.000751803 0.00071241 0.000710039 0.000608792 0.000632942 0.000750095 0.000748108 0.000718333 0.000817026 0.000821296 0.000833404 0.000841453 0.000824025 0.000842124 0.000818432 0.000808371 0.000851432 0.000656967 -0.000570968 0.000675177 0.000808002 0.000819142 0.00079169 0.00056147 -0.000966104 0.00110298 0.00118361
0 0 0 0 0 0 0 0 0 0 0 0 0 0 0 0 0 0 0 0 0 0 0 0 0 0 0 0 0 0 0 0 0 0 0.000748207 0.000751445 0.000753738 0.00074499 0.000752394 0.000745593 0.000751166 0.000750707 0.000749487 0.000703816 0.000687734 0.000765916 0.000699931 0.000759351 0.000705826 0.000728342 0.000748665 0.000726335 0.000744686 0.000751291 0.000748787 0.000747054 0.000824457 0.000802002 0.000813364 0.000818351 0.000814211 0.000840197 0.000778971 0.000833793 0.000852087 0.000757757 -0.000740531 -0.00076852 0.000740149 0.00074358 0.000762054 0.00076069 0.000848748 0.000610964 0.00116727 0.0011471
0 0 0 0 0 0 0 0 0 0 0 0 0 0 0 0 0 0 0 0 0 0 0 0 0 0 0 0 0 0 0 0.000751544 0.000752994 0.000754684 0.000752108 0.000755312 0.00075095 0.000755391 0.000757004 0.000749214 0.000754634 0.000742134 0.000756435 0.000725777 0.000752849 0.000743805 0.000761463 -0.000460714 0.000735234 0.000707748 0.000697131 0.000752874 0.000748849 0.000743176 0.000748097 0.000844735 0.000841733 0.000759583 0.000816085 0.000817546 0.000809651 0.00073344 0.000829739 0.000844507 0.00084445 0.000788764 0.000742831 0.000657572 -0.000586474 -0.000823783 -0.000867971 -0.000998288 0.00115002 0.00102213 0.00110408 0.00113118
0 0 0 0 0 0 0 0 0 0 0 0 0 0 0 0 0 0 0 0 0 0 0 0 0 0 0 0 0 0 0.000749328 0.000752419 0.000748505 0.00074048 0.000745128 0.000752285 0.000754841 0.000760518 0.000757718 0.000741811 0.000754086 0.000746931 0.000738739 0.000753347 0.000753344 0.000764448 0.000761737 0.00073991 0.000753641 0.000746816 0.000740507 0.000750024 0.00072781 0.000719241 0.000743594 0.000844369 0.000792464 0.000739932 0.000844991 0.000844997 0.000779163 0.000795597 0.000834939 0.000849801 0.000821743 0.000748868 0.000836546 0.000800866 0.000723501 0.000635213 -0.000742582 0.00112982 0.0010934 0.000992882 0.00105961 0.00113991
0 0 0 0 0 0 0 0 0 0 0 0 0 0 0 0 0 0 0 0 0 0 0 0 0 0 0 0 0 0.000748183 0.00074791 0.000751939 0.000752422 0.000754533 0.000755233 0.000757635 0.000756354 0.000759037 0.000755987 0.0007467 0.000754006 0.000758956 0.00073498 0.000751428 0.000757242 0.000760569 0.000761591 0.000674894 0.000686077 0.000753915 0.000754887 0.000754117 0.000751978 0.000690562 0.000553676 0.00081999 0.000800656 0.000809334 0.000842835 0.000798741 0.000814465 0.000842268 0.000841919 0.000844541 0.000798629 0.000806458 0.000852926 0.000859701 0.000852836 -0.000709201 0.000843774 0.00106255 0.00108606 0.00107672 0.00107372 0.000799629
0 0 0 0 0 0 0 0 0 0 0 0 0 0 0 0 0 0 0 0 0 0 0 0 0 0 0 0 0 0.00074749 0.000748168 0.000747363 0.000751525 0.000753697 0.000753856 0.000755759 0.000752794 0.000759043 0.000756236 0.000753109 0.000751237 0.000760117 0.000749761 0.000750006 0.000741392 0.000738461 0.00070849 0.000722862 0.000750224 0.000748581 0.000754443 0.000730981 0.000742777 0.000826505 0.000622647 0.000442608 0.00084469 0.000844801 0.000829773 0.000841045 0.000808119 0.000796725 0.00084221 0.00082602 0.000823744 0.000843194 0.000856058 0.000855745 0.000812671 0.000752265 0.00112932 0.00108841 0.00111874 0.00081802 0.000865971 0.000863555
0 0 0 0 0 0 0 0 0 0 0 0 0 0 0 0 0 0 0 0 0 0 0 0 0 0 0 0 0.000845952 0.000747454 0.000748781 0.000750587 0.000750758 0.000753428 0.000754558 0.000749088 0.000752397 0.000757262 0.000755663 0.000756932 0.000743295 0.000745232 0.000756204 0.000748749 0.000741492 0.000711469 0.000805251 0.000755277 0.000755269 0.000751971 0.000748898 0.000751884 0.00069354 0.000801927 0.000754793 -0.00066182 0.000774448 0.000845954 0.000841152 0.000834925 0.000849881 0.00084644 0.000804218 0.000702761 0.000851921 0.000813905 0.000790714 0.000800528 0.000776068 0.000824818 0.00111347 0.000852405 0.000826415 0.00082622 0.000831343 0.000795333
0 0 0 0 0 0 0 0 0 0 0 0 0 0 0 0 0 0 0 0 0 0 0 0 0 0 0 0 0.000846033 0.00084779 0.000848696 0.000851443 0.000851689 0.000851964 0.000855051 0.000846381 0.000751431 0.00075749 0.00075136 0.000750255 0.000744485 0.000722676 0.000737523 0.000750451 0.000756866 0.000852501 0.000857334 0.000836536 0.000854796 0.000752286 0.000849307 0.000845328 0.000817311 0.000704667 0.000811142 0.000734177 0.000768504 0.000829903 0.000753759 0.000792702 0.000760625 -0.000794058 -0.000743649 0.000834073 0.000852193 -0.000826999 -0.000803315 0.000832532 0.000782608 0.000845517 0.00102764 0.000816476 0.000841883 -0.000800048 -0.000688625 -0.000682735
0 0 0 0 0 0 0 0 0 0 0 0 0 0 0 0 0 0 0 0 0 0 0 0 0 0 0 0 0.000838955 0.000846817 0.000843909 0.000845154 0.00084646 0.000853007 0.000838713 0.00084497 0.000753197 0.000753881 0.000749875 0.000727946 0.000738107 0.000687325 0.000728985 0.000749574 0.000859707 0.000860721 0.000855827 0.000692814 0.000737458 0.000809993 0.000852986 0.000848094 0.000849343 0.000739772 0.000729715 0.000808269 0.000752183 0.00057113 -0.000717749 -0.000714618 0.000549926 0.000840057 0.000849401 0.000833534 -0.000629678 -0.000817524 -0.000857973 -0.000642493 -0.000832146 0.000741371 0.000706028 0.000784728 -0.000813719 -0.000757257 -0.000637432 -0.000631087
0 0 0 0 0 0 0 0 0 0 0 0 0 0 0 0 0 0 0 0 0 0 0 0 0 0 0 0 0.000827977 0.000836851 0.000844969 0.000847734 0.000851059 0.000850945 0.000854997 0.000853443 0.000855646 0.000853852 0.000738893 0.000706146 0.000695922 0.000734194 0.000825273 0.000847697 0.000858697 0.00084263 0.000857725 0.000856899 0.000755641 0.000759821 0.000802479 0.000850335 0.000847003 0.000836271 0.000691268 0.000784033 0.000817715 -0.000668161 -0.00055246 0.000729211 0.000830548 0.000844161 0.000813816 0.000823996 0.000772686 0.000813601 -0.000738301 -0.000851687 -0.00070316 -0.000684316 -0.000811101 -0.000838871 -0.000849556 -0.000855951 -0.000752599 -0.000616183
0 0 0 0 0 0 0 0 0 0 0 0 0 0 0 0 0 0 0 0 0 0 0 0 0 0 0 0 0.00076441 0.000827839 0.000842985 0.000845045 0.000848695 0.000850918 0.000845828 0.000839933 0.000849198 0.000853695 0.000850228 0.00074985 0.000747668 0.000852038 0.000855226 0.000854071 0.000853434 0.000856582 0.000841367 0.000850836 0.00085274 0.000810615 0.000819306 0.000844561 0.000841359 0.000845246 0.000840202 0.000815864 0.000798396 0.000613378 0.000743928 0.000829028 0.000841298 0.000834781 0.000816157 -0.000797497 -0.0007304 0.000765187 0.000776024 0.000642051 -0.000784769 -0.000737327 -0.000691713 -0.000723034 -0.000813682 0.000489636 0.000854246 0.000722205
0 0 0 0 0 0 0 0 0 0 0 0 0 0 0 0 0 0 0 0 0 0 0 0 0 0 0 0 0.000742651 0.000812626 0.000846789 0.000846622 0.000838918 0.00085049 0.000832795 0.000819406 0.000834115 0.000847335 0.000844748 0.000835143 0.000848591 0.00085111 0.000851682 0.000847687 0.000853924 0.000854071 0.000820646 0.000843624 0.000847139 0.000847845 0.000830291 0.00084059 0.00084308 0.000829133 0.000834327 0.000841936 0.000823297 0.00084135 0.000840465 0.000845413 0.000844476 0.000673403 -0.000818907 -0.000787765 -0.000777563 -0.000701197 0.000852238 0.000770991 0.000802577 -0.000845863 -0.00069174 -0.000698715 -0.000738315 -0.00084561 0.000783711 0.000725725
0 0 0 0 0 0 0 0 0 0 0 0 0 0 0 0 0 0 0 0 0 0 0 0 0 0 0 0 0.000528312 0.000751247 0.000838309 0.00084393 0.000846528 0.000847433 0.000822518 0.000820218 0.000845179 0.000850237 0.000846398 0.000836839 0.000848134 0.000839572 0.000846462 0.000801923 0.000834123 0.000851955 0.000851645 0.000822161 0.000849071 0.000847778 0.000841074 0.000821745 0.000830401 0.000838685 0.000829315 0.000840364 0.000567928 0.000720988 0.00082167 0.000815532 -0.000499844 -0.000839183 -0.000838148 -0.000808916 -0.000792288 -0.000696398 0.000798526 0.000801709 0.00084059 -0.00083921 -0.000846541 -0.000751458 -0.000709977 -0.000727778 -0.000775021 -0.000863135
0 0 0 0 0 0 0 0 0 0 0 0 0 0 0 0 0 0 0 0 0 0 0 0 0 0 0 0 0.000716242 0.000799285 0.000821873 0.000842146 0.000843227 0.000845053 0.000846057 0.000846202 0.00083966 0.000827865 0.000847374 0.000846916 0.000839747 0.000847526 0.000830101 0.000832503 0.000796437 0.000841716 0.000849348 0.000840804 0.000823694 0.000845377 0.000834122 0.000812072 0.000818345 0.000834745 0.000808012 -0.00065441 -0.000792434 -0.000824015 -0.000836834 -0.000844717 -0.000840364 -0.000846868 -0.000842917 -0.000839807 -0.000761386 -0.00139918 0.000801852 0.00084528 -0.00132475 -0.000795945 -0.00085981 -0.000846333 -0.000795689 -0.000695754 -0.000682188 -0.000654989
0 0 0 0 0 0 0 0 0 0 0 0 0 0 0 0 0 0 0 0 0 0 0 0 0 0 0 0.000796995 0.000798778 0.00083403 0.000840407 0.000840644 0.000832603 0.000744375 0.000794796 0.000840325 0.00083526 0.00074597 0.00074626 0.000827919 0.000830525 0.000840753 0.000841956 0.000844614 0.000839529 0.000812588 0.000843934 0.000842847 0.000812728 0.000836683 0.00084209 0.000817419 0.000799634 0.000697981 -0.00071909 -0.000744224 -0.000654148 -0.000752323 -0.000819273 -0.000830895 -0.000803364 -0.000748887 -0.000786732 -0.000780508 -0.000807306 -0.00068708 -0.000777355 -0.000695847 -0.00072713 -0.000857716 -0.000643087 -0.000853651 -0.000783179 -0.000732335 -0.000729447 -0.000679711
0 0 0 0 0 0 0 0 0 0 0 0 0 0 0 0 0 0 0 0 0 0 0 0 0 0.000804453 0.000814851 0.000808544 0.000828546 0.00080255 0.000811371 0.000819319 0.000800266 0.0007811 0.000784344 0.00083614 0.000846499 0.000797967 0.000531563 0.000611015 0.000760704 0.000823317 0.000844078 0.000844678 0.000847129 0.00082237 0.000817013 0.000840686 0.000841538 0.000840945 0.000790936 0.000759548 0.00070229 -0.000734764 -0.000807754 -0.000837137 -0.000812795 -0.000750165 -0.000762478 -0.000706493 -0.000610239 -0.000771123 -0.000798912 -0.000811246 -0.000696455 -0.000779486 -0.000843334 -0.000846828 -0.000828092 0.000722987 -0.000772222 0.00140514 -0.000862484 -0.000855626 -0.000833321 -0.00086374
0 0 0 0 0 0 0 0 0 0 0 0 0 0 0 0 0 0 0 0 0 0 0 0.000696249 0.000781342 0.000817951 0.000820568 0.00081414 0.000831836 0.00081389 0.00079196 0.000818731 0.000650305 0.000771639 0.000788088 0.000801394 0.000841298 0.000844745 0.000747729 -0.000501824 -0.00131376 0.000747109 0.000843199 0.000834941 0.000840686 0.000844429 0.000789676 0.000805274 0.000813786 0.000784843 0.000738023 0.00071588 -0.000764609 -0.00080153 -0.000839247 -0.000842787 -0.000843487 -0.000835455 -0.000827227 -0.00081543 -0.000813249 -0.000743909 -0.000786539 -0.000704388 -0.000804679 -0.000833504 -0.000804044 -0.000842111 -0.000711874 -0.000824338 -0.000812442 -0.000857458 0.000859651 0.000855616 0.000859414 0.000864885
0 0 0 0 0 0 0 0 0 0 0 0 0 0 0 0 0.0010128 0.000999125 0.000705748 0.000768914 0.000792687 0.000643757 0.000523259 -0.000606651 0.00146141 0.000729988 0.000799027 0.000819897 0.000810864 0.000788596 0.000798375 0.000779448 0.000824561 0.000813436 0.000836881 0.000814641 0.000829452 0.000834168 0.000843215 0.000787878 0.000774661 0.00063125 0.000818556 0.000839047 0.000839008 0.000842614 0.000825025 0.000757606 0.000645605 0.000685778 0.000718283 0.000491316 -0.000753802 -0.00082612 -0.000842417 -0.000845393 -0.000843306 -0.000843599 -0.000848374 -0.000848637 -0.000849732 -0.000847219 -0.000758732 -0.000795906 -0.000843083 -0.000838398 -0.000785547 0.000603791 -0.00059771 -0.000821365 -0.000825325 -0.000862719 -0.000842131 -0.000565662 0.000624906 -0.000868537
0 0 0 0 0 0 0 0 0 0 0 0 0 0.00104952 0.00101364 0.00100291 0.0010252 0.000755307 0.00075737 0.000743895 0.000771317 0.000756657 0.000575119 -0.00122176 -0.000519137 -0.00113039 0.000506855 0.00074387 0.000756992 0.00066901 0.000546087 0.000744741 0.000828987 0.000842699 0.000842482 0.000844143 0.00084027 0.000843433 0.000835345 0.000841424 0.00082219 0.000789405 0.000675331 0.000835515 0.000840304 0.000831901 0.000826599 0.000837858 0.00083392 0.000718201 0.000688809 -0.000772179 -0.00082307 -0.000831231 -0.000826784 -0.000825632 -0.000847297 -0.000850946 -0.000851965 -0.000852615 -0.000853112 -0.000854274 -0.000854739 -0.00082819 -0.000783048 -0.00082452 -0.000790044 -0.00073045 -0.000857624 -0.000822077 -0.000716512 -0.000728623 -0.000843312 -0.000870758 -0.000865388 0.000842809
