Outputs/initial_cond/v_35m.asc
ncols 286
nrows 263
xllcorner 528670
yllcorner 5.07686e+06
cellsize 35
NODATA_value -9999
[rows 68 to 101 of 263, columns 152 to 227 of 286]
-0.000869921 -0.000898524 -0.000901946 -0.00091388 -0.000930169 -0.000900349 -0.000927274 -0.000931158 -0.000928406 -0.00091546 -0.000888872 -0.000881638 -0.000917409 -0.000930415 -0.000934297 -0.00093701 -0.00085249 0 0 0 0 0 0 0 0 0 0 0 0 0 0 0 0 0 0 0 0 0 0 0 0 0 0 0 0 0 0 0 0 0 0 0 0 0 0 0 0 0 0 0 0 0 0 0 0 0 0 0 0 0 0 0 0 0 0 0
-0.000865154 -0.00087729 -0.000919871 0.00146035 0.000818744 -0.000871225 -0.000688898 -0.000669455 -0.000923624 -0.000927544 -0.000926981 -0.000888566 -0.00088773 -0.000921422 -0.000928767 -0.000935387 -0.000934991 -0.000905005 0 0 0 0 0 0 0 0 0 0 0 0 0 0 0 0 0 0 0 0 0 0 0 0 0 0 0 0 0 0 0 0 0 0 0 0 0 0 0 0 0 0 0 0 0 0 0 0 0 0 0 0 0 0 0 0 0 0
-0.000914933 -0.000902338 -0.000927851 -0.000908571 -0.000694182 -0.000587159 0.000559038 0.000521356 0.000648119 -0.000823186 -0.000902905 -0.00093013 -0.00091393 -0.000898378 -0.000920852 -0.000933758 -0.000939704 -0.000943303 -0.000899641 0 0 0 0 0 0 0 0 0 0 0 0 0 0 0 0 0 0 0 0 0 0 0 0 0 0 0 0 0 0 0 0 0 0 0 0 0 0 0 0 0 0 0 0 0 0 0 0 0 0 0 0 0 0 0 0 0
-0.000924027 -0.0009256 -0.00091048 -0.000929195 -0.000930418 -0.000912053 -0.000927575 -0.000925462 -0.00091968 -0.000808461 -0.000762436 -0.000793867 -0.000906973 -0.000901975 -0.000909254 -0.000919447 -0.000938253 -0.000945377 -0.00094546 -0.000861737 0 0 0 0 0 0 0 0 0 0 0 0 0 0 0 0 0 0 0 0 0 0 0 0 0 0 0 0 0 0 0 0 0 0 0 0 0 0 0 0 0 0 0 0 0 0 0 0 0 0 0 0 0 0 0 0
-0.000922304 -0.000907427 -0.000927178 -0.000867784 -0.000907597 -0.000928522 -0.000872805 -0.000925771 -0.000930153 -0.000933914 -0.000930205 -0.000894748 0.000577572 0.000734385 -0.000743835 -0.000774499 -0.000870763 -0.000928089 -0.000946822 -0.00094464 -0.000781832 0 0 0 0 0 0 0 0 0 0 0 0 0 0 0 0 0 0 0 0 0 0 0 0 0 0 0 0 0 0 0 0 0 0 0 0 0 0 0 0 0 0 0 0 0 0 0 0 0 0 0 0 0 0 0
-0.000897454 -0.000921066 -0.000926224 -0.000926095 -0.000925674 -0.000931123 -0.000929421 -0.000782269 -0.000828274 -0.000756996 -0.00075289 0.000933931 0.00123452 0.000932287 0.000937034 0.000943051 0.000929095 0.000840982 0.000640151 -0.000899957 -0.000950865 0 0 0 0 0 0 0 0 0 0 0 0 0 0 0 0 0 0 0 0 0 0 0 0 0 0 0 0 0 0 0 0 0 0 0 0 0 0 0 0 0 0 0 0 0 0 0 0 0 0 0 0 0 0 0
-0.000728416 -0.000758089 -0.000711121 -0.000916529 -0.000928968 -0.000888044 -0.000754758 0.000886216 0.000931338 0.000934933 0.00122938 0.00122714 0.00122862 0.00124866 0.00123856 0.00120022 0.00117301 0.00123704 0.00120896 0.000774897 -0.000825227 0 0 0 0 0 0 0 0 0 0 0 0 0 0 0 0 0 0 0 0 0 0 0 0 0 0 0 0 0 0 0 0 0 0 0 0 0 0 0 0 0 0 0 0 0 0 0 0 0 0 0 0 0 0 0
-0.000805235 -0.000822477 -0.000804451 -0.000872204 -0.000861947 0.000918911 0.000921093 0.000924163 0.000933484 0.00121551 0.00121535 0.00124668 0.00124806 0.00122469 0.00125 0.00125186 0.00125893 0.00124254 0.00112663 0.000934593 0.000950573 0.000747157 -0.000644171 0 0 0 0 0 0 0 0 0 0 0 0 0 0 0 0 0 0 0 0 0 0 0 0 0 0 0 0 0 0 0 0 0 0 0 0 0 0 0 0 0 0 0 0 0 0 0 0 0 0 0 0 0
-0.000881338 -0.000877091 -0.000905513 -0.000843321 0.000908883 0.000905805 0.000917848 0.000931106 0.00122162 0.00122134 0.00123234 0.00124768 0.00121868 0.00125088 0.0012431 0.00124253 0.00123564 0.0012601 0.00125767 0.00124237 0.00106022 0.000744158 -0.000832095 0 0 0 0 0 0 0 0 0 0 0 0 0 0 0 0 0 0 0 0 0 0 0 0 0 0 0 0 0 0 0 0 0 0 0 0 0 0 0 0 0 0 0 0 0 0 0 0 0 0 0 0 0
-0.00091444 -0.000912613 -0.00085817 0.000861601 0.000885868 0.00090579 0.000927322 0.00092843 0.00121257 0.00124453 0.00124728 0.00124607 0.00120554 0.000793052 -0.00103399 -0.000982244 -0.00106453 -0.00111239 -0.00107971 0.000758323 0.000881147 0.000804409 0.000897274 0 0 0 0 0 0 0 0 0 0 0 0 0 0 0 0 0 0 0 0 0 0 0 0 0 0 0 0 0 0 0 0 0 0 0 0 0 0 0 0 0 0 0 0 0 0 0 0 0 0 0 0 0
-0.000809675 0.000846364 0.000911803 0.000902556 0.000876084 0.000927071 0.000915163 0.000898112 0.00123943 0.00102586 -0.00105958 -0.00115525 -0.00114688 -0.000873958 0.000745595 -0.000740562 -0.000634038 -0.00100691 -0.001092 0.000740067 0.00124907 0.00125913 0.00124783 0.000894595 0 0 0 0 0 0 0 0 0 0 0 0 0 0 0 0 0 0 0 0 0 0 0 0 0 0 0 0 0 0 0 0 0 0 0 0 0 0 0 0 0 0 0 0 0 0 0 0 0 0 0 0
0.000899826 0.000876643 0.000891986 0.000821119 0.000868156 0.000920687 0.000921793 0.00109959 -0.00113822 -0.00117971 -0.00125 -0.00125238 -0.00124578 -0.00124299 -0.00122438 -0.00104345 -0.000852325 0.0012102 0.00126097 0.0012523 0.00123722 0.00124291 0.00127907 0.001252 -0.00127011 0 0 0 0 0 0 0 0 0 0 0 0 0 0 0 0 0 0 0 0 0 0 0 0 0 0 0 0 0 0 0 0 0 0 0 0 0 0 0 0 0 0 0 0 0 0 0 0 0 0 0
0.000868611 0.000896091 0.000906648 0.000902353 0.000930018 0.000871918 -0.00059031 -0.000629056 0.000994163 0.000608953 -0.00124095 -0.00124142 -0.00124736 -0.0012265 -0.00114025 0.00102803 0.00125559 0.00126097 0.00126868 0.00126516 0.00126525 0.00127406 0.00127752 0.00127224 -0.00108482 0 0 0 0 0 0 0 0 0 0 0 0 0 0 0 0 0 0 0 0 0 0 0 0 0 0 0 0 0 0 0 0 0 0 0 0 0 0 0 0 0 0 0 0 0 0 0 0 0 0 0
0.000884407 0.000899465 0.00090098 0.000919373 0.000870427 0.000881025 0.000925064 0.000934051 0.00120037 0.000911823 0.00112521 -0.00102116 -0.000965613 0.00112334 0.00125374 0.00124569 0.00124622 0.00126037 0.0012639 0.00125937 0.00127021 0.0012745 0.00126022 0.0011377 0.00108032 0 0 0 0 0 0 0 0 0 0 0 0 0 0 0 0 0 0 0 0 0 0 0 0 0 0 0 0 0 0 0 0 0 0 0 0 0 0 0 0 0 0 0 0 0 0 0 0 0 0 0
0.000901382 0.000884919 0.000911581 0.000889398 0.000871037 0.000789225 -0.000695664 -0.000866722 -0.00124876 -0.00122809 0.000840286 0.00111099 0.00124596 0.00122127 0.00121165 0.00123134 0.00124573 0.00125267 0.00125593 0.00125656 0.00121744 0.00113817 0.001045 0.000911467 -0.000930891 -0.00170645 0 0 0 0 0 0 0 0 0 0 0 0 0 0 0 0 0 0 0 0 0 0 0 0 0 0 0 0 0 0 0 0 0 0 0 0 0 0 0 0 0 0 0 0 0 0 0 0 0 0
0.000788769 0.000700531 -0.000705913 -0.000780204 -0.000805959 -0.000862228 -0.000896715 -0.000942298 -0.00121212 0.00115336 0.00122872 0.00108422 0.00115222 0.00119546 0.00122874 0.00125266 0.00125284 0.00120537 0.00105923 0.000816576 -0.000836226 -0.00102633 -0.000981301 0.000689088 0.000657298 -0.00122709 0 0 0 0 0 0 0 0 0 0 0 0 0 0 0 0 0 0 0 0 0 0 0 0 0 0 0 0 0 0 0 0 0 0 0 0 0 0 0 0 0 0 0 0 0 0 0 0 0 0
-0.00089238 -0.000595424 0.000717792 0.000683784 0.000483191 -0.000904355 -0.0009252 -0.000847485 0.00125664 0.00123067 0.00122786 0.00122992 0.00124468 0.00125234 0.00121414 0.00113887 0.000987039 0.000909613 -0.00101136 -0.00108983 -0.000851063 0.00103987 0.0011073 0.0011424 0.00106293 -0.00123757 0 0 0 0 0 0 0 0 0 0 0 0 0 0 0 0 0 0 0.000922006 0.000915479 0.00091898 0.000911324 0 0 0 0 0 0 0 0 0 0 0 0 0 0 0 0 0 0 0 0 0 0 0 0 0 0 0 0
-0.000909242 -0.000917293 -0.000842462 0.000837777 0.000906073 0.000855168 0.000904263 0.000947288 0.00125408 0.00125568 0.00125843 0.00120018 0.000942315 -0.000723177 0.000873505 -0.000702189 0.000729319 0.000784278 0.00108732 0.00116005 0.00103934 -0.000651548 0.00066064 -0.000834282 -0.00103757 -0.00121334 -0.00126585 0 0 0 0 0 0 0 0 0 0 0 0 0 0 0.000890342 0.000887971 0.000771877 0.000885174 0.000927679 0.000927386 0.000921256 0.000920466 0.000915508 0.000920922 0.000911021 0.000914662 0.000914692 0 0 0 0 0 0 0 0 0 0 0 0 0 0 0 0 0 0 0 0 0 0
-0.000915813 -0.00092192 -0.000920627 -0.000932675 -0.000896082 0.000841153 0.000861622 0.000925102 0.00117157 0.000783795 -0.00110799 -0.00113353 -0.001133 -0.0012015 -0.00123129 -0.00119531 -0.0012017 -0.00118984 -0.00115007 -0.00122878 -0.00127395 -0.00128021 -0.00126078 -0.00122829 -0.00123123 -0.00125583 -0.001165 -0.00124577 -0.00093416 0 0 0 0 0 0 0 0 0 0 0.000928677 0.000922715 0.000937446 0.000929305 0.000911714 0.000787778 0.000877824 0.000916651 0.000926802 0.000923783 0.000927597 0.000914419 0.000923228 0.00092342 0.000922817 0.000918917 0.000916219 0.000902011 0 0 0 0 0 0 0 0 0 0 0 0 0 0 0 0 0 0 0
-0.000917186 -0.000916279 -0.000927762 -0.000930921 -0.000933268 -0.000918021 -0.000903448 -0.00122147 -0.00116106 -0.0011469 -0.00115273 -0.0011622 -0.00113333 -0.00112778 -0.001217 -0.00125154 -0.00124304 -0.00123091 -0.0012391 -0.00126065 -0.00127938 -0.00128362 -0.00128235 -0.00128695 -0.00127796 -0.00116853 0.000884073 -0.00113501 -0.00110156 0.00119131 0.0012652 0.00125107 0.000906639 0.000873737 0.000925265 0.000950775 0.000945887 0.000888497 0.000759543 0.00079094 0.000842191 0.00086829 0.000910027 0.000935661 0.000934266 0.000936331 0.000930433 0.000921235 0.000920719 0.000928575 0.000916982 0.00092082 0.000920489 0.0009189 0.00091561 0.00092089 0.000888525 0.000878921 0.000917353 0.000914166 0 0 0 0 0 0 0 0 0 0 0 0 0 0 0 0
-0.000922416 -0.00091984 -0.000921503 -0.000929241 -0.000935144 -0.000940721 -0.00090069 -0.00123998 -0.00124806 -0.00117408 -0.00104985 -0.00114071 -0.00118952 -0.00115895 -0.00109429 -0.00117966 -0.00126241 -0.00126722 -0.00125227 -0.00127612 -0.00125443 -0.00114975 -0.00127007 -0.00129008 -0.00127138 0.00124368 0.00127212 0.00121982 0.00113736 -0.00098371 0.00110804 0.00120714 0.000937973 0.000946005 0.000929193 0.000905525 0.000937374 0.000932362 0.000868321 0.000796144 0.000715244 -0.000660606 0.000600139 0.00092328 0.000923677 0.000911253 0.000922217 0.000880922 0.000894841 0.000931331 0.000928253 0.000926527 0.000926161 0.000895868 0.000924919 0.000888896 0.000890014 0.000907967 0.000909953 0.000903919 0.000899699 0.000911255 0.000900949 0.000887321 0.000891212 0.000914998 0.000836389 0.000869284 0.000856282 0.000851792 0 0 0 0 0 0
-0.00089232 -0.000926909 -0.00092942 -0.000925039 -0.000903423 -0.000917733 -0.00094409 -0.00123822 -0.00125728 -0.00125707 -0.00124558 -0.00113784 -0.00109392 -0.00118015 -0.00123433 -0.00122923 -0.00123907 -0.00126826 -0.00126597 -0.00118844 -0.00123164 -0.00128787 -0.0012514 -0.00123327 0.000799257 0.00125443 0.0012581 0.00126287 0.00127749 0.00119259 0.0011306 0.000796882 0.000883318 0.000891938 0.000832659 0.000713963 0.000696327 0.000906389 0.000945797 0.000947141 0.000944131 0.000913269 0.000726845 0.000763274 0.000942264 0.000932481 0.000904337 0.000894197 0.000936291 0.000926349 0.00092849 0.000896371 0.000928236 0.000919475 0.000922803 0.000902531 0.00092157 0.000905163 0.000915614 0.000907751 0.000903591 0.000911883 0.000897236 0.000901882 0.000910559 0.000777486 0.000740561 0.000879219 0.000873062 0.000852987 0 0 0 0 0 0
0.000866374 0.000786463 -0.000791667 -0.000936853 -0.000932722 -0.000935848 -0.00123318 -0.00125515 -0.00123365 -0.00125692 -0.0012564 -0.00124686 -0.00120677 -0.00103094 -0.000856278 -0.00107968 -0.00119967 -0.00121433 -0.0012705 -0.00127864 -0.00127745 -0.00128188 -0.00128242 -0.00122282 0.00109774 0.0012358 0.00119317 0.00115289 0.00111314 0.00119589 0.0010877 0.000651695 -0.000803392 -0.000883933 -0.000912419 -0.000836392 -0.000713029 -0.00085355 0.000533944 0.000886171 0.000931117 0.000949398 0.000949339 0.000934345 0.000787202 0.000901821 0.000936954 0.000934852 0.000913685 0.000934718 0.000855811 0.000928122 0.000926117 0.000927834 0.000910833 0.000920331 0.000924982 0.000917912 0.000899194 0.000892666 0.000914638 0.000908232 0.000902982 0.000902821 0.000893651 0.000899836 0.000896851 -0.000536441 -0.00075054 0.000829915 0.000881803 0 0 0 0 0
0.000919425 0.000926036 0.000884695 -0.000783956 -0.000913716 -0.00125161 -0.00124812 -0.00124013 -0.00125475 -0.00122986 -0.0012561 -0.00125668 -0.00124774 -0.00125261 -0.00121279 -0.000907242 0.00109807 0.00100111 0.000972588 -0.00122595 -0.00124528 0.00111976 0.0011816 0.00104346 0.00103629 0.00113493 0.00113231 0.0010323 0.000654968 -0.00114945 -0.00126481 -0.000954713 -0.000945335 -0.000884004 -0.000839827 -0.000800609 -0.000889721 -0.00088776 -0.000908451 -0.000935604 -0.000947197 -0.000844488 0.000786079 -0.000804038 -0.000906472 -0.000876914 0.000790245 0.00093536 0.000937383 0.000906412 0.00091923 0.000932395 0.000893958 0.000923405 0.000885992 0.000922554 0.000904529 0.000917655 0.000913443 0.000906878 0.000913125 0.000900645 0.000914114 0.000826743 -0.000569274 -0.000857808 -0.000878702 -0.000902506 0.000756556 0.000909489 0.000918747 0 0 0 0 0
0.000911088 0.000865275 0.000835662 0.000922936 0.000893378 -0.000772174 -0.0012175 -0.00125222 -0.00124929 -0.00125387 -0.00124296 -0.00125749 -0.00125755 -0.00125466 -0.00125702 -0.00125919 -0.00126389 -0.00124353 -0.000963108 0.00117883 0.00127184 0.00128891 0.00128765 0.00125741 0.00110526 -0.000826938 -0.00115737 -0.00126286 -0.00127422 -0.00127988 -0.00124484 -0.000795176 -0.00048722 -0.000818636 -0.000863137 -0.00088979 -0.000889779 -0.000923067 -0.000943013 -0.000912923 -0.000881181 -0.000950394 -0.000922942 -0.00068576 0.000791761 0.000726364 0.000580577 0.000862499 0.000918787 0.000916888 0.000934846 0.000775639 0.0007031 0.000925535 0.000916902 0.000928819 0.000864579 0.000919437 0.000920718 0.000918838 0.000911334 0.000800735 -0.000883506 -0.000800127 -0.000859206 -0.000874462 -0.000883347 0.000731635 0.000919167 0.000918798 0.000918068 0.000905023 0 0 0 0
-0.00090614 -0.00116758 -0.00108268 -0.000953148 -0.00102776 -0.00116258 -0.0011587 -0.00121592 -0.00125772 -0.00125702 -0.00125686 -0.00125369 -0.00125843 -0.00125918 -0.00125606 -0.0012626 -0.00126 -0.0011925 0.00126589 0.00125888 0.00128803 0.00124206 0.00115123 0.00129564 0.00127954 -0.00127969 -0.00129122 -0.00118558 0.000912477 0.00121437 0.00117773 0.000861707 0.000780407 0.000725449 0.000658338 -0.000512408 -0.000526976 -0.000465565 0.000705633 -0.000605856 0.000465585 -0.000497574 -0.00113794 -0.00110391 -0.000750583 0.000786349 0.000935554 0.000942212 0.000910382 0.000870841 0.00080548 0.000881963 0.000931124 0.000925315 0.000931722 0.000919777 0.000900346 0.00091873 0.000912984 0.000920841 0.000849256 -0.000505904 -0.000759741 -0.000832143 -0.000807086 0.000683002 0.000915887 0.000867668 0.00084762 0.000906043 0.000913317 0.000923291 0.000925259 0 0 0
-0.000883673 -0.00119413 -0.00121041 -0.00117422 -0.000986789 -0.00102147 -0.000993219 -0.00101463 -0.00121547 -0.00125964 -0.00125931 -0.0012606 -0.00126029 -0.00126121 -0.00125854 -0.00123247 0.00107734 0.00124356 0.00126577 0.00127805 0.00110171 0.00109728 0.00129312 0.00128304 0.00122042 -0.00118277 -0.000900576 0.00121449 0.00112745 0.00115596 0.00116988 0.00106373 0.000580978 -0.000693178 -0.000737221 -0.000802754 -0.00120201 -0.000823597 0.000753482 0.000947635 0.000950568 0.000952961 0.00122567 0.000900952 0.000927088 0.000877688 0.000900173 0.000942152 0.000888711 0.000888263 0.000935971 0.000935892 0.000927069 0.00092996 0.000915785 0.000731413 0.00088363 0.000923681 0.000920758 0.000780716 -0.000546473 0.000772174 0.000905017 0.000892673 0.000908623 0.000910233 0.000825551 0.000785353 0.000880899 0.000896952 0.000909586 0.000929474 0.00090806 0.000876707 0 0
0.000847097 0.00102016 0.000893712 -0.000757282 0.00100591 0.00121929 0.00120981 0.00110114 -0.00088483 -0.00118864 -0.00123796 -0.00125786 -0.00125671 -0.00090308 0.00122419 0.00121978 0.00122436 0.00125 0.00127348 0.00103108 0.000999651 0.00128525 0.0012408 0.00128517 0.0012561 0.00124869 0.00126571 0.00110584 -0.000740586 0.000708877 0.00105379 0.00110942 0.00103062 0.000704481 -0.000617541 0.000949179 0.00124644 0.00126227 0.00124007 0.0010638 0.00126144 0.00120103 0.0012424 0.00123129 0.0012298 0.00123237 0.000938291 0.000925777 0.000939952 0.000928445 0.000936635 0.000922202 0.00093036 0.000933396 0.00080395 0.000786745 0.000919223 0.000915015 0.000906989 0.000766608 0.000836843 0.000913878 0.000921259 0.000911485 0.000914464 0.000886439 0.000870643 0.000897547 0.000916377 0.000865974 0.000901151 0.000904372 0.000764484 0.000850447 0.000917872 0
0.00077125 0.000618455 -0.00110237 -0.00109771 -0.00106333 -0.00106736 -0.000745066 0.00110635 0.00121489 0.00122761 0.0011331 0.0011703 0.00123948 0.00122123 0.00110709 0.00114485 0.00118052 0.00126125 0.00125307 0.0012393 0.00123817 0.00126328 0.00125276 0.0011685 0.00124467 0.00114583 0.00113119 0.0012644 0.00119506 0.000915879 0.000970792 0.00110136 0.00124194 0.00125675 0.00125574 0.00123403 0.00126806 0.00126379 0.00124 0.00126848 0.00125188 0.00122761 0.00118992 0.00109792 0.00120679 0.0012402 0.00112704 0.000973357 0.000936081 0.000931313 0.000846877 0.000929195 0.000931839 0.000896385 0.000909466 0.000927691 0.00090049 0.0009265 0.000852279 0.000744842 0.000882139 0.000903362 0.000923488 0.000915254 0.000899164 0.000900129 0.000889392 0.000918791 0.00089214 0.000879995 0.000909595 0.000926945 0.00093077 0.000920123 0.000845949 0.000566315
0.000789177 0.00104725 0.00117105 0.00118691 0.0011804 0.00101731 -0.00121873 -0.00121843 -0.00116181 -0.000903573 0.0011972 0.00121289 0.0010715 0.00121671 0.0012206 0.00123755 0.00121922 0.0012551 0.000863624 0.00126957 0.00126718 0.00127087 0.00124052 0.00117012 0.0012894 0.00127951 0.00125615 0.00124002 0.00125147 0.00125472 0.001045 0.00112795 0.00117127 0.00122715 0.00122918 0.00123726 0.00119474 0.00126376 0.00124572 0.00120079 0.00125985 0.00126282 0.00122782 0.00120961 0.00120143 0.00124797 0.00122003 0.00107467 0.0011337 0.000905088 0.000937855 0.000933291 0.000930129 0.00092887 0.000931395 0.000908014 0.000913091 0.000859716 0.000811104 0.000869297 0.000905041 0.000924705 0.000920581 0.000923982 0.000900896 0.0008744 0.000894113 0.00091473 0.000877981 0.000897714 0.000917437 0.000893847 0.000827424 0.000604917 0.000685617 0.00063156
0.000926066 0.00122855 0.00123451 0.00122466 0.000971297 0.00102846 0.00120091 -0.000876707 -0.00118083 -0.00112594 0.00124911 0.00123904 0.00122845 0.00116636 0.00124245 0.00124345 0.00126288 0.0011903 0.00127311 0.00126847 0.0012324 0.00102226 0.000969402 -0.00197681 0.00127741 0.00126348 0.00126827 0.00126153 0.00125777 0.00127295 0.000998684 0.00117444 0.00127321 0.00124449 0.00122531 0.0012513 0.001203 0.00104306 0.0008211 0.00123779 0.00108244 0.000914905 0.00114735 0.00125273 0.00126008 0.00125183 0.00120518 0.00122008 0.00121268 0.00093881 0.000931719 0.00092623 0.000935218 0.000904744 0.000930838 0.000926434 0.000915719 -0.0007236 0.000570537 0.000902836 0.000922674 0.00092703 0.000825564 0.000919823 0.000885008 0.00085939 0.000902323 0.000882395 0.000883851 0.000908164 0.000544616 -0.000812682 -0.000665955 0.00073518 0.000849727 0.000942315
0.000865559 0.000854604 0.000876712 -0.00083531 -0.00107603 0.00124142 0.00122303 0.00119095 0.00120071 0.00123471 0.00123665 0.00124582 0.0012429 0.00124289 0.00125233 0.00125299 0.00119539 0.00125108 0.00126266 0.00126232 -0.00104444 0.00127787 0.00125622 0.00117544 0.00125782 0.0012558 0.00128628 0.00126384 0.00123411 0.00126543 0.00125075 0.0012744 0.00126949 0.00125529 0.00126046 0.00125407 0.00120748 -0.000777121 0.00109131 0.00109361 0.00103894 0.00112798 0.000806279 -0.00102603 0.00089319 0.000683811 0.000795172 -0.000838118 -0.000747121 0.000918522 0.000936801 0.000925619 0.000791383 0.000750762 0.000924793 0.000899256 0.000605706 0.000591267 0.000665639 0.000913365 0.000923654 0.000928202 0.000843232 0.00088862 0.000909121 0.000893664 0.00088863 0.000876971 0.000899475 0.000771929 -0.000685991 0.000656501 0.000856542 0.000939084 0.000943123 0.000941342
-0.000620896 0.000760162 0.000676952 -0.000781475 0.0012001 0.00123649 0.0012456 0.0012444 0.00124491 0.00119855 0.00123768 0.00125116 0.00125442 0.00125835 0.00124889 0.00124703 0.00125903 0.00125785 0.00127006 0.00127425 0.00122194 0.00128496 0.0012852 0.00127311 -0.000813007 -0.00111116 0.00118051 0.00126927 0.00123707 0.0012117 0.00118507 0.0011203 0.00116853 0.00126885 0.00126094 0.00124166 0.00125922 0.00123452 0.00122989 0.0009804 -0.000959178 -0.00111865 -0.00122637 -0.00118118 -0.00124901 -0.00124887 -0.00125816 -0.00125202 -0.00114734 0.00114343 0.000926826 0.000853896 -0.00074165 0.000866394 0.000924114 0.000815647 -0.000614384 -0.000837904 0.000833416 0.000916814 0.000927218 0.000924218 0.000875407 0.000861687 0.000900072 0.000904553 0.000915327 0.000898746 0.000860612 0.000850631 0.000898652 0.000915761 0.000935617 0.00090576 0.000697239 0.000945524
-0.000834192 -0.000897918 -0.000852262 0.000894835 0.000895853 0.00123967 0.00124221 0.00121319 0.00124582 0.0012175 0.00123084 0.0012486 0.00125708 0.00124928 0.00123473 0.00120979 0.00118762 0.00120645 0.00117417 0.00104893 0.00101623 -0.000925777 -0.000834793 -0.000727137 -0.00102627 0.00110792 -0.00102124 0.00103302 0.00126069 0.00113904 0.00101476 0.00112675 0.00125292 0.00126862 0.00126813 0.00122359 0.00123207 0.00108656 -0.00119548 -0.00126874 -0.00125813 -0.00123704 -0.00118044 -0.00122014 -0.00114802 -0.000937995 -0.000806938 0.000959996 0.00106436 0.00105017 0.000862065 -0.000795847 0.000889114 0.000926059 0.000874831 -0.000723267 0.000700238 0.000883031 0.00093519 0.000933233 0.000930812 0.000918853 0.000915537 0.000911413 0.000893614 0.000919537 0.000902551 0.000922858 0.000801908 0.000832847 0.000875502 0.000933938 0.000919382 0.000557162 0.000895035 0.000937097
