Outputs/initial_cond/v_35m.asc
ncols 286
nrows 263
xllcorner 528670
yllcorner 5.07686e+06
cellsize 35
NODATA_value -9999
[rows 102 to 135 of 263, columns 76 to 151 of 286]
0 0 0 0 0 0 0 0 0 0 0 0 0 0 0 0 0 0 0 0 0 0 0 0 0 0 0.000821 0.000752852 0.000873043 0.000864087 0.000866308 0.000802114 -0.000694598 -0.000778248 -0.000835945 -0.000843978 -0.00080715 -0.00207411 -0.00212795 -0.00183978 0.0017512 0.00161005 0.00150021 0.00135986 0.00165344 0.00177337 0.0015968 0.00156136 0.00156161 0.00168029 0.00162343 0.00216124 0.000832111 0.000827148 0.000850408 0.000861573 0.000866506 0.00085828 0.000830401 0.000602147 -0.000811103 -0.000843957 -0.000815651 0.000671172 -0.000699722 -0.000560057 0.000503948 -0.000663217 0.000805349 0.000826496 -0.000659058 -0.000736758 -0.000644542 0.000638049 0.000922314 0.000887579
0 0 0 0 0 0 0 0 0 0 0 0 0 0 0 0 0 0 0 0 0 0 0 0 0 0 0 0 0.000904446 0.000965646 0.000868874 0.000869346 0.00087 0.000859863 0.000833996 0.000783258 0.000691263 0.000540351 -0.000607114 -0.00055148 0.00187677 0.00178087 0.00182257 0.00171042 0.0015819 0.00155745 0.001474 0.00159944 0.0016043 0.00157426 0.00173356 0.00202643 0.000814687 0.000835927 0.000827043 0.000819468 0.000700276 0.000729199 0.000859692 0.000830128 0.000856928 -0.000687549 0.000491189 0.000874187 0.00087853 0.00082031 0.00082729 0.000825346 0.00086306 0.000903372 0.000900326 0.00091116 0.000918189 0.000893449 0.000887609 0.000894978
0 0 0 0 0 0 0 0 0 0 0 0 0 0 0 0 0 0 0 0 0 0 0 0 0 0 0 0 0 0 0.000796669 0.000715136 0.000869619 0.000870902 0.000870204 0.00086246 0.000827671 0.000782945 0.000758297 0.000704639 0.00177283 0.00186009 0.00179347 0.00157787 0.00137797 0.00153636 0.0016153 0.00167336 0.00159102 0.00158892 0.00160791 0.00172583 0.000684712 0.000596014 0.000661607 0.000769407 0.000819063 0.000726168 0.000842855 0.000759191 0.00064922 0.000796321 0.000873881 0.000814738 0.000779454 0.000781486 0.00075985 0.000808249 0.000897697 0.000865354 0.000835533 0.000788234 0.00081207 0.000869567 0.00090262 0.000885783
0 0 0 0 0 0 0 0 0 0 0 0 0 0 0 0 0 0 0 0 0 0 0 0 0 0 0 0 0 0 0 0 0.000739113 0.000869006 0.000867506 0.000867986 0.000863827 0.000858551 0.000847434 0.000704305 0.00153853 0.00186292 0.00165981 0.00157892 0.00179003 0.00171894 0.00165736 0.00162981 0.00179529 0.00163459 0.00122836 1.28466e-05 0.00162255 0.000799082 0.000864183 0.000821028 0.0007161 0.000608246 0.000751537 0.000702443 0.00074555 0.000690585 0.000766907 0.000842583 0.000685312 0.00080526 0.000849247 0.000877193 0.000891264 0.000869467 0.000853221 0.000824127 0.000824903 0.000850309 0.000902207 0.000926579
0 0 0 0 0 0 0 0 0 0 0 0 0 0 0 0 0 0 0 0 0 0 0 0 0 0 0 0 0 0 0 0 0 0.000866364 0.000867654 0.000861919 0.00085176 0.000844903 0.000794832 0.00181714 0.00157426 0.00144169 0.00176087 0.0018615 0.00181168 0.00167733 0.00159326 0.00169222 0.00171668 0.00160791 0.00114049 -0.00135348 0.00198756 0.00232459 0.00236286 0.000854491 0.000850303 0.000842309 0.000836848 0.000862064 0.00078609 0.00073773 0.000690626 0.000780061 0.000854432 0.000847816 0.000871193 0.000812857 0.0008254 0.000848602 0.000844144 0.00087483 0.000850698 0.000876735 0.000882406 0.000924311
0 0 0 0 0 0 0 0 0 0 0 0 0 0 0 0 0 0 0 0 0 0 0 0 0 0 0 0 0 0 0 0 0 0.000843546 0.000815396 0.000828389 0.000817859 0.000718679 0.000557542 0.00165252 0.00158438 0.00173002 0.00177927 0.00183497 0.00174888 0.0016997 0.00173252 0.00165415 0.00141842 0.00117729 -0.00357126 -0.00155074 -0.00138443 0.00161513 0.0016195 0.0016249 0.000666112 0.000754976 0.000838272 0.000830321 0.000843861 0.000772622 0.000701491 0.00083326 0.00085378 0.000874283 0.000881618 0.000887195 0.000870621 0.000831833 0.000878729 0.000906821 0.000915948 0.000897294 0.000919592 0.000867592
0 0 0 0 0 0 0 0 0 0 0 0 0 0 0 0 0 0 0 0 0 0 0 0 0 0 0 0 0 0 0 0 0 0.000834952 0.000719346 0.000746886 0.000735359 0.000645583 0.00151048 0.00171202 0.00169984 0.00177731 0.00191632 0.00178285 0.00183983 0.00174667 0.00170593 0.0016831 0.00137608 -0.00129741 -0.00155582 0.00117464 0.00174305 0.00182628 0.00169523 0.0017734 0.00198029 -0.000455459 -0.00079768 -0.000844365 -0.000864155 -0.000833007 -0.00104838 0.000817154 0.000854385 0.000872743 0.000882451 0.000875017 0.000871398 0.000900532 0.000841116 0.000894317 0.000894979 0.00075301 0.000700729 0.000837998
0 0 0 0 0 0 0 0 0 0 0 0 0 0 0 0 0 0 0 0 0 0 0 0 0 0 0 0 0 0 0 0 0 0.000845407 0.000783232 0.000767254 0.000764209 0.00200655 0.00166986 0.00170169 0.00153329 0.00135226 -0.00131461 0.00179315 0.00175013 0.0017034 0.00166067 0.00166346 0.00157124 0.00134211 0.0018524 0.00167739 -0.00306232 -0.00126269 0.00189331 0.00187937 -0.000575575 -0.000818175 -0.00084831 -0.00085163 -0.000854855 -0.000865195 -0.000869318 -0.00087303 -0.000876067 -0.000878379 -0.000880786 -0.000880194 -0.000887594 -0.000903994 -0.000908976 -0.000904235 -0.000479458 0.000873617 0.000923091 0.000926139
0 0 0 0 0 0 0 0 0 0 0 0 0 0 0 0 0 0 0 0 0 0 0 0 0 0 0 0 0 0 0 0 0 0 0.000701605 0.00205055 0.00203175 0.00210341 0.00206351 0.00164815 0.00178556 0.00174676 0.00149234 0.00149771 0.001672 0.0015782 0.00165094 0.00164577 0.00154644 0.00185208 0.0014708 -0.00148303 -0.00136013 0.00160609 0.00176651 0.00199934 0.000700567 0.000736375 0.000759269 0.000723902 0.000565315 -0.000741569 -0.000864695 -0.000874336 -0.000876949 -0.000861651 -0.000877154 -0.000882021 -0.000898031 -0.000905444 -0.000906843 -0.000915175 -0.000904417 -0.000920825 -0.000729821 0.000895149
0 0 0 0 0 0 0 0 0 0 0 0 0 0 0 0 0 0 0 0 0 0 0 0 0 0 0 0 0 0 0 0 0 0 0 0.00196564 0.00203965 0.00217081 0.00195154 0.00178015 0.0017449 0.00175185 0.00177168 0.00141374 0.00150302 0.00172295 0.00166996 0.00157228 0.00174052 0.00175719 -0.00119279 0.00165847 0.00188041 0.00201577 0.00197183 0.00184465 0.000706952 0.00078431 0.000781693 0.000785418 0.000804644 0.00077394 -0.000599583 -0.000847708 -0.000870362 -0.00087158 -0.000886597 -0.000894325 -0.00089762 -0.000903648 -0.000897258 -0.000915311 -0.00092187 -0.000910149 -0.000892609 -0.000923483
0 0 0 0 0 0 0 0 0 0 0 0 0 0 0 0 0 0 0 0 0 0 0 0 0 0 0 0 0 0 0 0 0 0 0 0.00169189 0.00207622 0.00150492 0.00157441 0.00163879 0.00165136 0.00158577 0.00158605 0.00152195 0.00169005 0.00170333 0.00174386 0.0017861 0.0018076 -0.00131808 0.00167979 0.00173894 0.00192959 0.0019747 0.00199783 0.000668946 -0.000455441 0.00092461 0.000571134 0.000416464 0.000552256 0.000709502 0.000646751 -0.000634902 -0.000829943 -0.000858805 -0.000880629 -0.000894715 -0.000901146 -0.0009012 -0.000873212 -0.000816796 -0.000903375 -0.000928516 -0.000931161 -0.000919174
0 0 0 0 0 0 0 0 0 0 0 0 0 0 0 0 0 0 0 0 0 0 0 0 0 0 0 0 0 0 0 0 0 0 0 0.00119466 -0.0013105 0.00356882 0.00164115 0.00160304 0.00165482 0.00163463 0.0014066 0.00158477 0.0016577 0.00171963 0.00165372 0.0016903 0.00140302 0.0015161 0.00184848 0.00191665 0.00189045 0.00191118 0.00200971 0.00070825 0.000716158 0.000623152 -0.000687621 -0.00080147 -0.000844224 -0.000833821 -0.00073339 -0.000774629 -0.000850231 -0.000874033 -0.000885144 -0.000895195 -0.000894888 -0.000902689 -0.00090513 -0.000879664 -0.000842335 -0.000873461 -0.000901714 -0.000923628
0 0 0 0 0 0 0 0 0 0 0 0 0 0 0 0 0 0 0 0 0 0 0 0 0 0 0 0 0 0 0 0 0 0 0 0 -0.00238984 0.00341792 0.00163293 0.00159764 0.00152649 0.00135305 0.00144359 0.00184893 0.00190728 0.00169505 0.00163688 0.00177103 0.00135756 0.00175095 0.00179314 0.00190108 0.00189504 0.00190032 0.00178917 -0.000512645 -0.000784359 -0.000826561 -0.000820327 -0.000781656 -0.000764004 -0.000838848 -0.000872719 -0.000866885 -0.000847733 -0.000880573 -0.000876189 -0.000857126 -0.000868584 -0.000880881 -0.000898047 -0.00086653 -0.00083922 -0.000885005 -0.000893017 -0.00090604
0 0 0 0 0 0 0 0 0 0 0 0 0 0 0 0 0 0 0 0 0 0 0 0 0 0 0 0 0 0 0 0 0 0 0 0 0.00161689 0.0015121 0.00162395 0.00176014 0.00144287 0.00356819 0.00171519 0.00179505 0.00147906 0.00151737 0.00184583 0.00153174 0.00174534 0.00178823 0.00179825 0.00181296 0.00190755 0.00185521 0.000627955 -0.000675538 -0.000755933 -0.000764494 -0.000783164 -0.000765544 -0.000783871 -0.000763435 -0.000806019 -0.000857846 -0.000869815 -0.000842142 -0.000872748 -0.000861693 -0.000846241 -0.000835021 -0.00086099 -0.000863325 -0.000771155 -0.000843462 -0.000898359 -0.000915654
0 0 0 0 0 0 0 0 0 0 0 0 0 0 0 0 0 0 0 0 0 0 0 0 0 0 0 0 0 0 0 0 0 0 0 0.00169864 0.0016104 0.00159624 0.00156183 0.00144231 0.00146959 0.00176717 0.00184467 0.00156022 0.00165709 0.00181179 0.00161372 0.00188355 0.00188909 0.00190655 0.00181906 0.00175227 0.0017388 0.00181385 0.000642754 0.000674573 0.00065873 0.000640705 0.000684469 0.000598992 -0.000459791 -0.000662509 -0.000715149 -0.000666389 -0.000797493 -0.000829216 -0.000835603 -0.000834135 -0.000840528 -0.000810737 -0.000824527 -0.000868641 -0.000832312 -0.000693789 -0.000814997 -0.000848542
0 0 0 0 0 0 0 0 0 0 0 0 0 0 0 0 0 0 0 0 0 0 0 0 0 0 0 0 0 0 0 0 0 0 0 0.0018534 0.00182982 0.00155588 0.00148099 0.00340668 0.00166646 0.00193161 0.0017756 0.00157929 0.0012669 0.00169572 0.00163674 0.00180359 0.00178841 0.00179866 0.00185595 0.0017958 0.00172052 0.00185623 0.000621182 -0.000687624 -0.000687543 0.00104918 0.000643164 0.000645267 0.000538507 0.000426788 -0.000434513 0.0014226 0.00142476 -0.000695605 -0.000614862 -0.00049325 -0.00069805 -0.000812907 -0.000856841 -0.000883098 -0.000887271 -0.00083272 -0.000787346 -0.000780956
0 0 0 0 0 0 0 0 0 0 0 0 0 0 0 0 0 0 0 0 0 0 0 0 0 0 0 0 0 0 0 0 0 0 0 0.00161817 0.00147418 0.00129812 0.00141788 0.00169241 0.00175765 0.00161936 0.00166613 0.00152698 0.00156486 0.00158328 0.00174175 0.00171868 0.00170824 0.00164431 0.00173696 0.00177725 0.00188578 0.000635126 -0.000545908 -0.00046648 -0.000778821 -0.000819336 -0.000827219 -0.000798703 -0.000679086 -0.000576037 0.000572498 -0.000537462 0.000650894 0.000762265 0.000678227 0.00063831 -0.000622026 -0.00080021 -0.000848989 -0.000854886 -0.000873658 -0.000833032 -0.000772948 -0.000820521
0 0 0 0 0 0 0 0 0 0 0 0 0 0 0 0 0 0 0 0 0 0 0 0 0 0 0 0 0 0 0 0 0 0 0 0.00151917 0.00151618 0.00155909 0.00159832 0.00209789 0.00203702 0.00166745 0.00159731 0.00168143 0.00166684 0.00173921 0.00182845 0.00168864 0.00184786 0.00170092 0.00169824 0.00183147 0.00189424 0.000641127 -0.000697936 -0.000716149 -0.000574985 -0.000630599 -0.000736903 -0.000827628 -0.000840478 -0.000772285 -0.000617744 0.000693178 0.000807759 0.000813756 0.000710468 -0.00066718 -0.000774702 -0.000846037 -0.000824418 -0.000758453 -0.000788172 -0.000773758 -0.000724981 -0.000526562
0 0 0 0 0 0 0 0 0 0 0 0 0 0 0 0 0 0 0 0 0 0 0 0 0 0 0 0 0 0 0 0 0 0 0 0.00126974 0.00155774 0.00196093 0.00202742 0.00191254 0.00182627 0.00167429 0.0015563 0.0016059 0.0017133 0.00160054 0.00143926 -0.00120252 0.00172162 0.00166212 0.00173496 0.00172486 0.00126652 -0.000465345 -0.00073467 -0.000786171 -0.000832748 -0.000845106 -0.000810382 -0.000754861 -0.00077619 -0.000826347 -0.000832375 -0.000820464 -0.000775602 -0.000668043 0.000668416 0.00070453 0.000731648 0.000702819 0.000521142 -0.00066178 -0.000630012 -0.000761212 -0.000779511 -0.000585028
0 0 0 0 0 0 0 0 0 0 0 0 0 0 0 0 0 0 0 0 0 0 0 0 0 0 0 0 0 0 0 0 0 0 0 0.000790587 0.00138924 0.00197098 0.00188324 0.00175016 0.0017185 0.00184118 0.00183001 0.00182186 0.00175789 0.00155002 0.00139539 0.0014764 0.00162615 0.00161882 0.00150679 0.00116186 -0.00151433 -0.000605685 -0.000610025 -0.000810137 -0.000808888 -0.000780717 -0.000772305 -0.000819869 -0.000829369 -0.000807446 -0.000795805 -0.000826473 -0.000864257 -0.000751654 0.000670572 0.000792957 0.000789076 0.000790044 0.000743452 0.000617181 -0.00158627 -0.000473447 0.000660724 0.000757627
0 0 0 0 0 0 0 0 0 0 0 0 0 0 0 0 0 0 0 0 0 0 0 0 0 0 0 0 0 0 0 0 0 0 0 0 0.00175894 0.00157802 0.00165755 0.00149295 0.00147083 0.00162783 0.00168169 0.00167675 0.00159179 0.00156461 0.00149645 0.00170543 0.00162523 0.00160897 0.00140769 -0.00122139 -0.00125954 -0.000566163 0.000562067 0.000738507 0.000846992 0.000870834 0.000861572 0.000649823 -0.000588831 -0.000770133 -0.000742886 -0.000663047 0.000796545 0.000730553 -0.00142872 0.000711526 0.00082886 0.000857339 0.000855451 0.000856452 0.000830593 0.000874453 0.000899138 0.000902368
0 0 0 0 0 0 0 0 0 0 0 0 0 0 0 0 0 0 0 0 0 0 0 0 0 0 0 0 0 0 0 0 0 0 0 0 0.00195487 0.00182322 0.00170046 0.00144482 0.00144552 0.0014332 0.00139742 0.00138293 0.00157487 0.00148473 0.00145345 0.00127722 0.00170669 0.00201243 0.00178912 0.00174833 0.00162248 -0.00076088 -0.000851462 -0.000849968 -0.000852274 -0.000874033 -0.000871109 0.000788292 0.000853689 0.000849773 0.000757681 0.000513292 -0.000789228 -0.000850479 -0.000860777 -0.000883015 -0.000887341 -0.000872168 -0.000799661 0.000593475 0.000778151 0.000669646 -0.000688471 -0.000836749
0 0 0 0 0 0 0 0 0 0 0 0 0 0 0 0 0 0 0 0 0 0 0 0 0 0 0 0 0 0 0 0 0 0 0 0 0.00223351 0.00116323 0.00157527 0.00131851 0.00149376 0.00143051 0.00146669 0.00157896 0.00120461 0.00127245 0.00150801 0.00160847 0.00340963 0.0018192 0.00175808 0.00169303 0.00182032 0.0005955 -0.000773699 -0.000865799 -0.000871121 -0.000849788 -0.000831116 -0.000869509 -0.000861492 -0.000861205 -0.000881948 -0.000875117 -0.000852432 -0.00084579 -0.000854512 -0.000877808 -0.000889572 -0.000887553 -0.000870083 -0.000870072 -0.000872873 -0.000882391 -0.000890991 -0.000902302
0 0 0 0 0 0 0 0 0 0 0 0 0 0 0 0 0 0 0 0 0 0 0 0 0 0 0 0 0 0 0 0 0 0 0 0 0.00529245 -0.00186334 -0.00149592 -0.0035464 0.00354867 0.00339105 0.00155477 0.00149259 0.00151106 0.00155143 0.00163626 0.00174097 0.00173646 0.00357948 0.00161891 0.00172572 0.00174936 0.000772986 0.000791302 0.000569293 0.000864165 0.000869253 0.000841062 0.000679308 -0.000820578 -0.000826514 -0.000659497 -0.000438446 0.000697139 0.000813117 0.0011657 -0.000735727 -0.000519997 0.000775737 0.000778504 -0.000641381 -0.00083205 -0.000859867 -0.000888522 -0.000892031
0 0 0 0 0 0 0 0 0 0 0 0 0 0 0 0 0 0 0 0 0 0 0 0 0 0 0 0 0 0 0 0 0 0 0 0 0 0 -0.00221318 -0.00163616 -0.00322179 0.00131911 0.00112804 0.00156537 0.00154218 0.00156484 0.00165414 0.0018132 0.00170808 -0.00239102 0.00155542 0.00158648 -0.00115526 0.000574539 0.00086365 0.000805085 0.000836619 0.000861371 0.000876446 0.000771905 -0.000734461 -0.000787711 0.000864188 0.000810601 0.000769816 0.000766845 0.000754845 0.00086074 0.000877959 0.000875925 0.000865259 0.000635263 0.000879436 0.000857102 0.000776273 0.000563643
0 0 0 0 0 0 0 0 0 0 0 0 0 0 0 0 0 0 0 0 0 0 0 0 0 0 0 0 0 0 0 0 0 0 0 0 0 0 -0.00222825 -0.00222586 -0.00201481 -0.00262834 0.00176894 1.23954e-05 0.00152398 0.00157781 0.0015748 0.0017742 0.00152501 0.00164332 0.00157941 0.00128671 -0.00147922 0.000484522 0.000810098 0.00086678 0.000867163 0.000859367 0.000835239 0.000772572 0.000712114 0.000678687 0.000690834 0.00075729 0.00083896 0.00088029 0.000870846 0.000862981 0.000866429 0.000889942 0.000892669 0.000891383 0.000899374 0.000903913 0.000909808 0.000908087
0 0 0 0 0 0 0 0 0 0 0 0 0 0 0 0 0 0 0 0 0 0 0 0 0 0 0 0 0 0 0 0 0 0 0 0 0 0 -0.00190226 -0.00214797 -0.00171965 -0.00128264 -0.00262933 -0.00112713 0.00140787 0.00156196 0.00152689 0.00357066 0.00175203 0.00174475 0.00176668 0.00171465 0.0017743 -0.000559365 -0.000594067 -0.000651374 -0.000754723 -0.000643477 0.000807694 0.000872983 0.000838575 0.000859619 0.000860691 -0.00081422 -0.000611426 -0.00064522 0.000778489 0.000883357 0.000886721 0.000866759 0.000890528 0.000891749 0.000877789 0.000885077 0.000884287 0.000895299
0 0 0 0 0 0 0 0 0 0 0 0 0 0 0 0 0 0 0 0 0 0 0 0 0 0 0 0 0 0 0 0 0 0 0 0 0 0 0 -0.00192334 -0.00202496 -0.00195159 -0.00186519 -0.00175268 -9.12191e-06 0.00149644 0.00149767 -0.00139773 0.00162134 0.00173386 0.00183689 0.00285199 -0.000814971 -0.000863992 -0.000860415 -0.000864408 -0.000861601 -0.000871552 -0.000874566 -0.000819217 -0.000773571 -0.000807266 -0.00079501 -0.000842583 -0.000875524 -0.000831881 -0.000784381 -0.000870365 -0.000872873 -0.000864821 -0.000854391 -0.000836518 -0.000795919 -0.000812503 -0.000780052 -0.000798768
0 0 0 0 0 0 0 0 0 0 0 0 0 0 0 0 0 0 0 0 0 0 0 0 0 0 0 0 0 0 0 0 0 0 0 0 0 0 0 0.00145389 -0.00203185 -0.00229094 -0.00232934 -0.000858681 -0.0007668 -0.000609893 0.00125499 0.00144729 -0.00160284 0.00181461 0.00191054 0.00174019 -0.000743051 -0.000763227 -0.000866365 -0.000865839 -0.000858282 -0.000863253 -0.000864314 -0.000878159 -0.000866332 -0.000877606 -0.000869563 -0.00086536 -0.000880732 -0.000883865 -0.00087388 -0.000770033 -0.000799015 -0.000848521 -0.000875283 -0.000890636 -0.000896916 -0.000865661 -0.000874124 -0.000879029
0 0 0 0 0 0 0 0 0 0 0 0 0 0 0 0 0 0 0 0 0 0 0 0 0 0 0 0 0 0 0 0 0 0 0 0 0 0 0 -0.000626369 -0.00219477 -0.00233305 -0.000844563 -0.000855514 -0.00084076 -0.000782494 -0.000671621 -0.000565901 0.00136321 -0.0032252 0.00158136 0.0006396 0.000632143 0.000756076 0.000699553 -0.000869382 -0.00087172 -0.000873192 -0.00087201 -0.000877327 -0.000873237 -0.000864922 -0.000839897 -0.000832435 -0.000872008 -0.00085343 -0.000883084 -0.000884921 -0.000866675 -0.000778418 -0.000793162 -0.000858317 -0.000898962 -0.00090518 -0.000884042 -0.000900195
0 0 0 0 0 0 0 0 0 0 0 0 0 0 0 0 0 0 0 0 0 0 0 0 0 0 0 0 0 0 0 0 0 0 0 0 0 0 0 -0.000756494 -0.000780885 -0.000833647 -0.000843672 -0.000816128 -0.000835126 -0.000853169 -0.000848806 -0.00080952 -0.000766029 -0.00049465 0.00151283 0.000635223 -0.00148176 -0.00065873 -0.000735925 -0.000786872 -0.000836704 -0.000846765 -0.000834259 -0.000841978 -0.00086772 -0.000869518 -0.000870754 -0.000866838 -0.000869042 -0.000879319 -0.000875202 -0.000874919 -0.000885733 -0.000888514 -0.00086639 -0.000838267 -0.000849518 -0.00090149 -0.000909425 -0.00089349
0 0 0 0 0 0 0 0 0 0 0 0 0 0 0 0 0 0 0 0 0 0 0 0 0 0 0 0 0 0 0 0 0 0 0 0 0 0 0 -0.000741968 -0.000747053 -0.0007095 -0.000747446 -0.000826494 -0.000837439 -0.000839618 -0.000851059 -0.000855629 -0.000857207 -0.000758231 0.000556427 -0.00057102 -0.000616905 -0.000570385 -0.000793617 -0.000841701 -0.000847991 -0.000840582 -0.000846305 -0.000843083 -0.00084746 -0.000858282 -0.00086392 -0.00087 -0.000868393 -0.000865511 -0.000872349 -0.000873488 -0.000866514 -0.000884404 -0.000890905 -0.000889929 -0.000835984 -0.000684107 -0.000879932 -0.000913067
0 0 0 0 0 0 0 0 0 0 0 0 0 0 0 0 0 0 0 0 0 0 0 0 0 0 0 0 0 0 0 0 0 0 0 0 0 0 0 -0.000724343 -0.000812431 -0.000806952 -0.0008025 -0.000827775 -0.000853425 -0.000844619 -0.000847244 -0.000859186 -0.000859909 -0.000811471 0.000572353 0.000681657 0.000770982 0.000679846 0.000555957 -0.000801877 -0.000818553 -0.000841152 -0.000852539 -0.000858623 -0.000853612 -0.000852418 -0.000857592 -0.000862927 -0.000867448 -0.000859666 -0.000850821 -0.000865899 -0.000865103 -0.000867499 -0.000885785 -0.000893852 -0.000899015 -0.000897118 -0.000824461 -0.000835557
0 0 0 0 0 0 0 0 0 0 0 0 0 0 0 0 0 0 0 0 0 0 0 0 0 0 0 0 0 0 0 0 0 0 0 0 0 0 0 0 -0.000811021 -0.00084898 -0.000836997 -0.000826773 -0.000839937 -0.000848698 -0.000851042 -0.000852457 -0.000836257 -0.000852605 -0.000821567 0.000755593 0.000825336 0.000826664 0.000852011 0.000825159 -0.000842111 -0.00083687 -0.000851509 -0.000849845 -0.000842445 -0.000829864 -0.000839097 -0.000782734 -0.000736133 -0.000758456 -0.000753137 -0.000750647 -0.000863911 -0.000863419 -0.000870941 -0.000771875 -0.000781905 -0.000785817 0.000745492 -0.00065555
