Outputs/initial_cond/v_35m.asc
ncols 286
nrows 263
xllcorner 528670
yllcorner 5.07686e+06
cellsize 35
NODATA_value -9999
[rows 170 to 203 of 263, columns 152 to 227 of 286]
0.000879697 0.000883433 0.000877652 0.000861466 -0.000789308 -0.000876888 -0.000868202 -0.000720543 -0.000490193 -0.0007984 -0.000895633 -0.000887137 -0.000883832 -0.000907751 -0.000900038 -0.000871588 -0.00059924 0.000519895 0.000571861 0.000673032 -0.000454057 -0.000897227 -0.000919605 -0.000918558 -0.000925893 -0.000925024 -0.000923873 -0.000892525 0.000769635 0.000904639 0.000916399 0.000863772 0.00079424 -0.000686552 -0.000915228 -0.000934463 -0.000938737 -0.000937252 -0.000938874 -0.00093198 -0.000928501 -0.000936765 -0.000914879 -0.000937127 -0.000923296 -0.00093393 -0.000930424 -0.000926398 -0.000930853 -0.000931663 -0.000767718 -0.000791245 0.000730271 0.000689415 -0.000925089 -0.000918616 -0.000926946 -0.000908703 -0.000935572 -0.000937141 -0.00093415 -0.000944871 -0.000938264 -0.000944676 -0.000813798 -0.000779781 -0.00077268 0.000831309 0.000862605 0 0 0 0 0 0 0
0.000763726 0.0007176 0.000736844 -0.000666567 0.000658441 -0.000883938 -0.000899198 -0.000858435 -0.000717885 -0.000812242 -0.000898518 -0.000907974 -0.000871482 -0.000913148 -0.000905457 -0.000889683 0.000511539 0.000777234 0.000709027 0.000668555 0.000664957 -0.000660893 -0.00090056 -0.00092138 -0.000923168 -0.000927131 -0.000931746 -0.000933425 -0.000908565 -0.00108884 0.000735091 0.000486026 -0.000759323 -0.000912721 -0.00093094 -0.000934615 -0.000942494 -0.000941561 -0.000941296 -0.000943337 -0.000927449 -0.000886697 -0.000908174 -0.000940067 -0.000939105 -0.000923029 -0.00092369 -0.00093779 -0.000935647 -0.000905834 -0.000933104 0.000629533 0.000889194 0.000780963 -0.00092275 -0.000926649 -0.000921875 -0.00091831 -0.000926459 -0.000933045 -0.000944172 -0.000946613 -0.000947628 -0.00094248 -0.000950071 -0.000918196 0.000684368 0.000851862 0.000846739 0 0 0 0 0 0 0
-0.000726473 -0.00087819 -0.00088301 0.000690991 0.000741462 -0.000818801 -0.000902823 -0.000904624 -0.000861184 -0.000849492 -0.000884078 -0.00090296 -0.000913831 -0.000915984 -0.000911314 -0.000916335 -0.00088623 0.000740965 0.000732341 0.000614631 0.000764037 0.000826015 0.000612325 -0.00088595 -0.000909123 -0.000906388 -0.000884598 -0.000842581 -0.000848842 -0.000836774 -0.000856732 -0.000847781 -0.000915951 -0.000927968 -0.000939801 -0.000943661 -0.000946737 -0.000949593 -0.000947882 -0.000947838 -0.000942908 -0.000907091 -0.000943989 -0.000937683 -0.000941999 -0.0009377 -0.000932572 -0.000935633 -0.000938867 -0.000925608 -0.000915278 -0.000936523 -0.000784174 -0.000881704 -0.000893938 -0.000927836 -0.000931427 -0.000911163 -0.00091911 -0.000939994 -0.000945991 -0.000932645 -0.000939472 -0.000944397 -0.00094571 -0.000948744 -0.000793591 0.000770754 0.000943976 0 0 0 0 0 0 0
-0.000887604 0.000735677 -0.00080165 -0.000883374 -0.000835903 -0.000878234 -0.000905134 -0.000904827 -0.000856221 -0.000858683 -0.000888323 -0.000886088 -0.000859629 -0.000919442 -0.000920092 -0.000919476 -0.000915142 -0.000827571 -0.000784289 -0.000824424 -0.000858064 -0.000867741 -0.000829949 -0.000811449 -0.000747006 0.000763454 0.000757745 0.000679785 -0.000705155 -0.00109709 -0.00114739 -0.000900924 -0.000914856 -0.000931976 -0.000943838 -0.00094913 -0.000949284 -0.000951906 -0.00095015 -0.000950427 -0.000949689 -0.000947416 -0.000941156 -0.000936254 -0.000946115 -0.000934248 -0.000940235 -0.000943045 -0.000941719 -0.000941469 -0.000941592 -0.00092068 -0.000937388 -0.000902278 -0.000928427 -0.000929615 -0.00093857 -0.00091394 -0.000894391 -0.000912188 -0.000932285 -0.00094392 -0.000941653 -0.000943384 -0.000943128 -0.000899368 0.00155132 -0.000492025 0 0 0 0 0 0 0 0
-0.000695688 -0.000799596 -0.000791485 -0.00090365 -0.000903737 -0.000910118 -0.000882854 -0.000785725 -0.000837566 -0.000850134 -0.000871468 -0.000860887 -0.000757285 -0.000883442 -0.000922779 -0.000923368 -0.000917429 -0.000839298 0.000614919 0.000772089 0.000815478 0.000814677 0.000706049 0.000666449 0.000868428 0.000866714 0.000795405 -0.000487391 -0.0011662 -0.00115838 -0.00113784 -0.00118722 -0.000895904 -0.00092892 -0.000946556 -0.000952183 -0.000951494 -0.000953132 -0.000953542 -0.000951561 -0.000952198 -0.000948626 -0.000946225 -0.000948599 -0.000930354 -0.000943574 -0.000941504 -0.000925492 -0.00094718 -0.000945707 -0.000924728 -0.000915421 -0.000930128 -0.000913942 -0.000905873 -0.000942103 -0.000942727 -0.000932017 -0.000886247 -0.000891425 -0.0009118 -0.000949545 -0.000945805 -0.000948534 -0.000946149 -0.000790988 0.000777294 0.000688987 0 0 0 0 0 0 0 0
0.000660559 -0.000723653 -0.000693279 -0.000854322 -0.00089879 -0.000898773 -0.000813432 -0.000780391 -0.000774011 -0.000707747 -0.000807254 -0.000874225 -0.00086757 -0.000876582 -0.000924012 -0.00092657 -0.000925495 -0.000922827 -0.000699012 0.000789194 0.000843596 0.000853121 0.000869345 0.000917382 0.000919161 0.000843496 0.000639688 -0.000834503 -0.00120795 -0.00119 -0.00121218 -0.00120821 -0.000895794 -0.000905653 -0.000940875 -0.000954169 -0.000952501 -0.000954734 -0.000955052 -0.000954676 -0.000954296 -0.000933585 -0.000942097 -0.000944132 -0.000948305 -0.000949282 -0.000949012 -0.000941956 -0.000946467 -0.000947596 -0.000941609 -0.000929992 -0.000930796 -0.00092051 -0.00086481 -0.00093526 -0.000931039 -0.000904662 -0.000913342 -0.000902179 -0.000890408 -0.000928063 -0.000941776 -0.000934608 -0.000929562 -0.000781609 0.0004977 0.000435095 0 0 0 0 0 0 0 0
-0.000896854 -0.000899933 -0.000828228 -0.000841771 -0.000855777 -0.000878757 -0.000748464 -0.000697193 -0.000837909 -0.000856593 -0.000841517 -0.000862051 -0.000890817 -0.000900486 -0.000926745 -0.000924267 -0.000924023 -0.000925367 -0.000896526 -0.000813726 -0.000859222 -0.00083121 -0.000792415 0.000604579 0.000668937 -0.000566104 -0.000783364 -0.00116292 -0.00118586 -0.00119735 -0.00123571 -0.00124177 -0.00123223 -0.000919012 -0.000923131 -0.000950934 -0.000955708 -0.000954218 -0.000955419 -0.000955761 -0.000954933 -0.000948296 -0.000950855 -0.000936595 -0.000948879 -0.000951796 -0.000949686 -0.000948523 -0.000950309 -0.000947328 -0.000938516 -0.000943287 -0.000941195 -0.00094009 -0.000920043 -0.000942896 -0.000906588 -0.000923747 -0.000911661 -0.000902066 -0.000880798 -0.00090996 -0.000926809 -0.000940465 -0.000909527 -0.000849022 0.000155559 0 0 0 0 0 0 0 0 0
-0.000841638 -0.000845991 -0.00087246 0.000892019 0.000840651 0.000911687 0.000845792 -0.000536403 -0.000813718 -0.000761437 -0.00067588 -0.000833346 -0.000897982 -0.000919608 -0.000928955 -0.000925825 -0.000917412 -0.000931499 -0.000920011 0.000618827 0.000768342 -0.000707899 -0.000885361 -0.000928004 -0.000928318 -0.000923095 -0.00121677 -0.00119441 -0.00111836 -0.00120113 -0.00123072 -0.001249 -0.00125499 -0.00093799 -0.0009406 -0.000939595 -0.000952226 -0.000955129 -0.000955111 -0.000950717 -0.000944813 -0.000939337 -0.000952298 -0.000950275 -0.000923757 -0.000941452 -0.000941143 -0.000939991 -0.000950679 -0.000945827 -0.000945522 -0.000942817 -0.00092432 -0.00091786 -0.000910017 -0.000895356 -0.00078986 -0.000718892 -0.000902682 -0.000899225 -0.000906228 -0.000861686 -0.00090423 -0.000937825 -0.000904438 0 0 0 0 0 0 0 0 0 0 0
0.000686568 0.00086084 0.000808001 -0.000573634 0.000914304 0.000891057 0.000911135 0.000790661 -0.000646139 -0.000613943 -0.000580826 -0.000718211 -0.000873729 -0.000907228 -0.00092505 -0.000931853 -0.000929681 -0.000930846 -0.000917299 -0.000927955 -0.0009275 -0.000893507 -0.000879941 -0.000933284 -0.000937891 -0.00122503 -0.00122223 -0.00120812 -0.00113927 -0.00119376 -0.00122232 -0.00125692 -0.00126748 -0.000956467 -0.000953418 -0.000946047 -0.000945256 -0.000952197 -0.000954565 -0.00095419 -0.000952356 -0.000955909 -0.00095212 -0.000954129 -0.00095447 -0.000953534 -0.000947888 -0.000932897 -0.000939955 -0.000945832 -0.000939373 -0.000946088 -0.000940504 -0.000917038 -0.000899576 -0.000932335 0.000560775 0.000838566 -0.000739016 -0.000930558 -0.000917145 -0.000915618 -0.000903859 -0.000918142 -0.00082162 0 0 0 0 0 0 0 0 0 0 0
0.000792753 -0.00082818 0.000635618 0.000901912 0.000846297 0.000890207 0.000900607 0.000909343 0.000787102 0.000953153 0.00160598 -0.00137774 -0.000799733 -0.000893624 -0.000895212 -0.000933905 -0.000933477 -0.000931295 -0.00088509 -0.000836397 -0.000873955 -0.000941318 -0.000834084 -0.00081889 -0.000901793 -0.00121334 -0.00120362 -0.00121532 -0.00121396 -0.00117102 -0.00120509 -0.0012491 -0.00126506 -0.000953092 -0.000950657 -0.000951727 -0.000942808 -0.000945518 -0.000955831 -0.000955543 -0.000956734 -0.000956842 -0.000956607 -0.000951555 -0.000941683 -0.000947143 -0.000950019 -0.000942404 -0.000947355 -0.000940381 -0.000946754 -0.000945036 -0.000944855 -0.000899447 -0.000886752 -0.000883475 -0.000895446 -0.000900888 -0.000843723 0.000878266 -0.00078652 -0.000924648 -0.000528428 0.000885738 0.000899922 0 0 0 0 0 0 0 0 0 0 0
-0.000820899 -0.000816106 0.000869517 0.000775113 0.00086004 0.000911102 0.000666478 -0.000800748 -0.000907872 -0.000752225 0.00074444 0.000798045 0.000591252 -0.000835122 -0.00088193 -0.000908519 -0.000938272 -0.000937977 -0.00090098 -0.000878159 -0.000929469 -0.000924013 0.000595245 0.000882102 -0.000757229 -0.00112941 -0.00118698 -0.00121824 -0.00124703 -0.00117723 -0.00121293 -0.00121536 -0.00121989 -0.000936231 -0.00094386 -0.000946437 -0.000949914 -0.000939496 -0.000950876 -0.000955474 -0.000954259 -0.000953112 -0.000954627 -0.000957145 -0.000943165 -0.000944604 -0.00094497 -0.000950678 -0.000947695 -0.000942918 -0.000945777 -0.000944937 -0.000939216 -0.000938061 -0.000905573 -0.000867277 -0.000867914 -0.000864633 -0.000880919 -0.000929417 -0.000850187 0.000920625 0.000920209 0.000905836 0.00107904 0 0 0 0 0 0 0 0 0 0 0
0.000746568 0.000694079 0.00075258 0.000862165 -0.000576596 -0.000836775 -0.000804198 -0.000771313 -0.000780283 -0.000897599 -0.000848917 -0.00108533 0.000687821 -0.000612504 -0.000849215 -0.00086618 -0.000923193 -0.000944581 -0.000944094 -0.000944104 -0.000942362 -0.000945355 -0.000824653 0.000879538 0.000912086 0.00094282 -0.00105459 -0.00114935 -0.00122423 -0.00126583 -0.00118998 -0.0011806 -0.00115309 -0.000907595 -0.000925803 -0.000929985 -0.000942859 -0.000948045 -0.00094262 -0.000953409 -0.000948455 -0.000925861 -0.000941984 -0.000944116 -0.000957092 -0.000952049 -0.000949989 -0.000947293 -0.000941898 -0.000935163 -0.000932142 -0.000945701 -0.000932765 -0.000940712 -0.000939894 -0.000910085 -0.000898738 -0.000894656 -0.000866399 -0.000885884 -0.000849048 0.000867016 0.000907993 0.000772669 0 0 0 0 0 0 0 0 0 0 0 0
0.000822563 0.000687851 0.000610724 0.000847521 -0.000859115 -0.000753537 -0.00066347 -0.000615386 0.00108111 -0.00088986 -0.000929293 -0.000902777 -0.000830677 -0.000844922 -0.000859378 -0.00083868 -0.000904379 -0.000941743 -0.000935925 -0.000901158 -0.000881569 -0.000915151 -0.000937669 -0.000877381 0.000813131 0.000942829 -0.000740403 -0.0010904 -0.00121307 -0.00126739 -0.00123174 -0.00108442 -0.00112567 -0.000893074 -0.000913246 -0.000912919 -0.000926114 -0.000943968 -0.000943141 -0.000952123 -0.000952082 -0.000945971 -0.000909455 -0.00086571 -0.000892298 -0.000956902 -0.000949217 -0.000940697 -0.000930311 -0.000920266 -0.000908125 -0.000933455 -0.00093188 -0.000903539 -0.000934664 -0.000935752 -0.000924211 -0.00092163 -0.000885049 -0.000917127 0.00089656 0.000879061 0.00107219 0 0 0 0 0 0 0 0 0 0 0 0 0
0.000730812 0.000629978 0.000873402 0.000865732 -0.000772199 -0.000873804 -0.000920952 -0.000909631 -0.000892144 -0.00091709 -0.000932217 -0.00093338 -0.000897692 -0.000837961 -0.000878046 -0.00087025 -0.000884414 -0.000932377 -0.000929126 -0.000824756 -0.000827739 -0.000868443 -0.000904324 -0.000887522 -0.0009562 -0.000859101 -0.00109842 -0.00108482 -0.00108906 -0.00112865 -0.00119124 -0.00105713 -0.000970527 -0.0011354 -0.000863563 -0.000878802 -0.000916262 -0.000937623 -0.000947649 -0.00095769 -0.00095461 -0.000952928 -0.000954521 -0.000942564 -0.000897568 -0.000922912 -0.000953445 -0.000946173 -0.000919886 -0.000931608 -0.000924004 -0.000926942 -0.000940109 -0.000931857 -0.000921022 -0.000928375 -0.000918699 -0.000905246 -0.000809601 0.000913103 0.000906001 0.000901996 0 0 0 0 0 0 0 0 0 0 0 0 0 0
0.000604335 0.000804934 -0.0008421 -0.00084981 -0.000915517 -0.000916011 -0.000889066 -0.000888333 -0.000917487 -0.000927625 -0.000929274 -0.000922744 -0.000938293 -0.000845465 -0.000847445 -0.000863913 -0.000871758 -0.000916368 -0.000912142 -0.000844184 -0.000860329 -0.000863248 -0.00069606 -0.000597564 -0.000942195 -0.000899967 -0.00109257 -0.0010651 -0.000726049 0.000977419 -0.00100479 -0.00117296 -0.00110162 -0.000621461 -0.000679907 -0.000868672 -0.000857056 -0.000920174 -0.000956165 -0.000946118 -0.000951093 -0.000958497 -0.000942962 -0.000947669 -0.00094999 -0.000918429 -0.000928326 -0.000938887 -0.000917446 -0.00092669 -0.00091414 -0.000903926 -0.000904793 -0.000933324 -0.000904761 -0.00092068 -0.000927958 -0.000805149 0.000919307 0.00091024 0.00087135 0.00104753 0 0 0 0 0 0 0 0 0 0 0 0 0 0
0.000887263 -0.000816953 -0.000890447 -0.000870503 0.000838669 -0.000885834 -0.00088155 -0.000817586 -0.000905979 -0.000923816 -0.000928396 -0.000931635 -0.000938559 -0.000841047 -0.000678385 -0.000804724 -0.000862741 -0.000888081 -0.000884884 -0.000819547 -0.000760673 -0.00139809 0.00070924 0.000635896 -0.000993033 -0.000998814 -0.00104834 -0.00111514 -0.00109875 -0.00100552 -0.00102509 -0.00108887 -0.00115255 -0.00114893 -0.000828595 -0.000861327 -0.000886234 -0.000886498 -0.000939474 -0.000959495 -0.000951776 -0.000956515 -0.000957768 -0.000956102 -0.000956455 -0.000954173 -0.000934107 -0.000940056 -0.00093161 -0.000920804 -0.000911752 -0.000917369 -0.000918455 -0.000920982 -0.000924615 -0.000909413 -0.000911076 0.000904943 0.000905163 0.000894098 0.000835689 0 0 0 0 0 0 0 0 0 0 0 0 0 0 0
0.000802633 0.000803287 0.000898975 0.000734939 0.000858335 0.000838068 0.000727393 0.000897854 0.000922676 0.000792817 0.000715678 0.000871943 -0.000827868 -0.000878469 -0.000856715 -0.000871794 -0.000848617 -0.00086222 -0.000823 -0.00066333 -0.000642605 -0.000571464 -0.000661209 -0.00115279 -0.00115796 -0.000997488 -0.000952996 -0.00114543 -0.00116341 -0.00117838 -0.00114548 -0.00109307 -0.00106873 -0.00113406 -0.000878112 -0.000878283 -0.000910784 -0.000886257 -0.000859283 -0.000906232 -0.000956802 -0.000954795 -0.000955329 -0.000957453 -0.000956111 -0.00095454 -0.000952331 -0.000929389 -0.000944831 -0.00091591 -0.000894493 -0.000871109 -0.000856769 -0.000855044 -0.000912083 -0.000918984 0.000820885 0.000910076 0.000888444 0.00102892 0 0 0 0 0 0 0 0 0 0 0 0 0 0 0 0
-0.000640441 0.000891269 0.000665128 0.000652166 0.000900672 0.000912905 0.000763608 0.000573975 0.000559529 0.000684001 0.000624052 0.000538594 0.000635468 0.00093628 -0.000851555 -0.000846855 -0.000868709 -0.000827904 -0.000686284 -0.000691357 -0.000787008 -0.000726297 -0.000921672 -0.00125791 -0.00120961 -0.00104147 -0.000981896 -0.00104102 -0.00110652 -0.00122056 -0.00121703 -0.00113378 -0.00104063 -0.0010136 -0.000786522 -0.000847912 -0.000890376 -0.000907231 -0.000861987 -0.000810289 -0.000889577 -0.0009553 -0.000956307 -0.0009573 -0.00095607 -0.000950697 -0.000951488 -0.000946751 -0.000943505 -0.000907913 -0.000837046 -0.000770431 -0.000783794 -0.000853872 -0.000911674 0.000803341 0.000883315 0.00086828 0.000985961 0 0 0 0 0 0 0 0 0 0 0 0 0 0 0 0 0
-0.000674569 0.000504311 0.000891022 0.00080658 0.000670321 0.000864631 0.00084845 0.000787448 0.000832881 0.000784669 0.000894832 0.000905215 0.000773678 0.000815499 0.000944024 -0.000856895 -0.000867831 -0.000889618 -0.000814133 -0.000815563 -0.000838596 -0.000900254 -0.000949149 -0.00125109 -0.00117003 -0.00120572 -0.000967749 0.00076253 -0.000932435 -0.00106196 -0.00111869 -0.00110637 -0.00109438 -0.00107344 -0.00108917 -0.000798156 -0.000847612 -0.000907364 -0.000916141 -0.000912931 -0.000924871 -0.000958967 -0.00094626 -0.000957607 -0.000957437 -0.000956536 -0.000950018 -0.000943589 -0.00093658 -0.000934965 -0.000923698 -0.000913293 -0.000910129 -0.000918136 -0.000666428 0.00086674 0.000826697 0.00103751 0 0 0 0 0 0 0 0 0 0 0 0 0 0 0 0 0 0
0.000736088 0.000806242 0.000849996 0.00089006 0.000675936 0.000539979 0.000746175 0.000781641 0.000771253 0.000878949 0.000912841 0.000914078 0.000908193 0.0009162 0.000880452 -0.000858033 -0.000896471 -0.000884219 -0.000899174 -0.000890801 -0.000892292 -0.000912028 -0.0012289 -0.00121646 -0.00125395 -0.00125243 -0.00121301 -0.000999727 -0.000848416 -0.000747897 -0.000884443 -0.0010864 -0.00110731 -0.00106395 -0.001074 -0.000812185 -0.00086314 -0.000908577 -0.000938834 -0.000946669 -0.000946716 -0.000946847 -0.000953548 -0.00179331 -0.0017892 -0.00178657 -0.00177112 -0.00172018 -0.00174143 -0.00174477 -0.00167404 -0.00168565 -0.000869889 0.000696279 0.00077356 0.000728811 0.000958344 0 0 0 0 0 0 0 0 0 0 0 0 0 0 0 0 0 0 0
0.000820139 0.000809532 0.000754853 0.000807956 0.000874788 0.000855302 0.00069239 0.000752999 0.00083881 0.00083146 0.000890608 0.000907063 0.000899182 0.000932928 0.000942093 0.000862099 -0.000819871 -0.00087746 -0.000915383 -0.00089368 -0.000903289 -0.000928301 -0.00113359 -0.00125135 -0.00127528 -0.00126166 -0.00122797 -0.00117455 -0.00107236 -0.000981617 -0.000865304 -0.00104908 -0.00110007 -0.00106837 -0.000995242 -0.00063983 0.000600449 0.000630149 -0.000922971 -0.00179191 -0.00179122 -0.00179329 -0.00178782 -0.00178273 -0.00176338 -0.00172996 0.00163546 0.00175961 0.00171064 0.00132047 0.00148149 0.00171728 0.000895826 0.000868302 0.000645459 0.000837584 0 0 0 0 0 0 0 0 0 0 0 0 0 0 0 0 0 0 0 0
-0.000474121 -0.000617952 -0.000587766 0.000509777 0.000675098 0.00073994 0.000817796 0.000837249 0.000850742 0.000879823 0.000907943 0.000916893 -0.000697765 -0.000637526 0.000943856 0.000830904 -0.000819641 -0.000838678 -0.000864412 -0.000929861 -0.000948796 -0.000951 -0.00122571 -0.00119891 -0.00123017 -0.00125842 -0.00122624 -0.0011699 -0.00113016 -0.000962252 -0.00086869 -0.000866153 -0.000826511 -0.000700092 0.00103369 0.00120709 0.000948243 0.000813204 -0.00170893 -0.00172771 -0.0016125 -0.0017363 -0.0017705 0.00160292 0.00175507 0.00173434 0.00167375 0.00174395 0.00173599 0.00158088 0.001606 0.00164889 0.00083279 -0.000558764 0.00470622 0 0 0 0 0 0 0 0 0 0 0 0 0 0 0 0 0 0 0 0 0
0.000813891 0.00080827 0.000776144 0.000752385 0.000773963 0.000707683 0.000792157 0.000861999 0.000861386 0.000864485 0.000872691 -0.000442527 -0.00138026 0.000809906 0.00130174 0.000950099 0.000950806 0.000904995 0.000837881 -0.000943614 -0.000956728 -0.000949565 -0.00125082 -0.00113442 -0.00110202 -0.00113272 -0.00113755 -0.00102844 -0.000999951 -0.000948987 -0.000826766 0.000985199 0.00100141 0.00115429 0.00122451 0.000838921 0.000823764 -0.00146358 0.0017378 0.00176215 0.00178202 0.00172194 0.00154178 0.00159574 0.00167597 0.001593 0.00175311 0.00169419 0.00156376 0.00154926 0.00131476 0.0029135 0.00167967 0 0 0 0 0 0 0 0 0 0 0 0 0 0 0 0 0 0 0 0 0 0 0
0.000849351 0.000864115 0.00087583 0.00088948 0.000892394 0.000897458 0.000885444 0.000857634 0.000845303 0.000810855 0.000794749 0.000921933 0.000828445 0.000735891 0.000603196 0.000561485 0.000547995 0.000657207 0.000940208 0.000900445 -0.00122924 -0.0012468 -0.00121884 -0.00104386 -0.000863776 -0.0013911 0.000923543 0.00107616 0.000948252 0.000873221 0.00105487 0.00123568 0.00121236 0.00118863 0.000837629 0.000825305 0.000868282 0 0.00104391 0.000851443 0.00127383 0.0017685 0.00154759 0.00173206 0.00175958 0.00166872 0.00129452 0.00146467 0 0 0 0 0 0 0 0 0 0 0 0 0 0 0 0 0 0 0 0 0 0 0 0 0 0 0 0
0.000721272 0.000771016 0.000771336 0.000830479 0.000864098 0.00086755 0.000818449 0.000817954 0.000858367 0.000841908 0.000870711 0.000908152 0.000808791 0.000728545 0.000700736 0.000602461 0.000587254 0.000668659 0.000883296 0.000949439 0.00125367 -0.000920444 -0.0010871 -0.00115903 -0.00114387 -0.00101747 0.000838436 0.00117952 0.0012541 0.00122807 0.00124285 0.00118139 0.00112095 0.00122654 0.000786971 0.000838354 0 0 0 0 0 0.00095979 0.00188897 0.00244545 0.00136447 0.00137941 0 0 0 0 0 0 0 0 0 0 0 0 0 0 0 0 0 0 0 0 0 0 0 0 0 0 0 0 0 0
-0.000674906 0.000502729 0.000771915 0.000818473 0.000848024 0.00087372 0.000884781 0.000879452 0.00088778 0.000906316 0.000912514 0.000920803 0.00092467 0.0009241 0.00089858 0.000905932 0.000910179 0.00115257 0.00089583 0.000898727 0.00124354 0.00113953 0.000875982 0.000877263 0.00098218 0.000977938 0.000801902 0.00153861 0.00109371 0.00106807 0.00107937 0.00106472 0.000686445 0.000640442 0 0 0 0 0 0 0 0 0 0 0 0 0 0 0 0 0 0 0 0 0 0 0 0 0 0 0 0 0 0 0 0 0 0 0 0 0 0 0 0 0 0
-0.000838481 -0.000780194 -0.000743175 -0.00077712 -0.000664779 0.00074705 0.000827683 0.000871382 0.000855557 0.000885477 0.000889126 0.000878081 0.000828201 0.000773638 0.000738257 0.000753986 0.000825413 0.000875639 -0.00054309 0.00124866 0.00125982 0.000780357 0.00107102 0.00116644 0.000571479 0.000648532 0 0 0 0 0 0 0 0 0 0 0 0 0 0 0 0 0 0 0 0 0 0 0 0 0 0 0 0 0 0 0 0 0 0 0 0 0 0 0 0 0 0 0 0 0 0 0 0 0 0
-0.000750071 -0.000728157 -0.000638154 -0.000702845 -0.000812745 -0.000822198 -0.00151917 0.000696836 0.000658244 -0.000645384 -0.000795236 -0.000867991 -0.000834975 -0.000797105 -0.000746446 -0.000692675 -0.000725817 -0.000690739 0.000636672 0.00123726 0.000906484 0.00117091 0.0012205 0.00123657 0 0 0 0 0 0 0 0 0 0 0 0 0 0 0 0 0 0 0 0 0 0 0 0 0 0 0 0 0 0 0 0 0 0 0 0 0 0 0 0 0 0 0 0 0 0 0 0 0 0 0 0
0.000750219 -0.000507039 -0.000786059 -0.000827323 -0.000836291 -0.000821947 -0.000797682 -0.00075557 -0.000781075 -0.000754859 -0.000567404 0.000571835 0.000588715 0.000612263 0.000504975 -0.000663681 -0.000780046 -0.000828853 -0.000639742 -0.000909673 0.00119103 0.00102721 0.00122654 0.00130224 0 0 0 0 0 0 0 0 0 0 0 0 0 0 0 0 0 0 0 0 0 0 0 0 0 0 0 0 0 0 0 0 0 0 0 0 0 0 0 0 0 0 0 0 0 0 0 0 0 0 0 0
0.000694889 0.000552363 -0.000624573 -0.000764181 0 0 -0.000850072 -0.000873859 -0.000805452 -0.000543439 0.000607127 0.000693247 0.000692781 0.00137963 -0.000665922 -0.00074119 -0.000764054 -0.000796547 -0.000901539 -0.000777676 -0.00126397 -0.000786239 -0.00104368 0 0 0 0 0 0 0 0 0 0 0 0 0 0 0 0 0 0 0 0 0 0 0 0 0 0 0 0 0 0 0 0 0 0 0 0 0 0 0 0 0 0 0 0 0 0 0 0 0 0 0 0 0
0.000480877 0.000229756 0 0 0 0 0 0 0 0 0.000399389 -0.000794061 -0.000841122 -0.000835502 -0.000829332 -0.000894822 -0.000894122 -0.000925229 -0.000892346 -0.000885184 -0.00126512 -0.00108675 -0.00110325 0 0 0 0 0 0 0 0 0 0 0 0 0 0 0 0 0 0 0 0 0 0 0 0 0 0 0 0 0 0 0 0 0 0 0 0 0 0 0 0 0 0 0 0 0 0 0 0 0 0 0 0 0
0 0 0 0 0 0 0 0 0 0 0 0 0 0 0 0 0 0 -0.000740967 -0.000949921 -0.00123736 -0.0010669 -0.000776083 0 0 0 0 0 0 0 0 0 0 0 0 0 0 0 0 0 0 0 0 0 0 0 0 0 0 0 0 0 0 0 0 0 0 0 0 0 0 0 0 0 0 0 0 0 0 0 0 0 0 0 0 0
0 0 0 0 0 0 0 0 0 0 0 0 0 0 0 0 0 0 0 0 0.0011354 0.00117182 0.00107556 0 0 0 0 0 0 0 0 0 0 0 0 0 0 0 0 0 0 0 0 0 0 0 0 0 0 0 0 0 0 0 0 0 0 0 0 0 0 0 0 0 0 0 0 0 0 0 0 0 0 0 0 0
0 0 0 0 0 0 0 0 0 0 0 0 0 0 0 0 0 0 0 0 0.000948678 0.00124851 0.00124698 0 0 0 0 0 0 0 0 0 0 0 0 0 0 0 0 0 0 0 0 0 0 0 0 0 0 0 0 0 0 0 0 0 0 0 0 0 0 0 0 0 0 0 0 0 0 0 0 0 0 0 0 0
