Outputs/initial_cond/v_50m.asc
ncols 200
nrows 184
xllcorner 528670
yllcorner 5.07686e+06
cellsize 50
NODATA_value -9999
[rows 34 to 67 of 184, columns 77 to 153 of 200]
9.20882e-06 9.57312e-06 9.59813e-06 9.24216e-06 8.64946e-06 8.18489e-06 9.26768e-06 9.16447e-06 8.78187e-06 7.46021e-06 8.58259e-06 8.46478e-06 8.35855e-06 8.17725e-06 -5.11976e-06 -6.86462e-06 -6.47531e-06 8.37073e-06 9.13545e-06 7.15056e-06 5.36062e-06 -6.70914e-06 -7.10077e-06 -6.99823e-06 -6.85856e-06 -6.72378e-06 -4.8269e-06 -5.05457e-06 -1.87742e-06 0 0 0 0 0 0 0 0 0 0 0 0 0 0 0 0 0 0 0 0 0 0 0 0 0 0 0 0 0 0 0 0 0 0 0 0 0 0 0 0 0 0 0 0 0 0 0 0
-9.24805e-06 -9.76713e-06 -9.23758e-06 -7.83538e-06 -5.39462e-06 -7.19441e-06 -5.83249e-06 8.97983e-06 8.94134e-06 8.60141e-06 5.92837e-06 7.43656e-06 8.29365e-06 8.07454e-06 8.06646e-06 6.54992e-06 -4.7454e-06 7.91161e-06 7.0756e-06 5.89597e-06 6.93893e-06 5.20463e-06 6.68272e-06 5.41191e-06 -5.49883e-06 -6.45346e-06 -6.37792e-06 -6.46531e-06 -6.16675e-06 0 -1.81157e-06 0 0 0 0 0 0 0 0 0 0 0 0 0 0 0 0 0 0 0 0 0 0 0 0 0 0 0 0 0 0 0 0 0 0 0 0 0 0 0 0 0 0 0 0 0 0
-9.34604e-06 -9.90913e-06 -9.36625e-06 -9.12308e-06 -9.05974e-06 -9.00479e-06 -8.93783e-06 -8.78115e-06 -8.54707e-06 -6.41598e-06 8.0335e-06 6.61047e-06 7.97847e-06 8.07125e-06 7.99431e-06 7.23306e-06 7.24575e-06 8.00978e-06 7.30323e-06 -2.97594e-05 4.74306e-06 6.08389e-06 -6.49939e-06 -5.84545e-06 6.30153e-06 6.59479e-06 6.0889e-06 6.36051e-06 6.31772e-06 6.1094e-06 -6.02299e-06 0 0 0 0 0 0 0 0 0 0 0 0 0 0 0 0 0 0 0 0 0 0 0 0 0 0 0 0 0 0 0 0 0 0 0 0 0 0 0 0 0 0 0 0 0 0
9.36038e-06 -7.75713e-06 -9.58996e-06 -9.60438e-06 -9.36761e-06 -8.96685e-06 -8.46902e-06 -8.26924e-06 -8.24313e-06 -8.58686e-06 -8.51604e-06 -7.32522e-06 -6.28408e-06 6.03581e-06 7.90734e-06 7.58874e-06 1.00289e-05 9.57709e-06 5.72144e-06 -5.29173e-06 -5.56259e-06 -4.94012e-06 3.7825e-06 -6.85845e-06 -6.56356e-06 -6.591e-06 -5.97474e-06 5.16723e-06 5.43556e-06 6.10129e-06 5.95142e-06 -3.45209e-06 0 0 0 0 0 0 0 0 0 0 0 0 0 0 0 0 0 0 0 0 0 0 0 0 0 0 0 0 0 0 0 0 0 0 0 0 0 0 0 0 0 0 0 0 0
9.83311e-06 9.80551e-06 8.98692e-06 9.2244e-06 8.27251e-06 7.19204e-06 -6.98572e-06 -8.6102e-06 -8.89034e-06 -8.74379e-06 -8.43374e-06 -7.79787e-06 -7.95165e-06 -7.94236e-06 -7.76379e-06 7.49715e-06 1.01661e-05 7.8106e-06 5.0566e-06 5.30945e-06 3.90036e-06 3.86278e-06 -5.16677e-06 2.21888e-05 -5.72968e-06 -6.58879e-06 -6.49715e-06 -6.31484e-06 -6.21626e-06 -5.76056e-06 5.93868e-06 -5.73948e-06 -1.61508e-06 0 0 0 0 0 0 0 0 0 0 0 0 0 0 0 0 0 0 0 0 0 0 0 0 0 0 0 0 0 0 0 0 0 0 0 0 0 0 0 0 0 0 0 0
8.7216e-06 9.81077e-06 -9.62922e-06 -9.54138e-06 9.14224e-06 9.25532e-06 9.12426e-06 8.69021e-06 6.60829e-06 -8.68464e-06 -7.83148e-06 -8.25038e-06 -8.20013e-06 -8.00705e-06 -7.85234e-06 -1.02853e-05 -7.26475e-06 8.16753e-06 -5.43788e-06 -5.92338e-06 -5.04355e-06 -6.14872e-06 -4.54125e-06 6.66366e-06 6.64784e-06 -4.12991e-06 -6.09356e-06 -6.12797e-06 -6.11754e-06 -5.97245e-06 -5.85543e-06 4.83668e-06 -4.6082e-06 -2.39178e-06 0 0 0 0 0 0 0 0 0 0 0 0 0 0 0 0 0 0 0 0 0 0 0 0 0 0 0 0 0 0 0 0 0 0 0 0 0 0 0 0 0 0 0
8.78454e-06 8.37793e-06 9.11692e-06 8.86431e-06 9.36604e-06 8.66107e-06 9.0611e-06 8.58682e-06 8.4494e-06 8.56256e-06 8.5571e-06 -6.45206e-06 -8.0817e-06 -7.63166e-06 -6.04212e-06 -5.2455e-06 -8.44325e-06 5.89583e-06 -2.41865e-05 -5.8382e-06 -5.77219e-06 -6.32549e-06 -5.03842e-06 5.98199e-06 5.23464e-06 5.21686e-06 5.01927e-06 4.72301e-06 -5.28173e-06 -5.86134e-06 -5.89495e-06 -5.46835e-06 3.76328e-06 -4.52737e-06 -3.91887e-06 0 0 0 0 0 0 0 0 0 0 0 0 0 0 0 0 0 0 0 0 0 0 0 0 0 0 0 0 0 0 0 0 0 0 0 0 0 0 0 0 0 0
9.47971e-06 8.21572e-06 6.98238e-06 7.67575e-06 8.82304e-06 9.10272e-06 8.77255e-06 8.75528e-06 8.35564e-06 7.96394e-06 7.82852e-06 7.90286e-06 8.14684e-06 7.20243e-06 6.42301e-06 7.19537e-06 9.53395e-06 7.33313e-06 5.48378e-06 -5.78863e-06 -6.55561e-06 -6.87791e-06 -4.27425e-06 6.23268e-06 6.67412e-06 6.56769e-06 6.37517e-06 6.2361e-06 6.17292e-06 4.67274e-06 4.68375e-06 -4.35135e-06 -4.85778e-06 -4.84204e-06 -4.91789e-06 -2.75047e-06 0 0 0 0 0 0 0 0 0 0 0 0 0 0 0 0 0 0 0 0 0 0 0 0 0 0 0 0 0 0 0 0 0 0 0 0 0 0 0 0 0
9.66689e-06 9.04375e-06 8.68006e-06 8.98946e-06 9.18607e-06 9.015e-06 8.89185e-06 8.77589e-06 7.78666e-06 7.68078e-06 7.94282e-06 8.14088e-06 7.89349e-06 7.87547e-06 8.91286e-06 9.89036e-06 9.10522e-06 5.32545e-06 -5.7243e-06 5.41276e-06 -6.74673e-06 -6.90641e-06 -6.72751e-06 -6.73818e-06 -6.43937e-06 -6.54397e-06 -6.42401e-06 4.40555e-06 6.14292e-06 6.02295e-06 5.84426e-06 5.60939e-06 -4.78654e-06 -5.03625e-06 -4.1089e-06 -4.55974e-06 -3.55467e-06 0 0 0 0 0 0 0 0 0 0 0 0 0 0 0 0 0 0 0 0 0 0 0 0 0 0 0 0 0 0 0 0 0 0 0 0 0 0 0 0
9.65011e-06 9.54084e-06 9.39918e-06 9.12582e-06 9.04273e-06 8.98734e-06 8.63085e-06 8.55804e-06 8.64503e-06 8.3756e-06 7.94048e-06 7.70492e-06 7.95575e-06 7.90891e-06 1.03074e-05 9.46215e-06 1.84375e-05 -5.16391e-06 -5.74711e-06 -4.76982e-06 6.69985e-06 5.4662e-06 -6.0757e-06 -6.82164e-06 -6.67691e-06 -6.42485e-06 -6.21368e-06 -6.13236e-06 -4.96646e-06 5.76949e-06 5.09404e-06 5.44928e-06 5.18313e-06 5.38661e-06 4.98396e-06 4.05272e-06 -4.47186e-06 -4.51075e-06 0 0 0 0 0 0 0 0 0 0 0 0 0 0 0 0 0 0 0 0 0 0 0 0 0 0 0 0 0 0 0 0 0 0 0 0 0 0 0
9.52824e-06 9.38976e-06 9.36441e-06 9.2587e-06 8.96988e-06 8.84889e-06 8.85607e-06 8.56059e-06 8.32497e-06 8.44443e-06 8.2612e-06 8.09378e-06 7.97803e-06 7.82152e-06 1.02732e-05 1.00311e-05 1.73023e-05 -5.51376e-06 -5.05955e-06 -5.51295e-06 -6.77423e-06 -3.92849e-06 6.79058e-06 6.72565e-06 6.49729e-06 6.11176e-06 -4.5856e-06 -6.31567e-06 -6.0971e-06 -5.86284e-06 -5.58695e-06 -5.07425e-06 5.43368e-06 5.19844e-06 4.64112e-06 4.41475e-06 3.0186e-06 -4.64612e-06 -4.4087e-06 0 0 0 0 0 0 0 0 0 0 0 0 0 0 0 0 0 0 0 0 0 0 0 0 0 0 0 0 0 0 0 0 0 0 0 0 0 0
9.47755e-06 9.14908e-06 8.84502e-06 8.80878e-06 8.98693e-06 8.8485e-06 8.4365e-06 8.59086e-06 8.30716e-06 8.13268e-06 8.1535e-06 8.07881e-06 7.93668e-06 9.83545e-06 9.45938e-06 2.0495e-05 1.2529e-05 5.50633e-06 5.6441e-06 -5.91078e-06 -6.99324e-06 -6.18892e-06 -6.35784e-06 -6.79135e-06 -6.6304e-06 -6.2397e-06 -3.85125e-06 -4.892e-06 -6.15274e-06 -5.98905e-06 -5.52972e-06 -5.55444e-06 -5.41858e-06 -5.36529e-06 -5.09259e-06 -3.58373e-06 -3.01401e-06 -4.54913e-06 -4.56693e-06 -4.13725e-06 0 0 0 0 0 0 0 0 0 0 0 0 0 0 0 0 0 0 0 0 0 0 0 0 0 0 0 0 0 0 0 0 0 0 0 0 0
9.44626e-06 8.71355e-06 8.41475e-06 8.49213e-06 7.71111e-06 8.21656e-06 8.44668e-06 8.62045e-06 8.44104e-06 8.27221e-06 8.16848e-06 7.95138e-06 7.77804e-06 1.00586e-05 9.17592e-06 1.37788e-05 -1.18091e-05 -1.10448e-05 -9.38311e-06 -6.95507e-06 -6.88448e-06 -6.98544e-06 -6.82105e-06 -6.46594e-06 -5.76708e-06 -6.55287e-06 -5.65604e-06 -5.82937e-06 -5.76669e-06 -5.84608e-06 -5.5508e-06 -5.65343e-06 -5.53082e-06 -5.10608e-06 -5.21343e-06 -5.05594e-06 -4.73307e-06 -4.62467e-06 -4.54905e-06 -4.40873e-06 0 0 0 0 0 0 0 0 0 0 0 0 0 0 0 0 0 0 0 0 0 0 0 0 0 0 0 0 0 0 0 0 0 0 0 0 0
9.57843e-06 9.16326e-06 8.25232e-06 5.76304e-06 -6.10839e-06 3.01283e-05 7.61303e-06 8.23989e-06 8.41799e-06 8.10296e-06 6.32008e-06 5.55162e-06 5.00229e-06 -5.74549e-06 -1.15138e-05 -1.01963e-05 -1.29174e-05 -1.46249e-05 -5.41446e-06 -7.00098e-06 6.38426e-06 5.79605e-06 -6.64852e-06 -6.8435e-06 -6.61085e-06 -6.45094e-06 -6.47257e-06 -5.95757e-06 -5.64518e-06 -5.73621e-06 -5.52905e-06 -5.63471e-06 -5.42428e-06 -5.3813e-06 -5.23858e-06 -5.07034e-06 -4.88496e-06 -4.57316e-06 -4.55975e-06 -4.42257e-06 -3.98653e-06 0 0 0 0 0 0 0 0 0 0 0 0 0 0 0 0 0 0 0 0 0 0 0 0 0 0 0 0 0 0 0 0 0 0 0 0
9.23471e-06 8.85826e-06 8.40948e-06 7.28179e-06 7.60561e-06 6.77352e-06 6.51659e-06 8.05515e-06 7.71879e-06 5.34081e-06 -3.28474e-05 -2.78329e-05 -1.32052e-05 -1.29845e-05 -1.05583e-05 -1.47682e-05 -1.5256e-05 -6.28705e-06 -7.09297e-06 6.40745e-06 6.90102e-06 6.80863e-06 6.82989e-06 6.26701e-06 -6.59205e-06 -6.70452e-06 -6.49687e-06 -6.35529e-06 -6.05435e-06 -5.54885e-06 -5.64755e-06 -5.48845e-06 -4.85378e-06 -5.43302e-06 -4.98788e-06 -5.09245e-06 -4.88281e-06 -4.49451e-06 -4.54127e-06 -4.42203e-06 -4.27104e-06 -3.84563e-06 0 0 0 0 0 0 0 0 0 0 0 0 0 0 0 0 0 0 0 0 0 0 0 0 0 0 0 0 0 0 0 0 0 0 0
9.46827e-06 9.15679e-06 8.48465e-06 7.34345e-06 8.90291e-06 8.946e-06 8.60221e-06 7.74761e-06 1.75739e-05 -5.37386e-06 -5.27134e-06 -5.26102e-06 -1.3182e-05 -6.98388e-05 -1.30706e-05 -1.36171e-05 -1.86631e-05 -7.21344e-06 -6.50921e-06 -6.95938e-06 -6.9919e-06 -6.43329e-06 -6.1515e-06 -5.5831e-06 5.33125e-06 -6.40238e-06 -6.54656e-06 -6.37392e-06 -6.19903e-06 -6.02471e-06 -5.7906e-06 -5.70728e-06 -4.58839e-06 -3.81859e-06 -4.2002e-06 -4.08504e-06 -4.72797e-06 -4.73333e-06 -4.48181e-06 -4.39835e-06 -4.29251e-06 -4.15029e-06 -3.72942e-06 0 0 0 0 0 0 0 0 0 0 0 0 0 0 0 0 0 0 0 0 0 0 0 0 0 0 0 0 0 0 0 0 0 0
9.6146e-06 9.39939e-06 9.41248e-06 7.78735e-06 -6.17124e-06 6.64485e-06 8.00111e-06 6.26874e-06 -1.85815e-05 -1.65718e-05 -1.59491e-05 -1.50628e-05 -1.53406e-05 -1.49407e-05 -1.42807e-05 -1.7731e-05 -7.43241e-06 -7.30495e-06 -6.97227e-06 -6.67698e-06 4.05416e-06 -5.05577e-06 -6.19617e-06 -6.73654e-06 4.38064e-06 5.22069e-06 -5.48712e-06 -6.2079e-06 -6.2451e-06 -6.06423e-06 -5.8986e-06 -5.69331e-06 -5.60998e-06 -5.44172e-06 -5.32455e-06 -5.14594e-06 -4.77274e-06 -5.93512e-06 -5.49076e-06 -5.56121e-06 -4.18792e-06 -4.17706e-06 -4.02315e-06 -2.96459e-06 0 0 0 0 0 0 0 0 0 0 0 0 0 0 0 0 0 0 0 0 0 0 0 0 0 0 0 0 0 0 0 0 0
9.45998e-06 9.52684e-06 9.43912e-06 8.94705e-06 8.14798e-06 6.80823e-06 7.70901e-06 6.26153e-06 -1.62977e-05 -1.69071e-05 -1.64982e-05 -1.56199e-05 -1.2986e-05 -1.42163e-05 -1.70069e-05 -7.45258e-06 -7.55897e-06 -7.34188e-06 -5.9532e-06 -5.64799e-06 -6.21818e-06 -5.91029e-06 5.58779e-06 6.27765e-06 6.57214e-06 6.55776e-06 5.63366e-06 3.83165e-06 -4.62853e-06 -5.85502e-06 -5.948e-06 -5.79179e-06 -5.60011e-06 -5.50719e-06 -4.85846e-06 -6.38644e-06 -5.65401e-06 6.24104e-06 6.2217e-06 5.88965e-06 4.22797e-06 3.42024e-06 -4.4755e-06 -3.89443e-06 -2.2424e-06 0 0 0 0 0 0 0 0 0 0 0 0 0 0 0 0 0 0 0 0 0 0 0 0 0 0 0 0 0 0 0 0
8.81789e-06 8.99259e-06 8.80426e-06 7.43759e-06 9.04469e-06 9.00596e-06 7.63476e-06 -1.84535e-05 -1.73345e-05 -1.71343e-05 -1.65227e-05 -1.50308e-05 -1.53581e-05 -1.6137e-05 -7.56303e-06 -7.76055e-06 -7.64463e-06 -7.19489e-06 -6.79118e-06 -6.00709e-06 -5.52357e-06 -6.66173e-06 -6.99165e-06 -6.33386e-06 -4.37684e-06 2.64649e-05 5.5679e-06 5.2612e-06 4.14278e-06 -4.59758e-06 -5.11403e-06 -5.30745e-06 -5.66666e-06 3.61657e-06 5.22923e-06 6.91499e-06 6.67362e-06 6.46789e-06 6.25611e-06 6.04359e-06 5.66214e-06 5.5505e-06 4.85205e-06 3.08343e-06 -3.55039e-06 -1.95483e-06 0 0 0 0 0 0 0 0 0 0 0 0 0 0 0 0 0 0 0 0 0 0 0 0 0 0 0 0 0 0 0
2.01375e-05 8.65916e-06 8.81876e-06 8.83658e-06 9.12642e-06 2.49962e-05 2.02864e-05 -1.69726e-05 -1.68111e-05 -1.69065e-05 -1.63351e-05 -1.558e-05 -1.49229e-05 -6.81495e-06 -7.82505e-06 -7.75243e-06 -7.68969e-06 -7.57206e-06 -7.62781e-06 -7.52431e-06 -7.02851e-06 -6.97498e-06 -5.55557e-06 -5.47483e-06 -6.83116e-06 -6.70056e-06 -6.56793e-06 -6.40629e-06 -6.19078e-06 -5.88072e-06 -5.66854e-06 -5.52974e-06 4.89392e-06 5.45625e-06 5.35348e-06 6.86377e-06 6.60087e-06 6.50052e-06 6.23094e-06 6.02175e-06 5.81555e-06 5.61107e-06 5.46767e-06 5.08344e-06 2.63147e-06 -3.15185e-06 0 0 0 0 0 0 0 0 0 0 0 0 0 0 0 0 0 0 0 0 0 0 0 0 0 0 0 0 0 0 0
-1.81611e-05 2.31564e-05 9.55445e-06 9.35742e-06 2.59964e-05 1.91004e-05 -1.94243e-05 -1.89473e-05 -1.78021e-05 -1.69279e-05 -1.47252e-05 -1.43095e-05 -1.47726e-05 -6.51978e-06 -7.66909e-06 -7.28043e-06 -7.42821e-06 -6.299e-06 6.80929e-06 -6.46359e-06 -7.44359e-06 -5.76804e-06 -6.05888e-06 -7.04354e-06 -6.39136e-06 -6.48004e-06 -6.53987e-06 -6.46287e-06 -6.24194e-06 -6.1455e-06 -5.78678e-06 4.79547e-06 5.55113e-06 5.45223e-06 5.34703e-06 6.90485e-06 6.70316e-06 6.32926e-06 5.38275e-06 -3.51127e-06 -4.06345e-06 -4.71526e-06 -4.48467e-06 3.62099e-06 3.40835e-06 3.41611e-06 0 0 0 0 0 0 0 0 0 0 0 0 0 0 0 0 0 0 0 0 0 0 0 0 0 0 0 0 0 0 0
2.22707e-05 2.2321e-05 2.60131e-05 2.65974e-05 2.53957e-05 1.30924e-05 -1.82332e-05 -1.79649e-05 -1.79849e-05 -1.65662e-05 -1.47658e-05 -1.53673e-05 -1.47538e-05 -4.7661e-06 -6.62771e-06 -7.79913e-06 -7.82471e-06 -7.57802e-06 7.46794e-06 7.48178e-06 -5.04724e-06 7.03309e-06 7.22036e-06 4.16022e-06 -6.94718e-06 -6.71616e-06 -4.01316e-06 -5.14264e-06 -4.2258e-06 5.79567e-06 6.00753e-06 5.63097e-06 5.36251e-06 5.49908e-06 5.39527e-06 4.54893e-06 -6.53688e-06 -6.55242e-06 -6.16478e-06 -5.51663e-06 -4.11113e-06 4.56668e-06 5.39901e-06 5.33075e-06 4.97061e-06 3.66573e-06 -1.10177e-06 0 0 0 0 0 0 0 0 0 0 0 0 0 0 0 0 0 0 0 0 0 0 0 0 0 0 0 0 0 0
2.54089e-05 2.26713e-05 2.20008e-05 2.47236e-05 2.49726e-05 1.55245e-05 -1.48874e-05 -1.70465e-05 -1.54503e-05 -1.35388e-05 -1.44739e-05 -1.40861e-05 -1.50832e-05 -5.43998e-06 -8.16089e-06 -7.40958e-06 -7.52005e-06 -7.84035e-06 7.52115e-06 7.55184e-06 7.40326e-06 6.79855e-06 6.87911e-06 7.07062e-06 6.89892e-06 6.66497e-06 6.59184e-06 6.37051e-06 6.13889e-06 5.87338e-06 5.89812e-06 5.76135e-06 5.74433e-06 5.20636e-06 4.41776e-06 6.05872e-06 -6.43032e-06 -6.59949e-06 -6.37448e-06 -5.40169e-06 5.6099e-06 5.77232e-06 5.55962e-06 5.28733e-06 5.12558e-06 4.90077e-06 -2.36232e-06 0 0 0 0 0 0 0 0 0 0 0 0 0 0 0 0 0 0 0 0 0 0 0 0 0 0 0 0 0 0
0.421926 0.383254 2.26196e-05 2.18163e-05 2.07526e-05 1.92185e-05 1.4247e-05 1.24609e-05 -1.32174e-05 -1.27395e-05 -7.13314e-05 -1.19035e-05 -1.56644e-05 -1.69591e-05 6.42462e-06 8.02396e-06 7.19601e-06 7.09698e-06 6.8277e-06 6.51285e-06 6.94229e-06 7.16376e-06 7.09289e-06 6.91676e-06 6.84653e-06 6.54907e-06 6.31402e-06 6.00492e-06 5.91566e-06 6.02456e-06 5.88617e-06 5.8822e-06 5.55463e-06 5.28425e-06 5.11408e-06 -6.46655e-06 4.37183e-06 -3.81387e-06 6.36267e-06 6.20556e-06 5.93104e-06 5.76115e-06 5.53949e-06 5.34534e-06 5.04493e-06 4.38962e-06 3.40327e-06 -6.74668e-06 0 0 0 0 0 0 0 0 0 0 0 0 0 0 0 0 0 0 0 0 0 0 0 0 0 0 0 0 0
0.431332 0.510099 2.28589e-05 2.23434e-05 2.2355e-05 2.02867e-05 2.03359e-05 1.99071e-05 1.80005e-05 1.52674e-05 8.50133e-05 1.19597e-05 -1.4851e-05 1.7475e-05 8.03404e-06 7.25887e-06 7.56512e-06 7.32702e-06 7.31733e-06 7.36664e-06 7.46309e-06 -6.43398e-06 6.47181e-06 6.96041e-06 6.91525e-06 6.64128e-06 4.90218e-06 -5.02737e-06 4.37033e-06 5.75075e-06 5.72084e-06 3.6197e-06 -4.49109e-06 -5.2866e-06 -5.52881e-06 -6.47801e-06 6.98211e-06 6.27996e-06 6.19975e-06 6.13083e-06 6.02298e-06 5.74206e-06 5.06453e-06 3.50352e-06 -3.60344e-06 2.49518e-06 -2.49166e-06 -4.4781e-06 0 0 0 0 0 0 0 0 0 0 0 0 0 0 0 0 0 0 0 0 0 0 0 0 0 0 0 0 0
0.550998 0.359398 0.0942999 0.0109022 0.000118061 2.16877e-05 2.14651e-05 2.06209e-05 1.97829e-05 1.93508e-05 1.77983e-05 1.59864e-05 5.7918e-05 -1.45618e-05 7.57888e-06 6.19637e-06 3.02145e-05 -6.83922e-06 -7.80077e-06 -7.37523e-06 -7.57268e-06 -7.35053e-06 -7.31192e-06 -7.17191e-06 -7.08835e-06 -6.97031e-06 -6.80356e-06 -6.665e-06 -6.54511e-06 -6.38908e-06 -5.74018e-06 4.785e-06 4.82841e-06 -5.29602e-06 3.20231e-06 7.30202e-06 6.9511e-06 6.78546e-06 6.5097e-06 5.92642e-06 5.04895e-06 4.27816e-06 -3.34723e-06 3.70284e-06 4.31462e-06 4.17899e-06 3.23893e-06 -4.59932e-06 0 0 0 0 0 0 0 0 0 0 0 1.33371e-06 1.27056e-06 1.1617e-06 1.06848e-06 9.73463e-07 8.94174e-07 8.05325e-07 0 0 0 0 0 0 0 0 0 0 0
0.569105 0.217859 0.0600766 0.00292563 2.604e-05 2.1941e-05 2.05428e-05 2.04844e-05 2.04973e-05 1.95724e-05 1.90828e-05 1.77195e-05 1.72975e-05 -6.21725e-06 -8.15603e-06 -8.0837e-06 -6.95162e-06 6.91111e-06 -6.8211e-06 -7.75967e-06 -7.48869e-06 -7.57752e-06 -7.49007e-06 -7.17855e-06 -7.04852e-06 -7.02855e-06 -6.91795e-06 -6.77886e-06 -6.62914e-06 -6.46032e-06 -6.29082e-06 -6.16892e-06 -4.50866e-06 5.48748e-06 5.62177e-06 7.17216e-06 5.6977e-06 -5.13828e-06 -5.99596e-06 -6.01302e-06 -5.63863e-06 -5.31906e-06 -4.51463e-06 -5.3592e-06 -5.34616e-06 -4.80282e-06 -4.60803e-06 -4.50816e-06 -8.76845e-07 -9.17299e-07 0 0 0 0 0 0 0 1.69683e-06 1.53793e-06 1.37708e-06 1.15631e-06 1.18311e-06 1.10562e-06 1.00853e-06 9.22676e-07 8.36737e-07 7.64139e-07 6.95201e-07 6.27184e-07 0 0 0 0 0 0 0 0
0.44159 0.0744546 0.00686734 4.76821e-05 2.31122e-05 2.17553e-05 2.08378e-05 2.03985e-05 2.04591e-05 1.95109e-05 1.97839e-05 1.88712e-05 1.62902e-05 -7.83212e-06 -7.88168e-06 -7.5335e-06 -7.64479e-06 -6.94822e-06 5.72447e-06 4.90553e-06 -7.71634e-06 -7.62435e-06 -7.55604e-06 -7.3912e-06 -7.1797e-06 -7.05497e-06 -7.00177e-06 -6.86969e-06 -6.71777e-06 -6.5502e-06 -6.36939e-06 -6.23711e-06 -6.08974e-06 -5.70133e-06 -5.56458e-06 -6.93938e-06 -6.50769e-06 -6.46295e-06 -6.09974e-06 -6.17914e-06 -6.24785e-06 -6.00797e-06 -5.74775e-06 -5.70367e-06 -5.49262e-06 -5.28496e-06 -5.0317e-06 -2.31147e-06 -2.18178e-06 -2.53499e-06 3.79908e-06 3.60939e-06 2.44159e-06 2.31767e-06 2.21602e-06 2.00114e-06 1.60399e-06 1.47976e-06 1.3799e-06 1.45486e-06 1.35092e-06 1.24183e-06 1.14619e-06 1.04147e-06 9.55345e-07 8.6827e-07 7.92677e-07 7.19108e-07 6.4422e-07 5.64005e-07 5.18529e-07 4.56741e-07 4.03554e-07 0 0 0 2.15182e-07
-1.61263e-05 0.0393953 0.000598339 2.40605e-05 2.33727e-05 2.28986e-05 2.17017e-05 2.06805e-05 2.07063e-05 2.00128e-05 1.95339e-05 1.84426e-05 1.26585e-05 -7.3539e-06 -7.18241e-06 -6.86099e-06 -6.34077e-06 -6.6674e-06 5.79149e-06 7.83413e-06 7.69519e-06 7.51077e-06 7.38132e-06 6.31005e-06 6.18947e-06 -5.99566e-06 -6.90176e-06 -6.3438e-06 -6.51996e-06 -6.62455e-06 -6.52006e-06 -6.32701e-06 -6.09705e-06 -6.01993e-06 -5.79249e-06 -7.59403e-06 -7.14049e-06 -6.4214e-06 -6.3632e-06 -6.30991e-06 -6.20607e-06 -6.2055e-06 -6.00203e-06 -5.67755e-06 -5.47643e-06 -5.26973e-06 -4.56705e-06 4.7711e-06 4.42474e-06 4.04172e-06 3.29289e-06 3.29694e-06 2.52405e-06 2.2933e-06 1.95208e-06 2.01714e-06 1.89551e-06 1.69862e-06 1.38987e-06 1.14809e-06 1.38511e-06 1.2589e-06 1.12431e-06 1.07022e-06 9.84117e-07 8.95634e-07 8.22274e-07 7.4748e-07 6.58636e-07 6.01942e-07 5.41365e-07 4.75871e-07 4.22874e-07 3.67656e-07 3.25008e-07 2.56579e-07 2.23155e-07
2.37974e-05 0.000744756 2.33578e-05 2.30351e-05 2.3448e-05 2.33544e-05 2.20474e-05 2.21091e-05 2.06283e-05 2.02247e-05 1.81634e-05 1.73293e-05 -5.39022e-06 4.93551e-06 5.7743e-06 6.4624e-06 7.13511e-06 7.32099e-06 7.60109e-06 7.86421e-06 7.77237e-06 7.6397e-06 7.50946e-06 7.13161e-06 6.99831e-06 7.00118e-06 6.92888e-06 6.90198e-06 6.53124e-06 6.20135e-06 5.01352e-06 -6.28889e-06 -6.26617e-06 -6.07691e-06 -7.93428e-06 -7.64857e-06 -7.45955e-06 -7.10759e-06 -6.4658e-06 -5.56776e-06 -5.74006e-06 -5.86175e-06 -6.1155e-06 -5.87872e-06 -5.65204e-06 -5.29301e-06 4.11097e-06 4.60972e-06 4.21734e-06 3.94277e-06 3.36822e-06 -1.78308e-06 -2.3361e-06 -2.30045e-06 -1.86733e-06 -1.78948e-06 1.56425e-06 1.68773e-06 1.68049e-06 1.52527e-06 1.18627e-06 1.29862e-06 1.20427e-06 1.10473e-06 9.86817e-07 9.2977e-07 8.52588e-07 7.65824e-07 6.96028e-07 6.31733e-07 5.58345e-07 5.0126e-07 4.45088e-07 3.93424e-07 3.42553e-07 2.86792e-07 1.63506e-07
2.58691e-05 2.39728e-05 2.31527e-05 2.31283e-05 2.26292e-05 2.22597e-05 2.23702e-05 2.06847e-05 2.0763e-05 2.0662e-05 2.00244e-05 1.94304e-05 7.52996e-06 8.31138e-06 8.46137e-06 8.29988e-06 7.97315e-06 8.09525e-06 8.05407e-06 7.92236e-06 7.64447e-06 7.66398e-06 7.45845e-06 7.30816e-06 7.22704e-06 7.08983e-06 7.07054e-06 6.9737e-06 6.83973e-06 6.70077e-06 6.51789e-06 5.78132e-06 -4.29468e-06 -8.18927e-06 -8.04063e-06 -7.82411e-06 -7.4975e-06 -7.31435e-06 -7.03841e-06 -6.79245e-06 -6.12993e-06 -5.18436e-06 1.53386e-05 3.96503e-06 5.63907e-06 5.24972e-06 4.25086e-06 3.72572e-06 -3.43942e-06 -4.17056e-06 -4.16564e-06 -3.78573e-06 -2.50622e-06 -2.31359e-06 -2.19195e-06 -2.14308e-06 -2.04335e-06 -1.87272e-06 -1.73531e-06 -1.22281e-06 -1.25554e-06 -1.10496e-06 1.18686e-06 1.14347e-06 1.04527e-06 9.44585e-07 8.81298e-07 7.86773e-07 7.27827e-07 6.53538e-07 5.90586e-07 5.26964e-07 4.70151e-07 3.10594e-07 -3.45653e-07 -3.41602e-07 -2.90348e-07
2.21743e-05 2.23405e-05 2.31795e-05 2.27141e-05 2.30933e-05 2.31091e-05 2.25588e-05 2.24131e-05 2.17821e-05 2.07615e-05 2.01345e-05 2.00911e-05 7.46052e-06 8.62612e-06 8.73188e-06 8.60264e-06 8.38373e-06 8.06706e-06 7.83786e-06 7.4653e-06 7.59628e-06 7.71236e-06 7.52551e-06 7.33295e-06 7.35879e-06 7.15648e-06 6.48563e-06 -6.69635e-06 -6.91618e-06 -6.41163e-06 -5.97391e-06 -5.96473e-06 -4.30873e-06 -7.59028e-06 -7.98619e-06 -7.94836e-06 -7.69359e-06 -7.42605e-06 -7.18931e-06 -6.93757e-06 -6.71469e-06 -6.29251e-06 6.12318e-06 5.97628e-06 5.65705e-06 5.44321e-06 5.193e-06 -5.09838e-06 -4.6884e-06 -2.94993e-06 3.399e-06 3.33794e-06 1.92082e-06 -1.55464e-06 -1.90818e-06 -1.77792e-06 -1.46327e-06 -1.17752e-06 -1.45725e-06 -1.54546e-06 8.96505e-07 1.26071e-06 1.28792e-06 1.13306e-06 1.03161e-06 9.445e-07 9.21691e-07 8.39811e-07 7.4049e-07 6.92268e-07 6.17445e-07 5.44465e-07 -2.78014e-07 -4.19872e-07 -3.54529e-07 3.01259e-07 3.0967e-07
-2.88875e-05 2.2164e-05 2.44392e-05 2.30824e-05 2.26227e-05 2.28693e-05 2.33651e-05 2.215e-05 2.11832e-05 2.05597e-05 2.04763e-05 1.90058e-05 -1.59622e-05 -7.64353e-06 -8.42533e-06 -6.56233e-06 6.73416e-06 7.07688e-06 6.08014e-06 7.52115e-06 7.85034e-06 7.70037e-06 7.19844e-06 5.7221e-06 -5.87264e-06 -6.71706e-06 -6.86023e-06 5.50834e-06 4.67813e-06 -5.22761e-06 -8.11877e-06 -8.31519e-06 -5.91624e-06 6.31327e-06 3.15544e-05 -7.7921e-06 -7.83286e-06 -7.57682e-06 -7.30635e-06 -6.83769e-06 5.8879e-06 6.4669e-06 6.27803e-06 5.21701e-06 5.68462e-06 5.57701e-06 5.22261e-06 3.95783e-06 4.51214e-06 3.7478e-06 3.74049e-06 3.26343e-06 -2.21827e-06 -1.87314e-06 1.71628e-06 1.89778e-06 1.90714e-06 1.9709e-06 1.84285e-06 1.63644e-06 1.3723e-06 1.40888e-06 1.33719e-06 1.21203e-06 1.13893e-06 1.05163e-06 9.5315e-07 8.45062e-07 6.89425e-07 7.19909e-07 6.43883e-07 4.29394e-07 4.99741e-07 4.71742e-07 4.28367e-07 3.70803e-07 2.98219e-07
-2.76573e-05 -2.44081e-05 2.31614e-05 2.33682e-05 2.20198e-05 2.21599e-05 2.24234e-05 2.22567e-05 2.00625e-05 2.08212e-05 2.05416e-05 1.95962e-05 -7.62068e-06 -9.07287e-06 -9.11525e-06 -9.05464e-06 -8.77846e-06 -7.66609e-06 7.30924e-06 7.29008e-06 2.945e-05 -7.16298e-06 -7.36601e-06 -6.97025e-06 -6.191e-06 -5.50898e-06 -5.70334e-06 -4.31851e-06 6.83856e-06 6.12122e-06 6.26621e-06 -6.51037e-06 -5.5867e-06 6.26895e-06 7.13766e-06 7.30752e-06 5.63026e-06 -4.31309e-06 7.08474e-06 6.7065e-06 6.31609e-06 6.43639e-06 6.15522e-06 6.13304e-06 5.85129e-06 5.5841e-06 5.31193e-06 4.6034e-06 4.8927e-06 3.79784e-06 3.34542e-06 3.62957e-06 3.77397e-06 2.60657e-06 2.51592e-06 3.1058e-06 2.89955e-06 2.70608e-06 2.43071e-06 2.22235e-06 2.15121e-06 2.00825e-06 1.22062e-06 1.27479e-06 1.16501e-06 1.07885e-06 9.92815e-07 8.6329e-07 8.34996e-07 7.4634e-07 6.13047e-07 5.70873e-07 5.57189e-07 5.08705e-07 4.51024e-07 3.89908e-07 3.51536e-07
