Outputs/initial_cond/v_ev.asc
ncols 286
nrows 263
xllcorner 528670
yllcorner 5.07684e+06
cellsize 35
NODATA_value -9999
[rows 68 to 101 of 263, columns 154 to 230 of 286]
-0.00290545 -0.00238211 -0.00171521 -0.00272272 -0.00248152 -0.00237594 -0.00251735 -0.00248098 -0.00231831 -0.00217686 -0.00228517 -0.00248501 -0.002652 -0.00275096 -8.81006e-06 -8.60771e-06 0 0 0 0 0 0 0 0 0 0 0 0 0 0 0 0 0 0 0 0 0 0 0 0 0 0 0 0 0 0 0 0 0 0 0 0 0 0 0 0 0 0 0 0 0 0 0 0 0 0 0 0 0 0 0 0 0 0 0 0 0
-0.00310647 -0.00238708 0.00124117 -0.00210456 -0.00179173 -0.00168715 -0.00194131 -0.00205502 -0.00197459 -0.00187361 -0.00186573 -0.00198872 -0.00215021 -0.00226128 -0.00237754 -6.92568e-06 -9.13797e-06 0 0 0 0 0 0 0 0 0 0 0 0 0 0 0 0 0 0 0 0 0 0 0 0 0 0 0 0 0 0 0 0 0 0 0 0 0 0 0 0 0 0 0 0 0 0 0 0 0 0 0 0 0 0 0 0 0 0 0 0
-0.00232739 -0.00216591 -0.00178286 -0.00176341 -0.00156969 -0.00147036 -0.0012374 -0.00148047 -0.00147435 -0.00146196 -0.00144829 -0.00147287 -0.00163759 -0.00173838 -0.00187422 -0.00203503 -5.16479e-06 -9.0838e-06 0 0 0 0 0 0 0 0 0 0 0 0 0 0 0 0 0 0 0 0 0 0 0 0 0 0 0 0 0 0 0 0 0 0 0 0 0 0 0 0 0 0 0 0 0 0 0 0 0 0 0 0 0 0 0 0 0 0 0
-0.00195231 -0.00184133 -0.00172191 -0.0015374 -0.0015231 -0.00149893 -0.0014515 -0.00124994 -0.00106991 -0.000928974 -0.000963982 -0.00084743 -0.00110148 -0.00116814 -0.00129543 -0.00145822 -0.00168747 -3.66589e-06 -8.70108e-06 0 0 0 0 0 0 0 0 0 0 0 0 0 0 0 0 0 0 0 0 0 0 0 0 0 0 0 0 0 0 0 0 0 0 0 0 0 0 0 0 0 0 0 0 0 0 0 0 0 0 0 0 0 0 0 0 0 0
-0.00181924 -0.00148644 -0.0013652 -0.00127664 -0.0011024 -0.000993047 -0.00105965 -0.00106075 -0.000960717 -0.000524449 -0.000834393 0.000624338 -0.000393095 -0.000444667 -0.000546794 -0.000701843 -0.000949557 -0.00128872 -1.90153e-06 -7.89427e-06 0 0 0 0 0 0 0 0 0 0 0 0 0 0 0 0 0 0 0 0 0 0 0 0 0 0 0 0 0 0 0 0 0 0 0 0 0 0 0 0 0 0 0 0 0 0 0 0 0 0 0 0 0 0 0 0 0
-0.00152692 -0.00136817 -0.00115223 -0.000990833 -0.00083416 -0.000451558 -0.000457603 -0.000495416 -0.00107321 0.000575117 0.000702604 0.000907615 0.000563305 0.000587803 0.000601669 0.000622816 0.000464711 -0.000539602 -0.000666389 -9.60102e-06 0 0 0 0 0 0 0 0 0 0 0 0 0 0 0 0 0 0 0 0 0 0 0 0 0 0 0 0 0 0 0 0 0 0 0 0 0 0 0 0 0 0 0 0 0 0 0 0 0 0 0 0 0 0 0 0 0
-0.00111844 -0.00114365 -0.000980952 -0.000638414 -0.000515598 0.000501477 0.00059595 0.000682334 0.000818031 0.00128216 0.00124337 0.00124608 0.00116788 0.00108099 0.00100246 0.000955245 0.000799033 0.000454779 -0.000437161 0 0 0 0 0 0 0 0 0 0 0 0 0 0 0 0 0 0 0 0 0 0 0 0 0 0 0 0 0 0 0 0 0 0 0 0 0 0 0 0 0 0 0 0 0 0 0 0 0 0 0 0 0 0 0 0 0 0
-0.000952455 -0.00089544 -0.000763516 0.000660666 0.000930767 0.00119682 0.00129545 0.00142828 0.00158424 0.00176617 0.00164867 0.00167181 0.00157967 0.00143574 0.00136126 0.0012256 0.000993164 0.000757582 0.000532521 0.00035306 -1.11767e-06 -6.50429e-06 0 0 0 0 0 0 0 0 0 0 0 0 0 0 0 0 0 0 0 0 0 0 0 0 0 0 0 0 0 0 0 0 0 0 0 0 0 0 0 0 0 0 0 0 0 0 0 0 0 0 0 0 0 0 0
-0.000746456 -0.000498643 0.000861753 0.00152787 0.00165486 0.00171699 0.00186859 0.00202297 0.00212002 0.00213598 0.00209024 0.00202834 0.00180429 0.0016744 0.00156267 0.00146359 0.00134572 0.00115453 0.000961001 0.000667335 -0.000299873 -8.40178e-06 0 0 0 0 0 0 0 0 0 0 0 0 0 0 0 0 0 0 0 0 0 0 0 0 0 0 0 0 0 0 0 0 0 0 0 0 0 0 0 0 0 0 0 0 0 0 0 0 0 0 0 0 0 0 0
-0.000441314 0.000530213 0.000764287 0.00307931 0.00223818 0.00235018 0.00270482 0.00293632 0.00318381 0.0035357 0.00390734 0.00370924 -0.00106838 -0.000957108 -0.00113036 -0.00126136 -0.00118649 0.000993554 0.000826784 0.000630285 0.000336574 0 0 0 0 0 0 0 0 0 0 0 0 0 0 0 0 0 0 0 0 0 0 0 0 0 0 0 0 0 0 0 0 0 0 0 0 0 0 0 0 0 0 0 0 0 0 0 0 0 0 0 0 0 0 0 0
0.000546679 0.000594479 0.000956395 0.00516541 0.00392889 0.00488082 0.00606206 0.00576515 -0.0015461 -0.00167063 -0.00158007 -0.0012519 -0.000775543 -0.000749996 -0.000420068 -0.000592801 -0.000800943 0.000956693 0.00115084 0.000926326 0.000483795 0.00098386 9.03285e-06 0 0 0 0 0 0 0 0 0 0 0 0 0 0 0 0 0 0 0 0 0 0 0 0 0 0 0 0 0 0 0 0 0 0 0 0 0 0 0 0 0 0 0 0 0 0 0 0 0 0 0 0 0 0
0.000867186 0.000617282 0.00580976 0.00701469 0.00676599 0.00698009 -0.000826415 -0.00118333 -0.00137193 -0.00145054 -0.00136955 -0.00124158 -0.00114096 -0.000731515 0.000432296 0.000775019 0.00109571 0.00158331 0.00147777 0.00125573 0.00105288 0.000987547 -7.54158e-05 -1.28245e-05 0 0 0 0 0 0 0 0 0 0 0 0 0 0 0 0 0 0 0 0 0 0 0 0 0 0 0 0 0 0 0 0 0 0 0 0 0 0 0 0 0 0 0 0 0 0 0 0 0 0 0 0 0
0.0010093 0.000651329 0.00921927 0.00677394 0.00528666 0.00401298 0.000786226 -0.00050801 -0.000819564 -0.00108686 -0.00104107 -0.000779278 -0.000889324 0.000798994 0.00129644 0.00152799 0.00168034 0.00181707 0.00169176 0.00141483 0.0011547 0.000817291 -0.000242257 -1.09536e-05 0 0 0 0 0 0 0 0 0 0 0 0 0 0 0 0 0 0 0 0 0 0 0 0 0 0 0 0 0 0 0 0 0 0 0 0 0 0 0 0 0 0 0 0 0 0 0 0 0 0 0 0 0
0.0045074 0.00700337 0.00797418 0.00584068 0.00493201 0.00367529 0.000940588 0.000511492 0.000619409 -0.000647403 -0.000686448 0.000721135 0.00111408 0.00170547 0.00194407 0.0020559 0.00207571 0.00207854 0.00184997 0.00153197 0.00122216 0.000796544 0.00028611 1.09081e-05 0 0 0 0 0 0 0 0 0 0 0 0 0 0 0 0 0 0 0 0 0 0 0 0 0 0 0 0 0 0 0 0 0 0 0 0 0 0 0 0 0 0 0 0 0 0 0 0 0 0 0 0 0
0.00686036 0.00762133 0.00701367 0.00561828 -0.00097143 -0.00131788 -0.00120593 -0.000936696 0.000818101 0.00076818 0.00116025 0.00169527 0.00201789 0.00236101 0.00244202 0.00247483 0.00241755 0.00224654 0.00189918 0.00157281 0.00123603 0.000885721 -0.000376128 -0.000111566 -1.72303e-05 0 0 0 0 0 0 0 0 0 0 0 0 0 0 0 0 0 0 0 0 0 0 0 0 0 0 0 0 0 0 0 0 0 0 0 0 0 0 0 0 0 0 0 0 0 0 0 0 0 0 0 0
-0.000438297 -0.000757068 -0.000972354 -0.00134406 -0.0014779 -0.00153886 -0.00101307 0.000891013 0.00151712 0.00173506 0.00220212 0.00257342 0.00284398 0.00303706 0.0031346 0.00312378 0.00303372 0.00274363 -0.00108896 -0.000570732 -0.00061199 0.000693833 -0.000642002 -0.000704394 -1.23901e-05 0 0 0 0 0 0 0 0 0 0 0 0 0 0 0 0 0 0 0 0 0 0 0 0 0 0 0 0 0 0 0 0 0 0 0 0 0 0 0 0 0 0 0 0 0 0 0 0 0 0 0 0
0.000632115 0.000712069 0.000644329 -0.000843781 -0.00116498 -0.00135391 0.0012173 0.00193605 0.00241475 0.00276507 0.00322629 0.00357364 0.00377269 0.00387994 0.00373956 0.0036499 -0.0010204 -0.00154273 -0.00184795 0.000580347 0.00072002 0.000888332 0.00043997 -0.000577154 -1.24959e-05 0 0 0 0 0 0 0 0 0 0 0 0 0 0 0 0 0 0.00115816 0.000807494 0.000753516 0.00053136 0 0 0 0 0 0 0 0 0 0 0 0 0 0 0 0 0 0 0 0 0 0 0 0 0 0 0 0 0 0 0
-0.0144026 0.00100186 0.00102782 0.000797045 0.00110511 0.00180675 0.00280624 0.00353818 0.00426655 0.00473318 0.00464623 0.00629981 0.0048025 -0.00257726 -0.00600747 0.00209776 0.00109129 0.00159943 0.0020166 -0.00121453 -0.000929265 -0.00090102 -0.000714966 -0.000418133 -6.77576e-05 -1.27815e-05 0 0 0 0 0 0 0 0 0 0 0 0 0 0.000446868 0.000609796 0.000694341 0.00192706 0.00125672 0.000979095 0.000555057 0.00070311 0.0014402 0.000791973 0.000770808 0.00068749 0.000496701 0 0 0 0 0 0 0 0 0 0 0 0 0 0 0 0 0 0 0 0 0 0 0 0 0
-0.00919986 -0.0117921 -0.0131388 0.00373453 0.00490055 0.00672599 0.00854193 0.00863935 -0.00285133 -0.00277261 -0.00260712 -0.00250803 -0.00243008 -0.00230261 -0.00219805 -0.00207461 -0.00186546 -0.00176954 -0.00174553 -0.00160833 -0.0013619 -0.00102853 -0.000720491 -0.000371637 -0.000309889 -2.4088e-06 -2.69081e-06 0 0 0 0 0 0 0 0 0 0 0.000466561 0.000626136 0.000808165 0.000974642 0.00108809 0.00168307 0.00269235 0.00106889 0.00057209 0.000931062 0.00235611 0.00122871 0.00119556 0.00104394 0.000866382 0.0007365 0.000653654 0.000508663 0 0 0 0 0 0 0 0 0 0 0 0 0 0 0 0 0 0 0 0 0 0
-0.00384487 -0.0040093 -0.00411219 -0.00386832 -0.00346362 -0.0035074 -0.00341122 -0.00319122 -0.00299907 -0.00281658 -0.0025243 -0.00224743 -0.00211435 -0.00202777 -0.00198299 -0.00192083 -0.00179515 -0.00168214 -0.00151858 -0.00137971 -0.00123581 -0.000957259 -0.000622271 -0.000246239 0.000696081 -0.000457428 -0.00042712 0.00127077 0.00124994 0.00112171 0.00100104 0.000927553 0.000951623 0.000950972 0.000904109 0.000844302 0.00077956 0.000825888 0.000950022 0.00110337 0.00131824 0.0015809 0.00192008 0.00374493 0.000985005 0.00093907 0.00120375 0.00328376 0.00164733 0.00154954 0.0013518 0.00122512 0.00108353 0.000992241 0.000925807 0.000847588 0.000697276 0.000498219 0 0 0 0 0 0 0 0 0 0 0 0 0 0 0 0 0 0 0
-0.00303593 -0.00330462 -0.00345242 -0.00355955 -0.00337904 -0.00331134 -0.00335297 -0.00321462 -0.00283945 -0.00268659 -0.00251754 -0.0022527 -0.00191734 -0.00168705 -0.001604 -0.00165997 -0.00160694 -0.00149303 -0.00127951 -0.00109894 -0.000984408 -0.000772462 -0.0003941 0.000254123 0.000646121 0.000562496 0.000517838 -0.000403091 0.00160791 0.00165781 0.00162433 0.00156964 0.00150532 0.0014533 0.00143891 0.00140198 0.00129588 0.00123033 0.00121384 0.000916025 0.00137502 0.00208439 0.00231478 0.00384578 0.00344057 0.000867436 0.00136697 0.00423471 0.00208491 0.00180262 0.00160222 0.00137552 0.00116433 0.000865835 0.00198857 0.00127609 0.000992256 0.000919443 0.000845297 0.000784803 0.000706179 0.000611566 0.000438052 0.00137539 0.000759159 0.000671763 0.000580442 0.00043681 8.60067e-06 0 0 0 0 0 0 0 0
-0.00216299 -0.00258631 -0.00285617 -0.00312878 -0.00319797 -0.00301578 -0.00297816 -0.00302721 -0.00298626 -0.00267614 -0.00237758 -0.00222793 -0.0019763 -0.00159535 -0.00114488 -0.00123592 -0.0013218 -0.0011714 -0.000988162 -0.000893832 -0.000771557 -0.00056918 -0.000181453 0.000576747 0.000839629 0.000965415 0.00102141 0.000813579 0.00139119 0.00164237 0.00186277 0.00187931 0.00178053 0.00162374 0.00171631 0.00198245 0.00196829 0.00189023 0.00186726 0.00171356 0.00160338 0.00198039 0.00262494 0.00517881 0.00265859 0.00200146 0.00202728 0.00524451 0.00234295 0.00187503 0.00175364 0.00137247 0.000921759 0.00115603 0.00297421 0.00147257 0.00135585 0.00142604 0.00136234 0.00126851 0.00126229 0.00131649 0.00150617 0.001411 0.000993846 0.000969827 0.000789095 0.000566056 0 0 0 0 0 0 0 0 0
-0.0010257 -0.00178979 -0.00215112 -0.00254331 -0.00272108 -0.00276104 -0.00257075 -0.00254218 -0.00260264 -0.00259662 -0.00246126 -0.00211205 -0.00171527 -0.00153488 -0.000563112 -0.000643151 -0.00079896 -0.000951661 -0.000785166 -0.000471763 -0.000423928 -0.000286108 0.000253295 0.00068444 0.000934319 0.00108607 0.00118814 0.00126165 0.0014295 0.0013061 -0.00392273 -0.00364091 -0.00315796 -0.00259437 -0.00226105 -0.00245902 0.00523888 0.00622338 0.00534154 0.00440551 0.00347923 0.00295661 0.00268042 0.00437828 0.00409665 0.00351237 0.00265577 0.00638304 0.00228041 0.00201666 0.00179455 0.00132733 0.000774834 0.00297016 0.00286944 0.0014497 0.00093616 0.00280486 0.00185237 0.00177985 0.00187921 0.00201438 0.00201131 0.00193906 0.00191158 -0.000456355 -0.000366933 0.000525975 0.00100491 8.90369e-06 0 0 0 0 0 0 0
0.00114013 -0.000739942 -0.00123799 -0.00197209 -0.00214891 -0.00229897 -0.00231389 -0.00210003 -0.00208269 -0.00211122 -0.00209356 -0.00213677 -0.00216263 -0.00186711 0.000477125 0.000482521 0.00040323 -0.000532444 -0.000573564 0.000377692 0.000365907 0.000243879 0.000485039 0.000786549 0.00100243 0.00104111 -0.00182364 -0.00222098 -0.00207444 -0.00176433 -0.00150723 -0.00129275 -0.00139958 -0.00162675 -0.00198975 -0.00204864 -0.00207313 -0.0019903 -0.00177833 -0.00143795 0.0073957 -0.00557085 -0.00444491 -0.00302573 0.0103201 0.00980905 0.0101439 0.00503634 0.00235827 0.00214599 0.00169142 0.00127319 0.000712377 0.00420306 0.00264126 0.00170798 0.00218888 0.00327148 0.00254068 0.00268871 0.00295757 0.00291862 0.00177294 -0.000834002 -0.000799949 -0.000592113 0.00042718 0.000548412 0.00163645 0 0 0 0 0 0 0 0
0.00115501 0.000936993 0.00108624 -0.00131123 -0.0015832 -0.00176565 -0.00191856 -0.00183634 -0.00168189 -0.00162602 -0.00154859 -0.00142377 -0.00133903 -0.0012757 -0.00118117 -0.00106617 -0.000495825 0.000538455 0.000692373 0.00086875 0.000693976 0.00041583 0.000640461 -0.000573099 -0.000890134 -0.000997279 -0.00103104 -0.000819256 -0.000648011 -0.000500221 -0.000405278 -0.000498477 -0.00121655 -0.0016602 -0.00183104 -0.00175908 -0.00165509 -0.00125499 -0.000952132 -0.0010966 -0.0010714 -0.000911587 0.00306248 0.0020798 0.00642898 0.0097228 0.0141309 0.00421727 0.0024518 0.00192835 0.00138601 0.00100342 0.00100387 0.00508778 0.00220662 0.00120634 0.00212939 0.00579898 0.00434962 0.00435833 -0.000897314 -0.000861963 -0.000771718 -0.000543671 -0.000545803 0.000534701 0.000820842 0.000466519 0.00148793 0.00183392 0 0 0 0 0 0 0
-0.00151731 -0.0023987 -0.000776873 -0.00103677 -0.00112797 -0.00125124 -0.00143084 -0.00147836 -0.00139747 -0.00129561 -0.00121643 -0.00108941 -0.000944742 -0.000883551 -0.000773405 -0.000814636 0.000870101 0.0011857 0.0012293 0.00111332 0.000863644 0.000757967 0.000592902 -0.000390995 -0.000634145 -0.00050939 -0.00030915 0.000672024 0.000586353 0.00052739 0.000477848 0.000393627 -0.00102375 -0.00149974 -0.00145245 -0.000946013 -0.000852237 0.000476493 0.000644948 -0.000568153 -0.000608278 -0.00052481 0.00197261 0.0028771 0.00597263 0.0092194 0.0165073 0.00340831 0.00220573 0.00175805 0.00109668 0.001326 0.00465143 0.00408434 0.00184773 0.00092843 0.00201648 0.00767404 0.00410279 0.00211865 -0.000440063 -0.000480158 -0.00051021 0.000455047 0.000647905 0.000896703 0.000850669 0.000855762 0.00146659 0.00266962 0.000507243 0 0 0 0 0 0
-0.00137907 -0.0018146 -0.000462757 -0.000429541 -0.000482922 -0.000622999 -0.000939718 -0.00101629 -0.00102204 -0.000965574 -0.000877268 -0.000744671 -0.000500871 -0.000451977 0.000598695 0.00108754 0.00168555 0.00162793 0.00135414 0.0012051 0.00117819 0.00106733 0.000754714 -0.000215388 -0.000242713 0.00050246 0.000522015 0.000822758 0.000923036 0.000907505 0.000761922 -0.0008476 -0.00101394 -0.000814198 -0.000643136 0.00158529 0.000822933 0.00111576 0.00122299 0.000947244 0.000705039 0.000500251 0.00166611 0.00257685 0.0048641 0.00855361 0.0182426 0.0030859 0.0022171 0.00166228 0.00086087 0.00143358 0.00598565 0.00296232 0.00153884 0.000786354 0.00681662 0.00626193 0.00244304 0.00198602 0.000561734 0.000601127 0.000703261 0.000939846 0.000974194 0.000868809 0.00167848 0.000744548 0.00143568 0.00337569 0.000746888 0.00042799 0 0 0 0 0
0.000940451 -0.00157206 0.000465435 0.000595847 0.000654659 0.000655089 -0.00034596 -0.000455054 -0.000490556 -0.000497961 -0.000484651 -0.000353443 0.000460125 0.000563658 0.000647215 0.0026753 0.00225838 0.00162057 0.00143091 0.00155696 0.00149592 0.00121625 0.000813926 0.000307485 0.000457625 0.000640727 -0.000375734 0.000994515 0.00130887 0.00140518 0.00132386 0.000960623 -0.000652259 0.00109232 0.00087107 0.00139324 0.00128841 0.00124757 0.00166543 0.00166459 0.00144518 0.00117948 0.00170185 0.00238127 0.00420257 0.0159116 0.0149682 0.00303032 0.00217325 0.00144302 0.000723813 0.0055783 0.00471091 0.0022501 0.0011054 0.00122615 0.00891193 0.0045461 0.00253274 0.00185536 0.00104778 0.000996496 0.000970839 0.000829063 0.0011797 0.00226613 0.00156136 0.000682242 0.0014484 0.00391363 0.000844545 0.000658079 0.000445855 0 -1.38324e-06 -8.11065e-06 0
-0.000656241 -0.000851362 -0.00109294 -0.00144372 -0.00133536 0.00075162 0.00049708 0.000472204 0.000431568 0.000435549 0.000476413 0.00059822 0.000642091 0.00138356 0.000644652 0.00394552 0.00230656 0.00191229 0.00191423 0.00193149 0.00160808 0.00114192 0.00085292 0.000470114 0.000776382 0.000975795 0.000707956 0.000929967 0.00130312 0.0016241 0.00191683 0.00195299 0.00129151 0.00136177 0.00143458 0.00165534 0.0017267 0.00167925 0.0019357 0.00211432 0.00209096 0.0018636 0.00199569 0.00239854 0.00311213 0.0161084 0.0122215 0.00266204 0.00174477 0.00103999 0.00110022 0.00700645 0.00391492 0.0021199 0.000909415 0.00752603 0.00741115 0.00353105 0.00229289 0.00175594 0.00134629 0.00125311 0.00109064 0.000735115 0.00133621 0.00311602 0.00148214 0.000702007 0.00396656 0.00333382 0.00127384 0.00113423 0.000984874 0.000535779 -0.000363853 -9.01584e-06 0
0.000721382 0.000919204 0.00121282 0.00123616 -0.000584466 -0.000716496 -0.000802332 -0.000572179 0.000772227 0.000781343 0.000581029 0.000883717 0.00255817 0.00256479 0.00279621 0.00363801 0.0021792 0.00218996 0.00223348 0.00199428 0.00155024 0.00107715 0.000683052 0.000860151 0.00114213 0.00132104 0.00121087 0.00128238 0.00132251 0.00162633 0.00193539 0.00234078 0.00218339 0.00182817 0.00177403 0.0019831 0.00216057 0.00209882 0.00215311 0.00230321 0.00246462 0.00237303 0.00232825 0.00245917 0.00288849 0.0122997 0.0174593 0.00236473 0.00162954 0.00082435 0.00128256 0.00815585 0.00333324 0.00158653 0.00131971 0.00938591 0.0056213 0.00313071 0.00224829 0.00186362 0.00150747 0.0013501 0.0011517 0.000690896 0.00313241 0.00278113 0.001235 0.00382679 0.00413162 0.002666 0.00141191 0.0010063 0.000909894 0.000659662 0.000198737 0 0
0.00144514 0.00152379 0.00128687 0.00122666 0.00057806 0.000520851 -0.000303721 -0.00020828 0.000706302 0.001047 0.00164071 0.000828849 0.00419291 0.00336388 0.00341086 0.00312637 0.00248378 0.00253845 0.00227677 0.00179551 0.00137976 0.000883619 0.000597665 0.00100661 0.00138012 0.00164947 0.00158361 0.00157556 0.00153366 0.00185192 0.0022697 0.00268429 0.00274961 0.00230922 0.00208383 0.00191501 0.00209875 0.002442 0.00217456 0.00211913 0.00255959 0.00273083 0.00270384 0.00268062 0.00286572 0.00984866 0.0208375 0.00230633 0.00151484 0.000702553 0.00703932 0.00706162 0.00487393 0.00641869 0.00976159 -0.00234421 0.00335696 0.00286998 0.00232879 0.00200915 0.00157937 0.00144985 0.00123918 0.000700494 0.00448622 0.00311026 0.00352281 0.00489899 0.00337387 -0.000980284 0.000978951 0.00122513 0.00113858 0.000926039 0.000665628 0.000515599 9.46156e-06
0.00228329 -0.000902926 -0.00068042 0.00134517 0.000950241 0.000820495 0.000451353 0.000318837 0.00085487 0.00123134 0.001914 0.00425056 0.00442249 0.00376335 0.00341483 0.00313594 0.00283201 0.00265533 0.00212158 0.0018614 0.00137317 0.000713257 0.000840193 0.00109454 0.0015482 0.00196347 0.00203782 0.00191965 0.00186502 0.0020336 0.00233788 0.00276664 0.00331664 0.00265774 0.00237035 0.00199601 0.00228051 0.00242646 0.00232117 0.00242431 -0.00608216 -0.00314463 0.00447838 -0.00403427 -0.00404056 -0.00352683 0.0136928 0.018848 0.00139836 0.000639331 0.0091448 0.00589506 0.00632733 0.00778185 0.0062909 -0.00184447 0.00294838 0.00279242 0.00243959 0.00207547 0.00167049 0.00119711 0.00153905 0.00368362 0.00425716 0.00235642 0.00658641 0.00459911 -0.00152361 0.000888639 0.00152008 0.00155063 0.00136333 0.00111684 0.000941304 0.00071978 0
-0.000707125 -0.000666927 0.00106991 0.00157096 0.00117684 0.000983474 0.000708697 0.000454816 0.000958652 0.00136599 0.0021237 0.00620317 0.00441416 0.0038529 0.00352326 0.00324778 0.00297085 0.00269589 0.00229416 0.00184277 0.00124686 0.00061084 0.000707346 -0.000472698 0.00186931 0.00238578 0.00348155 0.00154504 0.001914 0.00223367 0.00246616 0.00271591 0.00478779 0.00204045 0.00240662 0.00230365 0.00239619 0.00199634 -0.00310847 -0.00290625 -0.00270177 -0.00241569 -0.0022453 -0.00200185 -0.00171001 -0.0012237 -0.00078176 0.0260351 0.00678782 0.00808199 -0.00108453 0.00414387 0.0108744 0.00762707 -0.000562523 -0.000874242 0.0029545 0.00309821 0.00259997 0.00211744 0.00174615 0.00140927 0.00123244 0.00560108 0.00491663 0.00482146 0.00551037 0.00324905 0.00105628 0.00167262 0.00190393 0.00167114 0.00132267 0.00132798 0.0012113 0.000885712 0.000473894
-0.000734744 0.00110143 0.00181986 0.00175126 0.00132759 0.00105576 0.000817085 0.000518281 0.00104561 0.00149468 0.0057994 0.00605012 0.00440343 0.00386766 0.00346315 0.00323705 0.00296438 0.00266492 0.00242806 -0.00103974 0.000688796 0.00108284 -0.000203987 0.000569974 -0.000993768 0.00233964 0.00388948 0.0027671 0.00253019 0.00252099 0.00254578 0.00271873 0.00434764 0.0037014 0.00307955 0.00235923 -0.000961811 -0.00102473 -0.00105642 -0.00119789 -0.00135828 -0.00138192 -0.00128178 -0.000867661 -0.00057524 0.000785566 0.000749963 0.0181811 0.0168762 -0.000834383 0.00158608 0.0031237 0.0136864 -0.000546913 0.000673716 0.00102293 0.00231905 0.00470791 0.00267501 0.00215898 0.00183628 0.00145104 0.000999223 0.00743495 0.00561111 0.00537262 0.00416046 0.00269867 0.00177885 0.00214835 0.0021048 0.00151794 0.00148962 0.00164239 0.00148722 0.00101096 0.000742975
