Outputs/initial_cond/v_ev.asc
ncols 286
nrows 263
xllcorner 528670
yllcorner 5.07684e+06
cellsize 35
NODATA_value -9999
[rows 102 to 135 of 263, columns 77 to 153 of 286]
0 0 0 0 0 0 0 0 0 0 0 0 0 0 0 0 0 0 0 0 0 0 0 0 0 8.76119e-05 4.58054e-06 0.00102425 0.000717946 0.000297562 0.000341361 -0.000337757 -0.000394287 -0.000432484 -0.000451708 -0.000447986 -0.000471242 -0.000737819 -0.000819612 0.0255658 0.0173551 0.0144768 0.0156182 0.0174955 0.0190137 0.0289875 0.0113318 0.0154233 0.0764237 0.00319725 0.00142211 0.00139794 0.00130782 0.00120353 0.00109277 0.00109109 0.00097394 0.000659237 0.000571107 -0.000549913 -0.000732854 -0.000623809 0.00047307 -0.000403903 -0.000392371 0.000697523 -0.000466272 0.000534985 0.000640604 -0.000335407 -0.00037949 -0.000351991 0.000445107 0.000783752 0.00109793 0.000722738 0.000900498
0 0 0 0 0 0 0 0 0 0 0 0 0 0 0 0 0 0 0 0 0 0 0 0 0 0 0 7.07945e-05 2.39581e-06 0.000681491 0.000490793 0.000470704 0.000458214 0.000434101 0.000411124 0.000383569 0.000257137 -0.000516559 -0.000415828 0.0283053 0.0115961 0.0141492 0.0156819 0.0156384 0.017467 0.0331158 0.00753136 0.0122844 0.0751494 0.00296111 0.0016928 0.00165253 0.00156113 0.00146065 0.00136563 0.00113351 0.00101321 0.00101394 0.000941597 0.000636219 -0.000254916 0.000492159 0.000922302 0.00063695 0.000820857 0.00104152 0.000840314 0.00107161 0.000882152 0.000563736 0.000554206 0.000562746 0.000621079 0.00204361 0.00159708 0.00153006 0.00176576
0 0 0 0 0 0 0 0 0 0 0 0 0 0 0 0 0 0 0 0 0 0 0 0 0 0 0 0 0 6.6155e-05 1.37238e-06 0.0005621 0.000761027 0.000841038 0.000867312 0.0008601 0.000849117 0.000684755 0.000605317 0.0201098 0.0181121 0.0158456 0.0150457 0.0140565 0.0168732 0.0377447 0.00500874 0.00966988 0.0573773 0.0527075 0.00187823 0.00176992 0.00158296 0.00153727 0.00151459 0.00141319 0.00129625 0.00131262 0.00119025 0.000912022 0.00057833 0.000571263 0.00166836 0.000669356 0.00197147 0.00151358 0.00140034 0.00130719 0.00115912 0.0010301 0.000978284 0.000859409 0.000642925 0.00320445 0.00226559 0.0021921 0.00227886
0 0 0 0 0 0 0 0 0 0 0 0 0 0 0 0 0 0 0 0 0 0 0 0 0 0 0 0 0 0 0 1.4854e-06 0.00121463 0.00123813 0.00125775 0.0012625 0.00127856 0.00122059 0.00108167 0.0148093 0.0173136 0.0152974 0.0163474 0.0153409 0.0170798 0.0321683 0.0220334 0.0161085 0.0458421 0.059322 0.00268366 0.0017398 0.00186161 0.00190366 0.00188882 0.00178359 0.00161504 0.00176712 0.00143511 0.00110056 0.000819344 0.000568058 0.00222231 0.000701055 0.00294456 0.00193984 0.00166305 0.00157327 0.00157486 0.00162589 0.00175876 0.00199813 0.00245936 0.00354298 0.00304954 0.00265365 0.00228411
0 0 0 0 0 0 0 0 0 0 0 0 0 0 0 0 0 0 0 0 0 0 0 0 0 0 0 0 0 0 0 0 0.00109543 0.00136812 0.00147709 0.00151392 0.00154854 0.0015267 0.00140783 0.0105941 0.0133793 0.0240313 0.00997515 0.0130501 0.015372 0.0265017 0.0239259 0.0215579 0.0631819 0.054441 -0.00598284 0.00193921 0.00208032 0.00210973 0.00207648 0.0019685 0.00186977 0.00183836 0.00156849 0.00121367 0.00092 0.00056333 0.00204023 0.00340021 0.0028594 0.0021879 0.00203472 0.00201637 0.00217102 0.00235422 0.00256859 0.00285847 0.00327072 0.00381578 0.00333102 0.00312285 0.00288625
0 0 0 0 0 0 0 0 0 0 0 0 0 0 0 0 0 0 0 0 0 0 0 0 0 0 0 0 0 0 0 0 0.000983294 0.00133602 0.00156343 0.00165317 0.00162438 0.00153378 0.00164714 0.00803286 0.0117448 0.0209157 0.0154943 0.0137712 0.0152562 0.0231287 0.0227917 0.0615592 0.0474847 -0.00364443 -0.00308758 -0.00708695 0.00196518 0.00197995 0.0019166 0.00184447 0.00179926 0.0017752 0.00150998 0.00120351 0.000973029 0.000590192 0.00394878 0.00349038 0.00290973 0.0024562 0.00236426 0.00247583 0.00285786 0.00311326 0.00324109 0.00349187 0.00384813 0.00383094 0.00323881 0.00280862 0.00279812
0 0 0 0 0 0 0 0 0 0 0 0 0 0 0 0 0 0 0 0 0 0 0 0 0 0 0 0 0 0 0 0 0.000923125 0.00121825 0.00151212 0.00167704 0.00166448 0.00159822 0.00197413 0.00617219 0.0102688 0.0181641 0.0169262 0.0150223 0.015304 0.0206976 0.0202726 0.0816387 -0.00304828 -0.0054035 0.00248518 0.00492192 0.00837256 0.0102407 0.013712 0.0195771 0.0151752 -0.00952733 -0.0137962 -0.0195435 -0.026369 0.00205922 0.00333388 0.00323744 0.00293964 0.00278476 0.00291454 0.00319386 0.0036233 0.00341173 0.0036685 0.00389264 0.00351709 0.0032188 0.00322942 0.00310197 0.00330681
0 0 0 0 0 0 0 0 0 0 0 0 0 0 0 0 0 0 0 0 0 0 0 0 0 0 0 0 0 0 0 0 3.61354e-06 0.00147271 0.00165932 0.00187058 0.00193998 0.0018192 0.00214081 0.0044461 0.00668583 0.0179918 0.0110097 0.0136381 0.0145177 0.0485132 0.0519545 0.0625845 0.00348702 0.0063216 0.0094237 0.00963039 0.0113461 0.0176427 0.0225639 -0.000403475 -0.000747899 -0.00103316 -0.00146343 -0.0021862 -0.00349173 -0.00469986 -0.00521783 -0.00561651 -0.00608928 -0.00665703 -0.00748064 -0.00880278 -0.0110525 -0.013606 -0.0168519 -0.016708 0.00365357 0.0039242 0.00398926 0.00419439 0.00459452
0 0 0 0 0 0 0 0 0 0 0 0 0 0 0 0 0 0 0 0 0 0 0 0 0 0 0 0 0 0 0 0 0 6.32638e-06 0.00186781 0.002035 0.00225913 0.00223302 0.00230092 0.00396497 0.00626401 0.0141685 0.0141061 0.0123379 0.0174505 0.0609342 0.0599659 0.0474526 0.0134287 0.0174139 -0.00427129 -0.00663054 0.0132938 0.0164455 0.0166608 0.000593897 0.000645722 0.000863995 0.00112338 0.0012004 -0.00187007 -0.00343767 -0.00433059 -0.00466725 -0.00497933 -0.00526567 -0.00566487 -0.0061344 -0.0065345 -0.00726111 -0.00921341 -0.0124932 -0.0164983 -0.0165543 0.00574509 0.00774051 0.0101599
0 0 0 0 0 0 0 0 0 0 0 0 0 0 0 0 0 0 0 0 0 0 0 0 0 0 0 0 0 0 0 0 0 0 0.00143997 0.00196893 0.00238094 0.00233526 0.00240977 0.00346238 0.00540875 0.0117341 0.0118673 0.0193543 0.0120792 0.0749484 0.0528928 0.0388314 0.0169415 -0.00409136 0.00548818 0.00927947 0.0153348 0.0151869 0.0115129 0.0011842 0.00139758 0.00160205 0.00179065 0.00194012 0.00187231 -0.00187914 -0.00355717 -0.00394647 -0.00416479 -0.00440179 -0.00463356 -0.00495473 -0.0049623 -0.00474593 -0.00471105 -0.0050864 -0.00575048 -0.00621553 -0.00665952 -0.00610159 -0.00308948
0 0 0 0 0 0 0 0 0 0 0 0 0 0 0 0 0 0 0 0 0 0 0 0 0 0 0 0 0 0 0 0 0 0 0.00110504 0.00178684 0.00207791 0.00222392 0.00245743 0.00314279 0.00459653 0.00896297 0.0103713 0.017736 0.0141423 0.0868725 0.0471892 0.0312633 0.0105795 0.00566171 0.00914591 0.0120117 0.0144959 0.0129724 0.00848607 0.00143635 0.00170687 0.0016983 0.00335219 0.00154944 0.0020077 0.00173716 -0.00273152 -0.00329996 -0.00359293 -0.00384757 -0.00407975 -0.00435595 -0.00450668 -0.0043852 -0.0041185 -0.00435481 -0.00487717 -0.00529021 -0.00578364 -0.00623363 -0.00595591
0 0 0 0 0 0 0 0 0 0 0 0 0 0 0 0 0 0 0 0 0 0 0 0 0 0 0 0 0 0 0 0 0 0 6.10937e-06 -0.000225879 0.00381994 0.00221871 0.00244648 0.00303152 0.00414157 0.00696829 0.00915531 0.0148034 0.0157053 0.0912328 0.0404115 0.0214826 0.00967374 0.00883362 0.0112367 0.0125288 0.0128808 0.0110067 0.00724925 0.00505977 0.00504812 -0.00224767 -0.00263354 -0.00284714 -0.00283726 -0.00251958 -0.00262529 -0.00293049 -0.00321006 -0.00342018 -0.00355276 -0.00376206 -0.00394605 -0.00405983 -0.00388498 -0.00376925 -0.00406764 -0.00452343 -0.00500181 -0.00557252 -0.00603281
0 0 0 0 0 0 0 0 0 0 0 0 0 0 0 0 0 0 0 0 0 0 0 0 0 0 0 0 0 0 0 0 0 0 0 0.000230216 0.0016843 0.00236051 0.00253364 0.00287416 0.00278015 0.00597092 0.00866706 0.0136851 0.0606436 0.0670708 0.0544471 0.0170374 0.0101558 0.0104792 0.0120957 0.0126024 0.0123761 0.0106864 -0.00107747 -0.00158325 -0.00188346 -0.00214099 -0.00231738 -0.00242947 -0.00247996 -0.00239235 -0.00246676 -0.00251241 -0.00275061 -0.00292835 -0.00296331 -0.00317457 -0.00331215 -0.00345102 -0.0033912 -0.00324414 -0.00350174 -0.00387038 -0.00428471 -0.00479102 -0.00545485
0 0 0 0 0 0 0 0 0 0 0 0 0 0 0 0 0 0 0 0 0 0 0 0 0 0 0 0 0 0 0 0 0 0 0 0.000418539 0.00145592 0.00217247 0.00263072 0.00277982 0.00290805 0.00516111 0.00728967 0.0548167 0.0597664 0.0578445 0.040999 0.0150081 0.0108802 0.0114874 0.0121284 0.0119615 0.0108415 0.00744635 -0.000548538 -0.000725343 -0.000912494 -0.00120874 -0.00164419 -0.00231102 -0.00229199 -0.00172287 -0.00188942 -0.00200449 -0.00212633 -0.00235519 -0.00251418 -0.00269395 -0.002748 -0.00282647 -0.00290499 -0.00265527 -0.00275469 -0.00313165 -0.00351488 -0.00399028 -0.00458888
0 0 0 0 0 0 0 0 0 0 0 0 0 0 0 0 0 0 0 0 0 0 0 0 0 0 0 0 0 0 0 0 0 0 0.000394051 0.0005954 0.00123345 0.00185087 0.00236806 0.00286735 0.00337499 0.00459559 0.00580431 0.0611523 0.0405553 0.0713575 0.0341001 0.013862 0.0117695 0.0118854 0.0116605 0.0105447 0.00888992 0.00533405 0.00051602 0.000560288 0.000705224 0.000974739 0.00117482 -0.0015369 -0.00245146 -0.00121947 -0.00122439 -0.00127575 -0.0014833 -0.00167771 -0.00189636 -0.00219211 -0.0022676 -0.00231091 -0.00244919 -0.00241442 -0.00209007 -0.00226789 -0.00251862 -0.00286486 -0.00339579
0 0 0 0 0 0 0 0 0 0 0 0 0 0 0 0 0 0 0 0 0 0 0 0 0 0 0 0 0 0 0 0 0 0 0.000533134 0.000757623 0.00110633 0.00165382 0.001994 0.0029226 0.00350004 0.00417267 0.00500056 0.0428658 0.0468289 0.0583386 0.0690544 0.0127608 0.0119599 0.0120651 0.0114346 0.0106112 0.010603 0.00983569 -0.00670808 -0.00819371 -0.00787562 0.00150591 0.00170213 0.00142628 -0.00284446 -0.000799133 -0.00116847 -0.000421202 -0.000664684 -0.000784212 -0.000895872 -0.00153201 -0.00177257 -0.0019167 -0.00200803 -0.00208183 -0.00187824 -0.0017006 -0.00170312 -0.00184571 -0.00223028
0 0 0 0 0 0 0 0 0 0 0 0 0 0 0 0 0 0 0 0 0 0 0 0 0 0 0 0 0 0 0 0 0 0 0.000562123 0.000801216 0.000969038 0.00149289 0.00223507 0.00281138 0.00328753 0.00392451 0.00452699 0.0328351 0.042634 0.0530013 0.0834309 0.0122728 0.0116354 0.0118311 0.0117787 0.0123015 0.0121894 -0.00401238 -0.00392071 -0.00543917 -0.00629467 -0.007041 -0.00748585 -0.00675005 -0.00490273 0.000512752 -0.00066714 0.00057016 0.000723528 0.000840696 0.000932086 -0.00104454 -0.00131265 -0.00147368 -0.00157487 -0.0016639 -0.00159895 -0.00134119 -0.00119026 -0.00094676 -0.00120636
0 0 0 0 0 0 0 0 0 0 0 0 0 0 0 0 0 0 0 0 0 0 0 0 0 0 0 0 0 0 0 0 0 0 0.00059612 0.000846872 0.001137 0.00159825 0.00244637 0.00292334 0.00314569 0.00384724 0.00433394 0.024326 0.0374914 0.0479684 0.0922134 0.0124386 0.0117103 0.0117845 0.0118349 0.0119272 0.00957928 -0.00408471 -0.00398811 -0.00391654 -0.00475196 -0.00570497 -0.0067357 -0.0075287 -0.00735043 -0.00559039 0.0010021 0.00142742 0.00160617 0.00156231 -0.000432674 -0.000560447 -0.000727917 -0.00090492 -0.001071 -0.00114859 -0.00124482 -0.00120364 -0.000942836 0.000610013 0.000738813
0 0 0 0 0 0 0 0 0 0 0 0 0 0 0 0 0 0 0 0 0 0 0 0 0 0 0 0 0 0 0 0 0 0 0.000577487 0.000919708 0.00138279 0.00175102 0.00229931 0.00271964 0.00309254 0.00361402 0.00410599 0.0181297 0.0289296 0.0360411 0.085506 0.0118086 0.0113748 0.0122373 0.012214 0.010258 -0.0049148 -0.00420785 -0.00252712 -0.00318989 -0.00403458 -0.00481963 -0.00548888 -0.00654184 -0.007642 -0.00735929 -0.005637 -0.00135574 -0.00114779 0.00116471 0.000486709 0.000535643 0.000597958 0.00052637 -0.000411161 -0.000406793 -0.00066852 -0.000777013 -0.000754337 0.00105982 0.00111818
0 0 0 0 0 0 0 0 0 0 0 0 0 0 0 0 0 0 0 0 0 0 0 0 0 0 0 0 0 0 0 0 0 0 5.83398e-06 0.00103206 0.00152144 0.0017322 0.00220069 0.00409453 0.0022465 0.00341706 0.00401484 0.0136202 0.0226076 0.0314836 0.0937967 0.0130721 0.0119286 0.012669 0.0102903 -0.00508913 -0.005768 -0.00512034 -0.00089678 -0.00111318 -0.00147213 -0.00219447 -0.00354652 -0.00539946 -0.00767034 -0.00834004 -0.00777535 -0.000816517 -0.000931375 0.00105674 0.000970069 0.000961143 0.000917837 0.000762967 0.000424693 0.00104978 0.000417587 0.000703932 0.00101854 0.00141035 0.00141426
0 0 0 0 0 0 0 0 0 0 0 0 0 0 0 0 0 0 0 0 0 0 0 0 0 0 0 0 0 0 0 0 0 0 0 0.000913239 0.00135471 0.00163178 0.00205878 0.00487054 0.00132022 0.00277551 0.00350064 0.0101541 0.0187337 0.0281012 0.0788529 0.0734242 0.0131648 0.0130844 -0.00311629 -0.00375496 -0.00651523 -0.00742162 0.00052002 0.00110645 0.00171441 0.00239701 0.00304217 0.00307309 -0.00556571 -0.00775063 -0.00923446 0.00061154 0.000789272 0.00227152 0.00110736 0.00125208 0.00123721 0.00116117 0.00114299 0.00123016 0.0013271 0.00151664 0.00170614 0.00177621 0.00157249
0 0 0 0 0 0 0 0 0 0 0 0 0 0 0 0 0 0 0 0 0 0 0 0 0 0 0 0 0 0 0 0 0 0 0 0.000882048 0.00128481 0.00161487 0.00197197 0.0038739 0.00299488 0.00289121 0.00322976 0.00762436 0.0121433 0.0225975 0.0542784 0.0949658 0.0135203 0.0108874 0.00311168 0.00415356 -0.00185134 -0.00285406 -0.00351789 -0.00444481 -0.00603835 -0.00759305 0.00386809 0.00561352 0.00603034 -0.00121875 -0.00151061 -0.00186471 -0.00251257 -0.00327323 -0.00437565 -0.00583177 -0.00739707 -0.0084718 0.00336239 0.00615245 0.00751089 -0.00190956 -0.00290549 -0.00369027 -0.00441733
0 0 0 0 0 0 0 0 0 0 0 0 0 0 0 0 0 0 0 0 0 0 0 0 0 0 0 0 0 0 0 0 0 0 0 0.000879453 0.000894006 0.00150266 0.00177836 0.00336158 0.00332381 0.00335866 0.00348126 0.00580931 0.00805091 0.0190923 0.0427368 0.0667543 0.0804007 0.00812076 0.00353479 0.00363336 0.00129247 -0.000436579 -0.000505803 -0.000517452 -0.000573492 -0.000674426 -0.000862047 -0.00105156 -0.000901194 -0.000766252 -0.000539608 -0.000544315 -0.000600482 -0.000724819 -0.000906108 -0.000860434 -0.000700715 -0.000863809 -0.00114692 -0.00123433 -0.00139364 -0.00157444 -0.00180312 -0.00205606 -0.00226725
0 0 0 0 0 0 0 0 0 0 0 0 0 0 0 0 0 0 0 0 0 0 0 0 0 0 0 0 0 0 0 0 0 0 0 0.000143949 -0.000381992 -0.000608843 -0.00157683 0.00612535 0.00280067 0.00355933 0.00380972 0.00532338 0.00745237 0.0160078 0.034844 0.0588899 0.00808836 0.00601942 0.00333124 0.00285629 0.00132321 0.000408547 0.000323927 0.000503834 0.000589768 0.000670542 0.000604879 -0.000772736 -0.000739544 -0.0005446 0.000314945 0.000467472 0.000533915 0.000447861 -0.000469002 -0.000439885 0.000559688 0.000729417 -0.000386982 -0.000495622 -0.000605496 -0.000784763 -0.00103992 -0.001388 -0.00157526
0 0 0 0 0 0 0 0 0 0 0 0 0 0 0 0 0 0 0 0 0 0 0 0 0 0 0 0 0 0 0 0 0 0 0 0 0 -0.000638012 -0.0011751 -0.00143219 0.00359 0.0036571 0.00461874 0.00509582 0.00656542 0.0128256 0.0280092 0.0878694 0.0606917 0.00608643 0.00608003 -0.00921894 0.00111435 0.000948669 0.00104444 0.00118559 0.00119258 0.0011445 0.000898579 -0.000314926 -0.000359083 0.000672989 0.00100793 0.00107145 0.00105244 0.000937068 0.000679134 0.000830284 0.00110796 0.000917773 0.000451839 0.000541552 0.000604414 0.000652664 0.000623496 -0.000533033 -0.00061582
0 0 0 0 0 0 0 0 0 0 0 0 0 0 0 0 0 0 0 0 0 0 0 0 0 0 0 0 0 0 0 0 0 0 0 0 0 -0.000565157 -0.00155463 -0.00220845 -0.00223066 -0.00214577 -0.0024161 0.00756183 0.00717843 0.0102903 0.0223687 0.10001 0.0517227 0.00679113 0.00523922 -0.00818842 0.00108893 0.00129176 0.00143288 0.00149289 0.00142114 0.00130995 0.00107477 0.000569505 0.000593238 0.000731704 0.0021508 0.00151019 0.00132814 0.00119817 0.00122334 0.0013439 0.00143466 0.00118125 0.0010571 0.00113296 0.00109449 0.0010721 0.000953467 0.000640849 0.000770991
0 0 0 0 0 0 0 0 0 0 0 0 0 0 0 0 0 0 0 0 0 0 0 0 0 0 0 0 0 0 0 0 0 0 0 0 0 -0.000394266 -0.00176129 -0.00247892 -0.00273564 -0.00227849 -0.00210663 0.00583981 0.00678865 0.00835767 0.0718001 0.0816643 0.0407348 0.00966173 0.00996136 0.00192888 -0.00554268 -0.00711476 -0.00874444 -0.0110168 0.00181905 0.00300235 0.00414278 0.00558653 0.00777723 0.0106264 -0.0052433 -0.0063231 -0.00673691 0.00127295 0.00153788 0.00165479 0.00159953 0.00151599 0.00150833 0.00147479 0.00139164 0.00133087 0.0012726 0.00126866 0.0012943
0 0 0 0 0 0 0 0 0 0 0 0 0 0 0 0 0 0 0 0 0 0 0 0 0 0 0 0 0 0 0 0 0 0 0 0 0 0 -0.00209142 -0.00302089 -0.0035391 -0.00268755 -0.00202298 -0.00150055 0.00651281 0.00739091 -0.00309186 0.10756 0.0311476 0.0106436 0.00677137 -0.00156998 -0.00201689 -0.00253739 -0.00308318 -0.00288633 -0.00292146 -0.00297326 -0.00303746 -0.00306684 -0.00314684 -0.00321077 -0.00321713 -0.00329812 -0.00293265 -0.00250419 -0.00255832 -0.00257129 -0.00251099 -0.00237241 -0.00227899 -0.00218363 -0.00215167 -0.00207437 -0.00217721 -0.00247702 -0.002888
0 0 0 0 0 0 0 0 0 0 0 0 0 0 0 0 0 0 0 0 0 0 0 0 0 0 0 0 0 0 0 0 0 0 0 0 0 0 -0.0022188 -0.00339548 -0.00376573 -0.000521455 -0.000959125 -0.00129639 -0.00147923 0.0116278 0.00339804 -0.00459879 0.0141533 0.00620409 0.00538955 -0.000732745 -0.00101758 -0.00163145 -0.00264576 -0.00264705 -0.00267993 -0.00271315 -0.00266071 -0.00258842 -0.00259279 -0.00256962 -0.00255082 -0.00269072 -0.00268774 -0.00266085 -0.00240608 -0.00220444 -0.0021426 -0.00207535 -0.00203238 -0.0020032 -0.00187685 -0.00177696 -0.00169306 -0.00172837 -0.00183879
0 0 0 0 0 0 0 0 0 0 0 0 0 0 0 0 0 0 0 0 0 0 0 0 0 0 0 0 0 0 0 0 0 0 0 0 0 0 -0.00416755 -0.00189467 -0.00108777 -0.000507373 -0.000961944 -0.00140229 -0.00176483 -0.00206493 -0.00210486 0.0102947 0.00552078 -0.00296768 0.00431418 0.000644224 0.000920234 0.000992516 -0.00208805 -0.00219011 -0.00221232 -0.00224007 -0.00221169 -0.00217479 -0.00216878 -0.00212635 -0.00211036 -0.00222075 -0.00222166 -0.00227397 -0.00227745 -0.00219119 -0.00194551 -0.00175208 -0.00168332 -0.00165865 -0.00163884 -0.00149409 -0.00134444 -0.0012288 -0.00115969
0 0 0 0 0 0 0 0 0 0 0 0 0 0 0 0 0 0 0 0 0 0 0 0 0 0 0 0 0 0 0 0 0 0 0 0 0 0 -0.00401825 -0.00190548 -0.00104464 -0.000464063 -0.000909864 -0.00142724 -0.00193222 -0.00244286 -0.00268213 -0.0026795 0.000902429 0.000266563 0.00409633 -0.00081166 -0.00120502 -0.00139321 -0.00156909 -0.00170948 -0.0017647 -0.00172081 -0.00169955 -0.00173927 -0.00175385 -0.00177797 -0.00179469 -0.00183707 -0.00190445 -0.00190331 -0.00188707 -0.00188116 -0.00184937 -0.00167156 -0.00145484 -0.00130559 -0.0012718 -0.00125955 -0.00108501 -0.000886026 -0.000716069
0 0 0 0 0 0 0 0 0 0 0 0 0 0 0 0 0 0 0 0 0 0 0 0 0 0 0 0 0 0 0 0 0 0 0 0 0 0 -0.00341768 -0.00200976 -0.00101137 -0.000436395 -0.000938901 -0.00143016 -0.00189253 -0.00253189 -0.00282007 -0.00273852 -0.00252877 0.000774277 -0.000451507 -0.00047876 -0.000556104 -0.000901053 -0.00124302 -0.00135303 -0.00136514 -0.001362 -0.00133711 -0.0013189 -0.00132852 -0.00134518 -0.00136595 -0.00139817 -0.00147846 -0.00151814 -0.00154087 -0.00150532 -0.00149022 -0.00143011 -0.00128397 -0.00107588 -0.000823855 -0.000857007 -0.000827977 -0.000681422 -0.00043491
0 0 0 0 0 0 0 0 0 0 0 0 0 0 0 0 0 0 0 0 0 0 0 0 0 0 0 0 0 0 0 0 0 0 0 0 0 0 -0.00248526 -0.00232547 -0.00120765 -0.000491517 -0.000959668 -0.00143221 -0.00188045 -0.00259889 -0.00270461 -0.00257346 -0.00264954 0.000625394 0.000610701 0.000606326 0.000705791 0.000723838 -0.000646247 -0.000904583 -0.000945167 -0.000954856 -0.000949933 -0.000935277 -0.00092029 -0.000909148 -0.000880757 -0.000803414 -0.00101839 -0.00105029 -0.00111647 -0.00116353 -0.00116341 -0.00108746 -0.000969578 -0.000814022 -0.000666025 -0.000443938 -0.000429828 -0.000381581 0.000440295
0 0 0 0 0 0 0 0 0 0 0 0 0 0 0 0 0 0 0 0 0 0 0 0 0 0 0 0 0 0 0 0 0 0 0 0 0 0 0 -0.00276489 -0.00141867 -0.000555518 -0.000968642 -0.00138177 -0.00186363 -0.00263233 -0.00249808 -0.00232779 -0.00245733 -0.00208259 0.0920909 0.00107377 0.00104663 0.00103473 0.000709766 -0.000378832 -0.000417933 -0.00044578 -0.000438056 -0.000428261 -0.000433638 -0.000459493 -0.000449684 0.000560838 -0.000344113 -0.00042853 -0.000510477 -0.000661602 -0.000849486 -0.000787756 -0.000671689 -0.000429405 -0.000284997 0.000408441 0.000383237 0.000461692 0.000541654
