Outputs/initial_cond/v_ev.asc
ncols 286
nrows 263
xllcorner 528670
yllcorner 5.07684e+06
cellsize 35
NODATA_value -9999
[rows 170 to 203 of 263, columns 154 to 230 of 286]
0.000968333 0.000624966 -0.000434013 -0.000576956 -0.000997794 -0.0069408 -0.00231353 -0.00164977 -0.00132769 -0.00173836 -0.00128133 -0.00132135 -0.00147146 -0.0203028 -0.0124811 0.000957706 0.000885741 0.000821284 -0.00055604 -0.000958055 -0.000994639 -0.000628078 -0.000864391 -0.0010397 -0.001182 -0.00149315 -2.48649e-05 0.00100634 0.000686947 0.000810011 0.000920235 -0.00601193 -0.00790556 -0.00583747 -0.00550706 -0.00538784 -0.00510792 -0.00457194 -0.00366881 -0.00302836 -0.00274778 -0.00208398 -0.00135592 -0.00666952 -0.00810189 -0.0110596 -0.00670102 -0.00599077 -0.00467132 -0.00324719 0.000457594 -0.00125608 -0.00313086 -0.00331149 -0.00333828 -0.00339668 -0.0032149 -0.00265254 -0.00248075 -0.00224135 -0.00201822 -0.0017496 -0.00129478 -0.000882957 -0.000234624 0.000351622 0.00108879 8.70985e-06 0 0 0 0 0 0 0 0 0
0.000874462 0.000597532 0.000332472 -0.000643184 -0.000803283 -0.00661547 -0.00321962 -0.00189733 -0.0017617 -0.00142256 -0.000686823 -0.00110454 -0.00137626 -0.00185406 -0.0202064 0.00126169 0.00105257 0.000855637 0.000600358 -0.000485074 -0.000826887 -0.000610709 -0.000707881 -0.000820975 -0.000915385 -0.000987188 -0.0213975 0.00218517 0.00220037 0.00238338 -0.00501028 -0.00558654 -0.00589955 -0.00571455 -0.00539711 -0.00529521 -0.00508684 -0.00460095 -0.00384706 -0.00307615 -0.0028647 -0.00229822 -0.00180387 -0.0014324 -0.00105562 -0.0131421 -0.00717944 -0.00544588 -0.00596293 -0.00348944 0.00138825 0.00139324 -0.0026801 -0.00283797 -0.00288876 -0.0029291 -0.00314966 -0.00257509 -0.00230009 -0.00204937 -0.00175961 -0.00160907 -0.00142577 -0.001147 0.000173389 0.000546347 0.00164372 8.54964e-06 0 0 0 0 0 0 0 0 0
-0.00226583 0.000498995 0.000615764 -0.000739655 -0.000503083 -0.00558701 -0.00421033 -0.00204455 -0.00182306 -0.00146535 -0.000772091 -0.00109806 -0.00137822 -0.00175309 -0.0243317 0.00135778 0.00114178 0.000746235 0.000715266 0.000585575 -0.000509632 -0.00058886 -0.000411149 -0.000448594 -0.000464558 -0.000489032 -0.0195385 -0.0058864 -0.00563497 -0.0055256 -0.00547527 -0.00554477 -0.00571239 -0.00563291 -0.00534717 -0.00521046 -0.00508248 -0.00451803 -0.00395588 -0.00330166 -0.00301481 -0.00244309 -0.00187237 -0.00134728 -0.00115517 -0.0113649 -0.00817526 -0.00439681 -0.00467614 -0.00457449 -0.00295252 -0.00270124 -0.00254701 -0.00254577 -0.00251989 -0.00252518 -0.00281541 -0.00253634 -0.00223 -0.00194718 -0.00159302 -0.00134633 -0.00115932 -0.00103531 -0.000860474 0.000834753 0.000200725 9.53146e-06 0 0 0 0 0 0 0 0 0
-0.00122566 -0.0011425 -0.000948677 -0.000754931 -0.00050447 -0.00116007 -0.00579081 -0.00210386 -0.00188972 -0.00158115 -0.000959479 -0.00103314 -0.00132478 -0.00164848 -0.00207596 -0.0226793 -0.000445521 -0.000430011 -0.000438084 -0.000438915 -0.000408906 -0.000342507 -0.000247535 0.000336408 0.000371486 0.000349488 -0.0167998 -0.00558516 -0.00565067 -0.00564641 -0.00545408 -0.00541528 -0.00551633 -0.00551586 -0.00529148 -0.00511704 -0.00503204 -0.00445779 -0.00394014 -0.00352593 -0.00314082 -0.00261001 -0.00200184 -0.00128457 -0.00131035 -0.00850842 -0.00959226 -0.00403791 -0.00411168 -0.00425403 -0.00398435 -0.0029757 -0.00254239 -0.00238279 -0.00224629 -0.00220499 -0.00238203 -0.00237438 -0.00220585 -0.00188075 -0.00141215 -0.00112749 -0.000790644 -0.0012733 -0.000651538 0.00185053 -4.96805e-06 0 0 0 0 0 0 0 0 0 0
-0.000989617 -0.000984099 -0.000899154 -0.000686193 -0.000510581 -0.00107355 -0.00487479 -0.00203249 -0.00187088 -0.00168549 -0.00125105 -0.000709535 -0.0012057 -0.00153838 -0.00186831 -0.0227399 0.000347586 0.000405099 0.000424007 0.00041837 0.000353052 0.00028998 0.000283158 0.000572538 0.00067843 -0.0119791 -0.00627545 -0.00565468 -0.00555891 -0.00549994 -0.00530896 -0.00524398 -0.00529987 -0.00534864 -0.00520988 -0.00503656 -0.00498061 -0.00444892 -0.00389089 -0.00353924 -0.00328714 -0.00286297 -0.00218448 -0.00161281 -0.00104962 -0.00100753 -0.0115005 -0.00394995 -0.00381882 -0.00390624 -0.00410885 -0.00319975 -0.00251428 -0.00229893 -0.00203216 -0.00191118 -0.00198581 -0.00201671 -0.00201938 -0.00187047 -0.00124526 -0.000986583 -0.000893667 -0.00127395 0.000760444 0.00216243 6.9568e-06 0 0 0 0 0 0 0 0 0 0
-0.000843516 -0.000765542 -0.000666575 -0.00039986 -0.000540012 -0.00105115 -0.0038253 -0.00174972 -0.00172025 -0.00170705 -0.00147661 -0.000867109 -0.00119163 -0.00149348 -0.00181653 -0.0156598 -0.0163341 0.000798214 0.000806147 0.000735562 0.000605434 0.00040908 0.000593713 0.000756803 0.000696021 -0.014752 -0.00574788 -0.00549045 -0.00546085 -0.00544959 -0.00526696 -0.00506705 -0.00506355 -0.00513616 -0.00510197 -0.00495485 -0.00491873 -0.00449038 -0.00390127 -0.00351832 -0.00327773 -0.00296586 -0.00242406 -0.00177783 -0.00125147 -0.000627168 -0.0107589 -0.00388992 -0.00346632 -0.0034895 -0.00376404 -0.00345366 -0.00251223 -0.00221246 -0.00191087 -0.001669 -0.00167854 -0.00158121 -0.00158134 -0.00190376 -0.00106418 -0.000626556 -0.00116488 -0.0014565 0.000791624 0.000258427 4.39322e-06 0 0 0 0 0 0 0 0 0 0
-0.00083748 -0.000385514 -0.000352668 -0.000240815 -0.000302902 -0.00102244 -0.00283415 -0.0017742 -0.00166429 -0.00168541 -0.00160976 -0.0011631 -0.0011355 -0.00140669 -0.00169753 -0.00219218 -0.0155917 -0.0128081 -0.00448193 -0.00629817 -0.00262725 0.000278421 0.000566595 -0.00120415 -0.00259488 -0.0138317 -0.00552301 -0.00515367 -0.00516084 -0.00522532 -0.00526817 -0.00505158 -0.00488275 -0.0049105 -0.00493292 -0.00483688 -0.00482604 -0.00449718 -0.00391628 -0.0033884 -0.0031661 -0.00293251 -0.00259121 -0.00192759 -0.00130522 -0.0006078 -0.00979841 -0.00385664 -0.00324866 -0.0031529 -0.00332617 -0.00346176 -0.00280136 -0.00237877 -0.00185677 -0.00137481 -0.00145925 -0.00119284 -0.000913201 -0.00183446 -0.000960338 -0.000674195 -0.00126961 -0.00172689 0.000126373 1.5707e-06 0 0 0 0 0 0 0 0 0 0 0
-0.0006739 0.000375141 0.000341718 0.000274003 0.000362289 -0.000826024 -0.00141321 -0.00138137 -0.00131516 -0.00155543 -0.00167954 -0.00154521 -0.000880593 -0.00126077 -0.00155149 -0.00219018 -0.00303858 -0.0170693 0.00295168 -0.00866368 -0.00415822 -0.000437351 -0.000817521 -0.00110555 -0.00305828 -0.0125817 -0.00544366 -0.00482739 -0.00480148 -0.004884 -0.00504476 -0.00500914 -0.0048259 -0.00473149 -0.00471846 -0.0046598 -0.00468974 -0.00443634 -0.00388866 -0.00339082 -0.00310939 -0.0028806 -0.00263539 -0.00207212 -0.00142191 -0.000583151 -0.00894454 -0.00386217 -0.00307004 -0.00289696 -0.00296855 -0.00312594 -0.00297662 -0.0024442 -0.00154891 -0.000689596 -0.00122748 -0.0010123 -0.00101169 -0.000970301 -0.00068435 -0.000784568 -0.00144142 0 0 0 0 0 0 0 0 0 0 0 0 0 0
0.000497659 0.000611211 0.000712563 0.000660277 0.000507073 0.00140302 -0.000509134 -0.000720167 -0.000838529 -0.00122962 -0.00154286 -0.00166017 -0.00111763 -0.00118692 -0.00143726 -0.00243266 -0.00317374 -0.011448 -0.0112348 -0.013658 -0.00589965 -0.00039376 -0.000717414 -0.000958607 -0.00363884 -0.0111473 -0.00567532 -0.00463854 -0.00449914 -0.00454978 -0.00472301 -0.00482892 -0.0046852 -0.00459653 -0.0045224 -0.004442 -0.0044808 -0.0043776 -0.00390425 -0.00351434 -0.00319928 -0.00288604 -0.00262472 -0.00213786 -0.00146699 -0.000756166 -0.00809306 -0.00379921 -0.0030002 -0.00267864 -0.00261635 -0.00262152 -0.00259814 -0.00263196 -0.00215145 0.000738581 -0.000971517 -0.000591391 -0.000773792 -0.00040896 -0.000695032 -0.000532718 -0.000597752 -8.29601e-06 0 0 0 0 0 0 0 0 0 0 0 0 0
0.000795631 0.000901482 0.000722139 0.00188282 0.00137969 0.00148569 0.000729822 0.000573302 0.000711688 -0.000603327 -0.00116539 -0.00176016 -0.00147418 -0.000890507 -0.00130968 -0.00277752 -0.00319861 -0.00133271 -0.000957258 -0.018744 -0.00782427 -0.000254361 -0.00053216 -0.000729817 -0.00443103 -0.00949068 -0.00553095 -0.00450615 -0.00427653 -0.00423857 -0.00434141 -0.00446713 -0.00437889 -0.0043607 -0.00433262 -0.00422058 -0.0042463 -0.00427523 -0.00395191 -0.00352491 -0.00318094 -0.00289942 -0.00268405 -0.00228661 -0.00160716 -0.000861409 -0.00708478 -0.00356177 -0.00300929 -0.00254483 -0.00236877 -0.00224744 -0.0020841 -0.00204856 -0.0018346 -0.00170188 -0.00144405 0.000448378 -0.000538718 -0.000270341 -0.000208314 0.000496395 0.000698762 9.08664e-06 0 0 0 0 0 0 0 0 0 0 0 0 0
0.00104991 0.000831881 0.00525941 0.00509828 0.00474757 -0.0030956 -0.00385144 -0.00394555 0.0010057 0.000906177 0.000708068 -0.00170179 -0.00157737 -0.00110114 -0.00126179 -0.00305813 -0.00122993 -0.00067886 -0.00130852 -0.0159487 -0.00779935 0.000266407 -0.000205353 -0.000390601 -0.00545637 -0.00757933 -0.00470897 -0.00446164 -0.00417832 -0.00394504 -0.00389097 -0.00401335 -0.00401295 -0.0040262 -0.00406424 -0.00399673 -0.00397888 -0.00406478 -0.00384814 -0.00345578 -0.00314601 -0.00287596 -0.00268193 -0.00238564 -0.00177818 -0.00105689 -0.0061156 -0.00325234 -0.00294936 -0.00250232 -0.00226281 -0.00202872 -0.00182214 -0.00171245 -0.00151307 -0.00126228 -0.00111616 -0.000786086 -0.000403298 0.000275091 0.000451907 0.000692386 0.000101696 1.08952e-05 0 0 0 0 0 0 0 0 0 0 0 0 0
0.00118343 0.0120717 -0.00188201 -0.00230838 -0.00232295 -0.00221816 -0.00235699 -0.00290237 -0.00324219 -0.002251 0.00123537 -0.00156829 -0.00166301 -0.00144627 -0.00103447 -0.00223176 -0.00109352 -0.00070045 -0.00131603 -0.00194917 -0.0174908 0.000496844 0.000282167 0.000316664 -0.00622891 -0.00413971 -0.00399284 -0.00419101 -0.00411262 -0.00370329 -0.00352348 -0.00359507 -0.00362495 -0.00365158 -0.00368818 -0.00372302 -0.0036773 -0.00375954 -0.00367222 -0.00334406 -0.00306717 -0.00277976 -0.00260259 -0.00241265 -0.00195343 -0.00133566 -0.00514457 -0.00298023 -0.0028017 -0.00240109 -0.00211276 -0.00187811 -0.00161536 -0.00144428 -0.0012538 -0.000992475 -0.00080906 -0.000553795 -0.000409533 0.000598798 0.00078826 8.8378e-05 7.80175e-06 0 0 0 0 0 0 0 0 0 0 0 0 0 0
0.00990612 0.00854209 -0.0015756 -0.00176558 -0.00172949 -0.00162127 -0.00148711 -0.00211054 -0.00247075 -0.0025664 -0.00208382 -0.00182334 -0.00167999 -0.00152839 -0.0013362 -0.00130412 -0.000922129 -0.000793005 -0.00133511 -0.00194821 -0.00210785 -0.00202644 -8.34086e-06 3.90763e-05 -0.00443799 -0.00369176 -0.00350481 -0.0034531 -0.00397476 -0.00343795 -0.00325835 -0.00326721 -0.00328529 -0.00331383 -0.00331432 -0.0033589 -0.00335996 -0.00340878 -0.00343645 -0.00329449 -0.0029678 -0.0026615 -0.00245308 -0.0023995 -0.00215561 -0.00174465 -0.00405016 -0.00272814 -0.00256588 -0.00232016 -0.00193838 -0.00173302 -0.0014949 -0.00122585 -0.00100744 -0.000725123 -0.000489408 -0.000435025 0.000410634 0.000740605 0.000103897 1.08261e-05 0 0 0 0 0 0 0 0 0 0 0 0 0 0 0
0.0117027 0.00625305 -0.0011641 -0.00134903 -0.00149194 -0.0015644 -0.00157897 -0.00167961 -0.0019631 -0.00235794 -0.00214343 -0.00180341 -0.00160778 -0.00148998 -0.00123297 -0.000999942 -0.000575968 -0.00096732 -0.00137044 -0.00190294 -0.00178916 -0.00158577 -0.000829824 0.000255917 -0.00381166 -0.00372459 -0.00317612 -0.002198 -0.00343853 -0.00331841 -0.00293106 -0.00290433 -0.00288035 -0.00298484 -0.00298044 -0.003002 -0.0030452 -0.00307501 -0.0031331 -0.00310747 -0.00288468 -0.0026974 -0.00243766 -0.00230528 -0.00225426 -0.00233576 -0.00261791 -0.00245735 -0.00225988 -0.00213778 -0.00177098 -0.00151366 -0.00132383 -0.00106166 -0.000801441 -0.000441279 -0.000363112 0.000410446 0.000677412 0.00147032 9.10758e-06 0 0 0 0 0 0 0 0 0 0 0 0 0 0 0 0
-0.00064731 -0.000880085 -0.000708755 -0.000948688 -0.00102787 -0.00112361 -0.00118983 -0.00121895 -0.00137846 -0.00179521 -0.00197503 -0.00173708 -0.00146323 -0.00137715 -0.00113547 -0.000889129 -0.000596327 -0.00100495 -0.00138602 -0.0018397 -0.00112336 -0.000769434 -0.00808395 -0.00457499 -0.00346994 -0.00376437 -0.0033051 0.00157187 -0.00267174 -0.00303455 -0.00299051 -0.0024322 -0.00222152 -0.00265023 -0.00266041 -0.00266994 -0.00274063 -0.00273781 -0.00270954 -0.00276916 -0.00262908 -0.00248911 -0.0024006 -0.00219553 -0.00202484 -0.0020683 -0.00215711 -0.00217345 -0.00196995 -0.00189177 -0.00164889 -0.00135431 -0.00114138 -0.000869065 -0.000607102 -0.000241292 0.000420078 0.000670298 0.000859293 0.000157312 1.05771e-05 0 0 0 0 0 0 0 0 0 0 0 0 0 0 0 0
-0.000533277 -0.000593843 0.000626286 -0.000356311 -0.000427375 -0.000469394 -0.000514435 -0.000492102 -0.000580076 -0.000868729 -0.00140094 -0.0015639 -0.00123107 -0.00120535 -0.0010131 -0.000751864 -0.000656886 -0.00101881 -0.00127178 -0.00149253 0.00104647 0.000688372 -0.00781455 -0.00611833 -0.00278765 -0.00273205 -0.00284002 -0.00255823 -0.0025061 -0.00257313 -0.00260581 -0.00253778 -0.00248844 -0.0024564 -0.00247193 -0.00239462 -0.0023709 -0.00243691 -0.00242858 -0.00239276 -0.0023462 -0.00224857 -0.00216949 -0.00208187 -0.00190467 -0.00178327 -0.00180272 -0.00182756 -0.00167213 -0.00160508 -0.00139178 -0.00117557 -0.000962891 -0.000608735 -0.000292684 0.000276171 0.000613703 0.000842789 0.000109846 8.43807e-06 0 0 0 0 0 0 0 0 0 0 0 0 0 0 0 0 0
0.000495745 0.000676662 0.000825858 0.00048729 0.000475599 0.000448683 0.00049942 0.000607453 0.000742908 0.000954217 -0.000437729 -0.000825894 -0.00113922 -0.00115786 -0.000890652 -0.000479196 -0.000765558 -0.000942703 -0.00119207 -0.00194841 -0.00260741 -0.00287928 -0.00276537 -0.00737702 -0.002647 -0.00215732 -0.00253029 -0.00249812 -0.00242149 -0.00231707 -0.00218772 -0.00220305 -0.00219459 -0.00218545 -0.00227018 -0.00219555 -0.00202232 -0.00197082 -0.00207712 -0.0020786 -0.00202149 -0.00194111 -0.00186773 -0.00180816 -0.00173323 -0.0015772 -0.00149784 -0.0014936 -0.00138936 -0.00130304 -0.00113834 -0.000971888 -0.000852751 -0.000291684 0.00024898 0.000563304 0.00079572 0.000109976 1.03892e-05 0 0 0 0 0 0 0 0 0 0 0 0 0 0 0 0 0 0
0.00110184 0.00118772 0.00101037 0.00082347 0.000836896 0.000771533 0.000610368 0.00168219 0.00126729 0.00121664 0.000859743 0.000989272 -0.000631807 -0.00100303 -0.000855684 -0.000435808 -0.000706046 -0.000973543 -0.00131903 -0.00297284 -0.00291296 -0.00218488 -0.00199456 -0.00625259 -0.00308575 -0.00127347 -0.00208753 -0.00213173 -0.00215485 -0.0020845 -0.00192301 -0.00172804 -0.00171861 -0.0017895 -0.00188193 -0.00195274 -0.00182261 -0.00162436 -0.00165471 -0.00173252 -0.00173502 -0.00165913 -0.00155126 -0.00148014 -0.0014058 -0.00136196 -0.00127967 -0.00122362 -0.00113173 -0.00100572 -0.000811778 -0.000550359 -0.000701772 0.000230896 0.000532599 0.000757252 0.000105645 9.95539e-06 0 0 0 0 0 0 0 0 0 0 0 0 0 0 0 0 0 0 0
0.00136019 0.0014206 0.00135262 0.00119516 0.00119352 0.00115429 0.00118763 0.00122284 0.00229778 0.00139561 0.00126106 0.00120976 0.000831838 -0.000811796 -0.000793891 -0.000439376 -0.000743237 -0.00101767 -0.00130851 -0.00392106 -0.00108329 -0.00123252 -0.00147329 -0.00511545 -0.00410133 0.00174693 -0.00166009 -0.00164173 -0.00166154 -0.00167951 -0.00160491 -0.00146831 -0.00141147 -0.00136622 -0.00142788 -0.00158621 -0.00161466 -0.00154444 -0.00146797 -0.00144749 -0.00141411 -0.00135598 -0.001237 -0.00111051 -0.00101874 -0.00100946 -0.000980122 -0.000913907 -0.000822371 -0.000686282 -0.000447945 -0.000456965 -0.000360265 0.000681087 0.000805899 0.000112684 1.04759e-05 0 0 0 0 0 0 0 0 0 0 0 0 0 0 0 0 0 0 0 0
0.00149476 0.00150774 0.00161532 0.00163023 0.00169886 0.00175171 0.00191748 0.00201856 0.00226097 0.00158627 0.0013814 0.00130633 0.00101991 -0.000518431 -0.000711856 -0.000424075 -0.000716782 -0.000972947 -0.00122283 -0.00329207 -0.00136464 -0.00114124 -0.00141927 -0.00181826 -0.00405534 -0.00280252 -0.00150527 -0.00119872 -0.00120183 -0.00131469 -0.00128888 -0.00113686 -0.00101302 -0.000975075 -0.00087366 -0.00117832 -0.00129347 -0.0012837 -0.00123662 -0.0011536 -0.00105084 -0.000978003 -0.00093298 -0.000800582 -0.000495946 -0.000497064 -0.000499969 -0.00048405 -0.000422777 -0.000351008 -0.000237417 0.000270943 0.000401947 0.000707269 0.000121405 9.67654e-06 0 0 0 0 0 0 0 0 0 0 0 0 0 0 0 0 0 0 0 0 0
0.00164627 0.00165785 0.00177459 0.00196286 0.00211912 0.00225955 0.00240768 0.00238229 0.00233274 0.00176827 0.00140578 0.00130994 0.00103806 0.000534067 -0.000533398 -0.00037519 -0.000603622 -0.000829964 -0.00106016 -0.00245511 -0.00179349 -0.00069496 -0.0012562 -0.0016151 -0.00191419 -0.00336998 -0.0014375 -0.00115702 -0.00096333 -0.000968169 -0.000983196 -0.000851735 -0.000515303 -0.000979105 0.000664805 -0.000407812 -0.000896627 -0.000932773 -0.000940755 -0.000892904 -0.000778022 -0.000524073 -0.000540714 -0.000590279 0.000424592 0.000456829 0.000440958 0.000378804 0.000379178 0.000412709 0.000311388 0.000544701 0.000604694 0.000127067 8.45721e-06 0 0 0 0 0 0 0 0 0 0 0 0 0 0 0 0 0 0 0 0 0 0
-0.00120022 0.00144101 0.00178283 0.00197876 0.00227724 0.00240947 0.00240571 0.00238674 0.00230332 0.00193816 0.00102758 0.000995086 0.00111939 0.000642397 -0.00031234 -0.00024771 -0.000361943 -0.000623606 -0.000863054 -0.00113984 -0.00193249 -0.000828868 -0.00123022 -0.00148004 -0.00146873 -0.00232817 -0.00116696 -0.000952714 -0.000764004 -0.000516506 -0.000594465 -0.000609552 0.000543158 0.000722678 0.00104635 0.000642224 -0.000432423 -0.000453136 -0.000416624 -0.00048227 -0.000537892 0.000429971 0.000542357 0.000697511 0.00120836 0.000991143 0.000964953 0.000949425 0.000928269 0.000952711 0.000642995 0.000354983 0.000158337 4.75194e-05 0 0 0 0 0 0 0 0 0 0 0 0 0 0 0 0 0 0 0 0 0 0 0
0.00168304 0.00224186 0.00235932 0.00223044 0.00242464 0.00262651 0.00258439 0.00245542 0.00227496 0.00151293 0.00115813 0.00123269 0.000802035 0.000805188 0.000410545 0.00027908 0.000312187 -0.000292049 -0.000587745 -0.000861882 -0.00103718 -0.00102366 -0.00109316 -0.00119199 -0.000900968 -0.000950402 -0.000615037 -0.000680868 -0.00060571 0.000565762 0.000714088 0.00101102 0.00141603 0.00166733 0.00174459 -0.00116231 0.000444243 0.000480744 0.000533452 0.000566392 0.000699494 0.00103477 0.000898318 0.0007027 0.00361536 0.00309698 5.70825e-06 4.43632e-06 3.72073e-06 4.7976e-06 4.8231e-06 1.83803e-06 0 0 0 0 0 0 0 0 0 0 0 0 0 0 0 0 0 0 0 0 0 0 0 0 0
0.00258595 0.00292647 0.00300787 0.00303641 0.00300893 0.00286075 0.00266303 0.00235233 0.0020376 0.00183253 0.00168151 0.00158917 0.00134055 0.00112832 0.00091506 0.000814876 0.000691076 0.000263643 -0.000256682 -0.000577866 -0.000722712 -0.000746924 -0.000723623 -0.000614784 0.000705127 0.000994886 0.000613918 0.000679579 0.000995853 0.00146551 0.00165844 0.00191493 0.00237921 0.0026991 9.07534e-06 0 2.24085e-06 1.85233e-06 1.60419e-06 0.00105485 0.00119766 0.0011998 0.000755225 0.00577037 1.6354e-05 8.76692e-06 1.4789e-05 0 0 0 0 0 0 0 0 0 0 0 0 0 0 0 0 0 0 0 0 0 0 0 0 0 0 0 0 0 0
0.00288271 0.0031473 0.00325014 0.00321882 0.00301407 0.00285225 0.00270212 0.00233926 0.00207664 0.00196787 0.00185529 0.00175376 0.00155646 0.00139116 0.00127412 0.00117073 0.000951527 0.000588729 0.000276807 -0.000218985 -0.000375603 -0.000435065 -0.00044486 -0.000402235 0.000960326 0.0024999 0.00161554 0.00174517 0.00209913 0.00252276 0.00274501 0.00347196 1.56614e-05 1.2183e-05 8.46498e-06 0 0 0 0 3.02585e-06 0.000207267 3.54459e-06 9.82394e-07 0.000378087 1.39281e-05 0 0 0 0 0 0 0 0 0 0 0 0 0 0 0 0 0 0 0 0 0 0 0 0 0 0 0 0 0 0 0 0
0.0029602 0.00320404 0.00336264 0.00337544 0.00322636 0.00299536 0.00276386 0.00248566 0.00224241 0.00207635 0.00191825 0.00176019 0.00156778 0.00142319 0.00127817 0.00118435 0.001095 0.000852712 0.000601114 0.000265195 0.000278825 0.000335345 0.000384207 0.000396509 7.22623e-06 0.000641719 2.50967e-05 2.00286e-05 2.17758e-05 2.36062e-05 1.82216e-05 1.65815e-05 6.46663e-06 0 0 0 0 0 0 0 0 0 0 0 0 0 0 0 0 0 0 0 0 0 0 0 0 0 0 0 0 0 0 0 0 0 0 0 0 0 0 0 0 0 0 0 0
-0.00560344 -0.00683749 -0.00749854 0.00298278 0.00306169 0.00299791 0.00276746 0.00257007 0.0023606 0.00218712 0.00198419 0.0017263 0.00148412 0.00145329 0.00138375 0.00121996 0.00107664 0.0010203 0.000773795 0.000467211 0.000404839 0.000638514 1.8427e-06 7.47844e-05 6.54832e-06 0 0 0 0 0 0 0 0 0 0 0 0 0 0 0 0 0 0 0 0 0 0 0 0 0 0 0 0 0 0 0 0 0 0 0 0 0 0 0 0 0 0 0 0 0 0 0 0 0 0 0 0
-0.00280936 -0.00342295 -0.00456812 -0.00569313 -0.006233 0.00494178 0.00500985 -0.0016817 -0.00124066 -0.00082912 -0.00099768 -0.00120026 -0.00148403 -0.00193142 -0.00202372 -0.00201047 0.0010622 0.0011303 0.000745916 0.00047242 0.000671538 0.00138652 1.24858e-05 0 0 0 0 0 0 0 0 0 0 0 0 0 0 0 0 0 0 0 0 0 0 0 0 0 0 0 0 0 0 0 0 0 0 0 0 0 0 0 0 0 0 0 0 0 0 0 0 0 0 0 0 0 0
-0.00142203 -0.00172222 -0.00209605 -0.00257764 -0.00310534 -0.00276177 -0.00279459 -0.00235158 -0.00116776 0.000569929 0.00065545 0.000942275 0.000947136 -0.00126956 -0.00142486 -0.00140958 -0.00128444 -0.00122858 0.000696828 0.000406053 0.000790908 0.000147909 1.31489e-05 0 0 0 0 0 0 0 0 0 0 0 0 0 0 0 0 0 0 0 0 0 0 0 0 0 0 0 0 0 0 0 0 0 0 0 0 0 0 0 0 0 0 0 0 0 0 0 0 0 0 0 0 0 0
-0.000438453 -0.0003682 0 0 -0.00304371 -0.00258827 -0.00288976 -0.002329 0.00127552 0.00186572 0.00206787 -0.000774911 -0.00102548 -0.0011195 -0.00111177 -0.00113562 -0.0012394 -0.00108596 -0.000782138 -0.000329891 -0.00154346 -1.05382e-05 0 0 0 0 0 0 0 0 0 0 0 0 0 0 0 0 0 0 0 0 0 0 0 0 0 0 0 0 0 0 0 0 0 0 0 0 0 0 0 0 0 0 0 0 0 0 0 0 0 0 0 0 0 0 0
0 0 0 0 0 0 0 0 1.76052e-05 -0.0012686 -0.00077761 -0.000788825 -0.000806649 -0.00086562 -0.000892756 -0.000978203 -0.00111538 -0.000816754 -0.000658648 -0.000382687 -0.00112018 -1.11397e-05 0 0 0 0 0 0 0 0 0 0 0 0 0 0 0 0 0 0 0 0 0 0 0 0 0 0 0 0 0 0 0 0 0 0 0 0 0 0 0 0 0 0 0 0 0 0 0 0 0 0 0 0 0 0 0
0 0 0 0 0 0 0 0 0 0 0 0 0 0 0 0 -0.00108974 -0.000517312 -0.000306471 -0.000331031 -0.000431884 -7.83622e-06 0 0 0 0 0 0 0 0 0 0 0 0 0 0 0 0 0 0 0 0 0 0 0 0 0 0 0 0 0 0 0 0 0 0 0 0 0 0 0 0 0 0 0 0 0 0 0 0 0 0 0 0 0 0 0
0 0 0 0 0 0 0 0 0 0 0 0 0 0 0 0 0 0 0.000194755 0.000371055 0.000615205 1.08601e-05 0 0 0 0 0 0 0 0 0 0 0 0 0 0 0 0 0 0 0 0 0 0 0 0 0 0 0 0 0 0 0 0 0 0 0 0 0 0 0 0 0 0 0 0 0 0 0 0 0 0 0 0 0 0 0
0 0 0 0 0 0 0 0 0 0 0 0 0 0 0 0 0 0 8.52215e-07 0.000897482 0.00150948 1.25909e-05 0 0 0 0 0 0 0 0 0 0 0 0 0 0 0 0 0 0 0 0 0 0 0 0 0 0 0 0 0 0 0 0 0 0 0 0 0 0 0 0 0 0 0 0 0 0 0 0 0 0 0 0 0 0 0
