Outputs/initial_cond/v_ev.asc
ncols 286
nrows 263
xllcorner 528670
yllcorner 5.07684e+06
cellsize 35
NODATA_value -9999
[rows 136 to 169 of 263, columns 77 to 153 of 286]
0 0 0 0 0 0 0 0 0 0 0 0 0 0 0 0 0 0 0 0 0 0 0 0 0 0 0 0 0 0 0 0 0 0 0 0 0 0 0 -0.00202341 -0.00164989 -0.00064449 -0.000971753 -0.00134967 -0.00185782 -0.00272121 -0.00232596 -0.00217678 -0.00225911 -0.00240506 0.00102957 0.00140289 0.00126369 0.00112071 0.000878146 0.0005143 0.000509469 0.00041041 0.000439424 0.00047828 0.000503925 0.000575226 0.000744291 0.000974838 0.000586066 0.000610859 0.000689759 0.000682858 -0.000384676 -0.000413126 -0.00040321 0.000221811 0.000256109 0.0013278 0.000739507 0.000550777 0.000884081
0 0 0 0 0 0 0 0 0 0 0 0 0 0 0 0 0 0 0 0 0 0 0 0 0 0 0 0 0 0 0 0 0 0 0 0 0 0 0 0 -0.00195739 -0.000794339 -0.000895757 -0.00127841 -0.00183359 -0.00278499 -0.00198073 -0.00188219 -0.00193294 -0.00218121 0.000880771 0.00196521 0.00138831 0.00120224 0.00105248 0.000963864 0.000984663 0.000962856 0.000989703 0.000958554 0.000856877 0.000646715 0.00169307 0.00141721 0.0010817 0.00107679 0.00106042 0.000946517 0.000557532 0.00056956 0.000633017 0.000698457 0.000445355 0.0019992 0.000873496 0.000605001 0.00507022
0 0 0 0 0 0 0 0 0 0 0 0 0 0 0 0 0 0 0 0 0 0 0 0 0 0 0 0 0 0 0 0 0 0 0 0 0 0 0 0 -0.00142362 -0.00101168 -0.000598584 -0.00115199 -0.00175839 -0.00277189 -0.00129026 -0.00164899 -0.00193742 -0.00206029 -0.00240998 0.0962524 0.00160632 0.00144061 0.00134381 0.0012997 0.0013042 0.00131128 0.00134568 0.00135982 0.00143264 0.00157829 0.00178039 0.00158413 0.00139976 0.001333 0.00125564 0.00113263 0.00103011 0.00104362 0.00105786 0.000844655 0.000520809 0.00251669 0.000784127 0.00497208 0.00365138
0 0 0 0 0 0 0 0 0 0 0 0 0 0 0 0 0 0 0 0 0 0 0 0 0 0 0 0 0 0 0 0 0 0 0 0 0 0 0 0 0 -0.00103923 -0.000627586 -0.00109261 -0.00166372 -0.00176219 -0.00162432 -0.00164349 -0.00141512 -0.00149797 -0.00234313 0.00196538 0.001957 0.00176034 0.00170799 0.00167183 0.00166009 0.00166125 0.00173383 0.00182892 0.00191277 0.00183421 0.00180346 0.00170768 0.00165344 0.00159446 0.00150634 0.00143262 0.00143239 0.00155833 0.00161571 0.00163771 0.00223933 0.00326339 0.00397804 0.00422397 0.00259854
0 0 0 0 0 0 0 0 0 0 0 0 0 0 0 0 0 0 0 0 0 0 0 0 0 0 0 0 0 0 0 0 0 0 0 0 0 0 0 0 0 0 -0.000718505 -0.00102774 -0.00157418 -0.00158339 -0.0015803 -0.00175324 -0.00193135 -0.00208886 -0.00220678 -0.00210687 0.148587 0.00211454 0.00207057 0.00202662 0.00204651 0.00203747 0.00194096 0.00202179 0.00222651 0.00222406 0.00210014 0.00202315 0.00199586 0.00190365 0.00182587 0.00172568 0.00172995 0.0017876 0.00167897 0.00127155 0.00220184 0.00579876 0.00384049 0.0028523 0.00221309
0 0 0 0 0 0 0 0 0 0 0 0 0 0 0 0 0 0 0 0 0 0 0 0 0 0 0 0 0 0 0 0 0 0 0 0 0 0 0 0 0 0 -0.000549963 -0.000914133 -0.0014078 -0.00133946 -0.00137714 -0.00148733 -0.00179056 -0.00197678 -0.00192088 -0.00201432 0.00507919 0.00274316 0.00246344 0.0023998 0.00244239 0.00246925 0.00233108 0.00188728 0.00218028 0.00240846 0.00240097 0.00239958 0.00236605 0.00222398 0.00213914 0.00202661 0.00197858 0.00196802 0.00180344 0.00157282 0.00164399 0.00718032 0.00330153 0.00277592 0.00191969
0 0 0 0 0 0 0 0 0 0 0 0 0 0 0 0 0 0 0 0 0 0 0 0 0 0 0 0 0 0 0 0 0 0 0 0 0 0 0 0 0 0 0 -0.000813635 -0.0011474 -0.00115603 -0.00122846 -0.00137012 -0.00159604 -0.00173339 -0.00187944 -0.001912 -0.00188727 0.0967986 0.0028713 0.00278992 0.00271294 0.00275683 0.00271596 0.00261105 0.00266511 0.0027252 0.00273757 0.00276713 0.00269018 0.00254491 0.00246846 0.00237382 0.00243209 0.00271707 0.00302248 0.00365948 0.00483253 0.00602506 0.00342036 0.00274449 0.00193556
0 0 0 0 0 0 0 0 0 0 0 0 0 0 0 0 0 0 0 0 0 0 0 0 0 0 0 0 0 0 0 0 0 0 0 0 0 0 0 0 0 0 0 -0.000705386 -0.000908886 -0.000954867 -0.00108689 -0.00124109 -0.00139156 -0.00148913 -0.00151077 -0.00143673 -0.00161126 0.000948624 0.00369806 0.00304286 0.00287587 0.00292095 0.00292475 0.00296168 0.00300287 0.0032188 0.00315395 0.0030426 0.00293171 0.00285989 0.00285483 0.00287616 0.00310828 0.00378685 0.00421186 0.00440627 0.00450773 0.00448368 0.00294081 0.00228512 0.00192161
0 0 0 0 0 0 0 0 0 0 0 0 0 0 0 0 0 0 0 0 0 0 0 0 0 0 0 0 0 0 0 0 0 0 0 0 0 0 0 0 0 0 0 -0.00050918 -0.00065695 -0.000708697 -0.000889244 -0.00108424 -0.00122199 -0.00125412 -0.00121151 -0.00134166 -0.00141822 -0.00141385 0.156934 0.00324857 0.00335559 0.00335127 0.00323726 0.00324191 0.00327819 0.00344785 0.00347758 0.00324532 0.00322585 0.00327739 0.00327582 0.00357002 0.00401107 0.00502323 0.00477773 0.00426688 0.00315166 0.00340394 0.0026618 0.00217759 0.00204478
0 0 0 0 0 0 0 0 0 0 0 0 0 0 0 0 0 0 0 0 0 0 0 0 0 0 0 0 0 0 0 0 0 0 0 0 0 0 0 0 0 0 0 0 -0.000330255 -0.000386061 -0.000824349 -0.00086646 -0.000877301 -0.000897929 -0.00101806 -0.00103672 -0.00109159 -0.00121141 0.141752 0.00371587 0.00378293 0.00377309 0.00361724 0.00357803 0.00366329 0.00388341 0.00384922 0.00355336 0.00365624 0.00381004 0.00405964 0.00444938 0.0049098 0.00527451 0.00444511 0.0042897 0.00370386 0.00313546 0.00274621 0.0029373 0.00357937
0 0 0 0 0 0 0 0 0 0 0 0 0 0 0 0 0 0 0 0 0 0 0 0 0 0 0 0 0 0 0 0 0 0 0 0 0 0 0 0 0 0 0 0 0.000268584 0.000337772 -0.000579786 -0.000278414 -0.000375284 -0.00042183 -0.000701799 -0.000844192 -0.000989456 -0.00102338 -0.00107654 0.139498 0.00403169 0.00405234 0.00386364 0.00386347 0.0040936 0.00431021 0.00420593 0.00403543 0.00431902 0.00461177 0.00503162 0.0054593 0.00550815 0.00432748 0.00350422 0.00375684 0.00376855 0.00323872 0.00287207 0.00275693 0.00252381
0 0 0 0 0 0 0 0 0 0 0 0 0 0 0 0 0 0 0 0 0 0 0 0 0 0 0 0 0 0 0 0 0 0 0 0 0 0 0 0 0 0 0 0 0.000532633 0.000767767 0.000796506 0.000299505 0.000374125 0.000366541 -0.000407667 -0.000521555 -0.000811966 -0.000733837 -0.00068091 -0.000525303 0.154234 0.00418556 0.00392169 0.0041431 0.00459035 0.00473943 0.00468065 0.00492501 0.00589777 0.00694983 0.00852057 0.00882389 -0.00182276 -0.00227243 -0.00276075 -0.00294059 0.00290094 0.00291534 0.00247226 0.00186069 0.00627332
0 0 0 0 0 0 0 0 0 0 0 0 0 0 0 0 0 0 0 0 0 0 0 0 0 0 0 0 0 0 0 0 0 0 0 0 0 0 0 0 0 0 0 0 0.000657091 0.00101442 0.00100663 0.00106837 0.00101298 0.000962908 0.000729456 0.000522749 -0.000586499 0.000400239 0.000393015 0.00051971 0.171004 0.00403432 0.00416427 0.00458657 0.00515764 0.00524815 0.00545991 0.00611781 0.0073652 0.00869247 0.00945216 -0.000438726 -0.000444716 -0.000446565 -0.000421151 -0.000460179 -0.000689291 -0.00079821 0.00172776 0.00127832 0.00803495
0 0 0 0 0 0 0 0 0 0 0 0 0 0 0 0 0 0 0 0 0 0 0 0 0 0 0 0 0 0 0 0 0 0 0 0 0 0 0 0 0 0 0 0.00044464 0.000825642 0.00120626 0.00136922 0.00135982 0.00140645 0.00137692 0.00126188 0.00115756 0.000884472 0.000995869 0.00100778 0.0010285 0.170305 0.00447951 0.00468717 0.00525985 0.00575649 0.00588358 0.00627174 0.00702704 0.00787735 0.00846566 0.00666119 0.000463379 0.000505317 0.000448704 0.000466838 0.000518146 0.000649534 0.000771813 0.00136965 0.00153275 0.00927714
0 0 0 0 0 0 0 0 0 0 0 0 0 0 0 0 0 0 0 0 0 0 0 0 0 0 0 0 0 0 0 0 0 0 0 0 0 0 0 0 0 0 0.000396599 0.000578613 0.00100893 0.00135953 0.0016321 0.00163395 0.00174216 0.00170506 0.0016641 0.00159431 0.00145282 0.00142005 0.00135844 0.00145551 0.166368 0.00497077 0.00533273 0.00597141 0.00642764 0.00653631 0.00693388 0.00761519 0.00808145 0.00745724 0.00430142 0.00139684 0.00137468 0.0015053 -0.000422916 -0.000803729 0.00088826 0.00100013 0.00106335 0.00158301 0.0101674
0 0 0 0 0 0 0 0 0 0 0 0 0 0 0 0 0 0 0 0 0 0 0 0 0 0 0 0 0 0 0 0 0 0 0 0 0 0 0 0.000504481 0.00100825 0.00039411 0.000618228 0.000720729 0.000993187 0.00150252 0.00185514 0.00189614 0.00200854 0.00201937 0.00202636 0.00207 0.00195451 0.00180165 0.00174032 0.100036 0.140093 0.00546436 0.00601717 0.00676206 0.00696041 0.00719396 0.00743823 0.00792951 0.00820536 0.00574873 -0.00176555 0.00143774 0.00159836 0.00149178 0.000889512 0.000697427 -0.000396939 0.000691204 0.00112846 0.00172011 0.0102569
0 0 0 0 0 0 0 0 0 0 0 0 0 0 0 0 0 0 0 0 0 0 0 0 0 0 0 0 0 0 0 0 0 0.000474494 0.00116144 0.000744587 0.00073234 0.000564583 0.000352968 0.000740412 0.00114987 0.00112024 0.00100653 0.00108974 0.0012116 0.00149127 0.00195705 0.00221804 0.00225914 0.0022455 0.00223575 0.00217282 0.00222197 0.00220108 0.00216983 0.131005 0.112869 0.00601237 0.00659007 0.00729681 0.00750738 0.007436 0.00780185 0.00859982 0.00787393 -0.00145965 -0.00236399 0.00162646 0.00152444 0.00124229 0.00101782 0.000915677 0.000421107 0.000640729 0.00116932 0.0124793 -0.000677138
0 0 0 0 0 0 0 0 0 0 0 0 0 0 0 0 0 0 0 0 0 0 0 0 0 0 0 0 0 0 0.00100358 0.000563418 0.000278981 0.000677719 0.00178143 0.000754097 0.00151308 0.000763019 0.000446073 0.000911835 0.00124911 0.00138604 0.0013755 0.00139487 0.00149462 0.00164823 0.0017185 0.00232215 0.00260545 0.00255827 0.00245634 0.002343 0.00246914 0.0025621 0.00259949 0.153712 0.0831429 0.00657647 0.00729102 0.00765918 0.00729576 0.00753758 0.00802709 0.00836554 0.00591598 0.0016529 0.00194097 -0.000370427 -0.000733726 -0.000731947 -0.000459188 0.000968691 0.000499916 0.000805357 0.00130311 0.0123005 -0.000427358
0 0 0 0 0 0 0 0 0 0 0 0 0 0 0 0 0 0 0 0 0 0 0 0 0 0 0 0 0 0.00140214 0.00102291 0.000570218 0.000681209 0.000928113 0.00262161 0.00111048 0.00164776 0.000884596 0.000500784 0.00101817 0.00137159 0.00155323 0.0016397 0.00166932 0.00169266 0.00189898 0.00211242 0.00246123 0.00276617 0.00281401 0.00268819 0.00252154 0.00258257 0.00284413 0.0030479 0.15843 0.0585034 0.00746576 0.00804131 0.00774622 0.00732291 0.00770422 0.0082613 0.0073483 0.00447941 0.00199393 0.00178508 0.000642662 -0.000299379 -0.000355667 0.0007198 0.00104886 0.000535892 0.000912046 0.0103608 0.00861384 0.000615207
0 0 0 0 0 0 0 0 0 0 0 0 0 0 0 0 0 0 0 0 0 0 0 0 0 0 0 0 0.00173224 0.00145056 0.00102436 0.000559656 0.000848098 0.00112983 0.00332311 0.00159264 0.0016748 0.000976392 0.000553335 0.00107194 0.00145071 0.00170003 0.00184598 0.0019267 0.00194391 0.00210829 0.00240463 0.0026523 0.00281669 0.00293391 0.00291689 0.00281215 0.00247727 0.00247883 0.0038951 0.164426 0.0443469 0.00817979 0.00799095 0.0076483 0.0077445 0.00847412 0.00708356 0.00598409 0.00365202 0.00200009 0.00168871 0.000813776 0.000331347 0.000431023 0.000705424 0.00170766 0.000607262 0.00101858 0.0111196 0.00616609 0.00108225
0 0 0 0 0 0 0 0 0 0 0 0 0 0 0 0 0 0 0 0 0 0 0 0 0 0 0 0 0.00251782 0.00147736 0.00105756 0.000564285 0.00095288 0.00131548 0.00391852 0.0012813 0.002347 0.000848926 0.000926015 0.00120885 0.00150105 0.00183245 0.00203153 0.00219483 0.00222836 0.00235607 0.00255458 0.00274955 0.00299835 0.00310842 0.00297211 0.00301244 0.00287797 0.00243882 0.0831427 0.141698 0.0346239 0.00874638 0.00820088 0.00743163 0.00725203 0.00789444 0.00706129 0.00504231 0.00311801 0.00200988 0.00156822 0.00100077 0.000707142 0.000464993 0.000828737 0.00223364 0.000799385 0.0103998 0.00954688 0.00515639 0.00140343
0 0 0 0 0 0 0 0 0 0 0 0 0 0 0 0 0 0 0 0 0 0 0 0 0 0 0 0.00245142 0.00237464 0.00149483 0.00109513 0.00055335 0.00100217 0.00351923 0.00330682 0.000994688 0.00290839 0.000766473 0.00110171 0.00141069 0.00159683 0.00194119 0.00216998 0.00237996 0.00246866 0.00253041 0.00266238 0.00287398 0.00321386 0.003464 0.00315477 0.00288891 0.00305201 0.00282883 -0.00169143 0.161143 0.0263371 0.00869198 0.0076059 0.0065995 0.00489497 0.0102091 0.00567278 0.00443014 0.00294392 0.00205878 0.00159779 0.00115222 0.000797768 0.000456473 0.000892359 0.00206414 0.00948169 0.00944138 0.0077433 0.00408215 0.00145231
0 0 0 0 0 0 0 0 0 0 0 0 0 0 0 0 0 0 0 0 0 0 0 0 0 0 0 0.00344172 0.00227239 0.00150612 0.00114828 0.000547641 0.00102504 0.00458532 0.00280249 0.000794527 0.00332773 0.000733619 0.0011804 0.00158889 0.00174959 0.0020589 0.00226418 0.00243428 0.00258371 0.00257734 0.00262005 0.00296587 0.00341409 0.00524301 0.00230717 0.00265682 0.00277439 0.00312732 0.0019335 0.138438 0.0285 0.023776 0.0303369 0.0392216 -0.00023668 -0.000191313 0.0627782 0.105931 -0.061906 -0.113538 0.000943367 0.00115565 0.000843982 0.000468118 0.000952584 0.144966 -0.00122228 -0.000889646 -0.000604898 -0.00708303 -0.00786185
0 0 0 0 0 0 0 0 0 0 0 0 0 0 0 0 0 0 0 0 0 0 0 0 0 0 0 0.00415495 0.00219167 0.00154999 0.00123307 0.000576132 0.00106804 0.00535074 0.00236636 0.000679179 0.00275873 0.00220203 0.00195057 0.00197911 0.00208777 0.00226525 0.00238354 0.0024811 0.00264792 0.00270163 0.00259559 0.00279653 0.0033496 0.00664968 0.00245 0.00188132 0.00240796 0.00283318 0.00275797 0.115733 0.0903007 -0.00880453 -0.0095207 0.0238064 0.000371905 0.000298367 0.0541712 0.126065 -0.00052464 -0.00068757 -0.000533164 -0.154246 0.000875488 0.000493255 0.00111224 0.000495026 -0.00180529 -0.00080883 -0.000662663 -0.000913958 -0.00135016
0 0 0 0 0 0 0 0 0 0 0 0 0 0 0 0 0 0 0 0 0 0 0 0 0 0 0 0.00471376 0.00216292 0.00159912 0.00135803 0.00092232 0.000927466 0.00598897 0.00177343 0.00129185 0.00235772 0.00256229 0.00254169 0.00242512 0.00250654 0.00259805 0.00253523 0.00255979 0.00269349 0.00297309 0.0029455 0.00281753 0.00319018 0.00565337 0.00624695 0.00154671 0.00204239 0.00242162 0.00285255 0.0951055 0.00268924 -0.00477995 0.0111397 0.0204221 0.0004659 0.000658786 0.117389 0.0872515 0.000465 -0.000366439 -0.000549877 -0.0010015 -0.00175407 -0.00579497 -0.00388043 -0.00331433 -0.00201041 -0.000548178 -0.000697663 -0.000660705 -0.00111623
0 0 0 0 0 0 0 0 0 0 0 0 0 0 0 0 0 0 0 0 0 0 0 0 0 0 0 0.00502217 0.00239528 0.00193568 0.00208861 0.0023801 0.00349197 0.00512251 0.00129129 0.00140289 0.00210402 0.00246288 0.00275444 0.00276301 0.00282415 0.00397088 0.00182826 0.0023839 0.00266255 0.00298913 0.00325112 0.00315781 0.00322084 0.0048438 0.00821156 0.0017215 0.00147416 0.00225496 0.00271534 0.146985 0.0933513 0.00711549 0.0126887 0.0145532 0.00800358 0.145558 -0.00445682 -0.0033822 0.000617205 0.000427484 0.000349301 -0.00109256 -0.00190154 -0.00467892 -0.00388666 -0.00394266 -0.00215791 0.000447601 -0.00030848 -0.00059443 -0.000859591
0 0 0 0 0 0 0 0 0 0 0 0 0 0 0 0 0 0 0 0 0 0 0 0 0 0 0 0.00372378 0.0039322 0.00432198 0.00290359 0.00363894 0.00431923 0.00405954 0.000937934 0.00133233 0.00189509 0.00231582 0.00270262 0.00309078 0.00320283 0.00407299 0.00272822 0.00273104 0.00280825 0.00291683 0.00335377 0.00348245 0.0034712 0.00438168 0.00957511 0.00177974 0.00112814 0.00204032 0.00265982 0.16736 0.0816719 0.00795035 0.00868928 0.0122652 0.126212 -0.00584609 -0.00527225 -0.00430264 -0.0020547 0.000905313 0.000824862 0.000796635 -0.00249168 -0.00274733 -0.00298639 -0.00379108 -0.00397733 0.000713621 0.000565278 0.000555901 0.000521333
0 0 0 0 0 0 0 0 0 0 0 0 0 0 0 0 0 0 0 0 0 0 0 0 0 0 0 0.00249519 0.0035896 0.00466378 0.00388154 0.00631555 0.0042172 0.00317981 0.000728079 0.00125915 0.00179094 0.00222592 0.00264554 0.00326838 0.00388033 0.00518786 0.00179433 0.00247769 0.00291161 0.00302925 0.00328712 0.00366595 0.00367717 0.00416948 0.00779703 0.0077613 0.000875572 0.00176438 0.0023359 0.155546 0.0696831 0.0764069 0.108889 -0.00392453 -0.00603725 -0.0060998 -0.00585404 -0.00515436 -0.00329786 0.00148621 0.00162762 0.00185823 -0.00222933 -0.00230118 -0.00214518 -0.00211631 -0.00225708 -0.00215405 -0.00182542 -0.00154486 -0.00125126
0 0 0 0 0 0 0 0 0 0 0 0 0 0 0 0 0 0 0 0 0 0 0 0 0 0 0 0.00202052 0.00323123 0.00441961 0.00452928 0.00833121 0.00377451 0.00252894 0.000618348 0.00115034 0.0016119 0.00216422 0.00261465 0.00319423 0.00632849 0.00409952 0.00124172 0.00204875 0.00279707 0.00308923 0.0032556 0.00359891 0.00385553 0.00411244 0.00654501 0.00784919 0.00506201 0.00366508 0.00764829 -0.00544581 -0.00571421 -0.00611379 -0.0061086 -0.00603402 -0.00582345 -0.00579948 -0.00593763 -0.00579936 -0.00357253 0.00206217 0.00244478 0.00155543 -0.00243979 -0.00223152 -0.00188688 -0.00156245 -0.00170914 -0.001776 -0.00180052 -0.0016622 -0.00139087
0 0 0 0 0 0 0 0 0 0 0 0 0 0 0 0 0 0 0 0 0 0 0 0 0 0 0.000426882 0.00168243 0.0028171 0.00400922 0.00463165 0.00969179 0.00302315 0.00190858 0.000545906 0.0010719 0.00136224 0.00185243 0.00244556 0.00305509 0.00773569 0.0034015 0.000959206 0.00178655 0.00245918 0.0030155 0.00324072 0.00351454 0.00397531 0.00426634 0.00572931 0.00705459 0.209333 -0.00397539 -0.00512177 -0.00496814 -0.00520273 -0.0056899 -0.00574003 -0.00536122 -0.00497546 -0.00486533 -0.0047661 -0.00455428 -0.00416647 -0.00397646 -0.00237684 0.00142181 -0.00269909 -0.00216244 -0.00185372 -0.00107845 -0.00120095 -0.00131157 -0.00138487 -0.00145232 -0.00135561
0 0 0 0 0 0 0 0 0 0 0 0 0 0 0 0 0 0 0 0 0 0 0 0 0.00100408 0.000568839 0.000457206 0.00141665 0.00233488 0.00341295 0.00450436 0.0103691 0.00246615 0.00151363 0.000527798 0.00107414 0.00130082 0.00130458 0.00186498 0.00280142 0.00866136 0.00281258 0.000772975 0.00158243 0.00221729 0.0028169 0.00320624 0.00354538 0.0039666 0.0041285 0.0050005 0.1949 -0.00339156 -0.00400461 -0.00466375 -0.00523128 -0.00503536 -0.00516987 -0.0050623 -0.00457497 -0.00479397 -0.00474963 -0.00459718 -0.00410621 -0.00392148 -0.00353314 -0.0032799 -0.00352187 -0.00262505 -0.00242712 -0.0019759 -0.000476026 -0.000551305 -0.000656595 -0.0007839 -0.00104023 -0.000981169
0 0 0 0 0 0 0 0 0 0 0 0 0 0 0 0 0 0 0 0 0 0 0.00124058 0.000971596 0.0011031 0.000759139 0.000466107 0.00122227 0.00198319 0.00289986 0.00949753 0.00738346 0.00197947 0.00106467 0.000971568 0.00136628 0.00142756 0.00148601 -0.000919396 0.00217686 0.00691986 0.00744084 0.000691371 0.00144833 0.00203189 0.00249897 0.00292394 0.00332106 0.00376788 0.00399212 0.208466 -0.00262566 -0.00301563 -0.0033894 -0.00384475 -0.00464171 -0.00495028 -0.00497236 -0.00509796 -0.00516622 -0.00470344 -0.00456911 -0.00432492 -0.00437061 -0.00433082 -0.00354538 -0.00230561 -0.00349248 -0.00322489 -0.00329355 -0.00315604 0.000445149 0.000475234 0.000540996 0.00067179 -0.000624712 -0.000454802
0 0 0 0 0 0 0 0 0 0 0 0 0 0 0 0.00114626 0.000741226 0.000669441 0.000661393 0.000609435 0.000467406 0.000243692 -0.00016974 0.00215173 0.00110757 0.000842844 0.000463114 0.0010664 0.00168288 0.00250659 0.0112987 0.00641784 0.00173936 0.000833079 0.00103768 0.00149894 0.00170009 0.00176798 0.00109111 0.00210137 0.00488453 0.00943926 0.00070739 0.00139363 0.00190666 0.00235153 0.00261685 0.00272265 0.00345161 0.00408216 0.184487 -0.00257188 -0.00256456 -0.00267541 -0.00309086 -0.00384541 -0.00445108 -0.00463842 -0.00480499 -0.00497893 -0.00511372 -0.00453238 -0.00444086 -0.00446099 -0.00456986 -0.0042368 0.00109542 -0.00238639 -0.00267462 -0.00244494 -0.00226242 -0.00205161 -0.00133022 0.000891416 -0.000570925 -0.000441092 0.000507973
0 0 0 0 0 0 0 0 0 0 0 0 0.00124774 0.00108102 0.0011999 0.00136267 0.00111798 0.00104338 0.000966175 0.000867644 0.000714057 0.000453336 0.000430165 -0.000304336 1.7462e-05 0.000753289 0.00042558 0.000923718 0.00129181 0.00166326 0.0121826 0.00520728 0.00167395 0.00109981 0.000719479 0.00137504 0.00183956 0.00197128 0.00169473 0.0020722 0.00399471 0.00682476 0.00644428 0.00611005 0.00148783 0.00227512 0.00272915 0.00294396 0.00331148 0.179791 -0.00383774 -0.0026245 -0.00222835 -0.00191509 -0.00222632 -0.00294099 -0.00378761 -0.00403471 -0.0042185 -0.0044359 -0.0046639 -0.00475618 -0.00454216 -0.00386903 -0.00372184 -0.0035441 -0.00291954 -0.00316585 -0.0028155 -0.00225284 -0.00182447 -0.0012801 -0.00149654 -0.0016168 0.00051486 0.000683449 0.000851018
