Inputs/input_smartsed/clay.asc
ncols        29
nrows        29
xllcorner    970495.153799999971
yllcorner    4512559.202700000256
dx           249.310344827586
dy           260.344827586207
 303 308 308 310 307 291 274 281 245 286 283 283 256 239 234 240 248 268 273 285 292 285 289 296 274 282 295 301 291
 314 313 315 326 295 279 280 283 261 254 305 306 233 239 234 240 237 247 260 268 298 288 288 291 279 279 281 279 293
 270 314 308 318 293 290 289 275 275 272 281 288 244 234 234 237 237 247 248 240 286 288 288 288 286 274 282 290 297
 270 306 324 324 295 289 289 260 273 238 276 302 222 225 225 228 239 251 248 240 287 287 288 284 282 292 276 300 298
 253 306 324 324 318 292 292 255 249 269 284 279 309 237 222 225 240 234 238 252 257 287 288 286 286 307 308 298 298
 260 306 317 318 318 292 296 266 270 239 233 233 230 257 262 267 269 243 251 262 262 278 288 286 274 307 307 294 294
 280 298 320 320 298 292 296 266 303 303 245 241 248 282 277 298 305 270 270 270 268 278 302 306 274 307 299 297 301
 277 277 293 297 287 288 292 280 303 303 239 246 245 256 298 290 290 298 280 270 269 300 301 310 310 285 299 297 301
 264 281 296 289 289 296 293 283 283 306 239 246 283 268 274 279 272 269 294 303 312 307 290 305 304 284 306 308 310
 288 286 294 287 284 270 266 260 282 291 255 270 283 268 266 280 273 275 310 307 316 308 308 298 313 294 311 313 321
 288 274 306 284 266 266 265 294 306 303 277 268 271 271 266 269 273 273 306 317 317 314 306 305 315 294 312 320 320
 284 290 289 289 285 277 269 293 293 292 279 279 272 273 261 274 265 273 306 291 308 315 320 307 308 309 302 284 286
 284 290 286 293 286 294 287 247 268 268 275 279 275 287 270 284 290 284 284 291 308 307 320 300 294 294 301 288 292
 288 288 286 293 286 285 284 251 251 277 264 280 276 267 264 279 289 289 299 306 312 307 320 317 303 297 295 284 295
 285 289 304 300 312 285 284 313 266 265 267 290 273 279 287 287 286 281 276 313 313 317 317 317 303 287 0 290 294
 293 310 298 297 294 310 310 313 266 256 261 304 305 305 290 289 280 278 288 305 298 298 308 304 304 287 0 290 285
 285 313 306 296 296 304 300 293 265 256 264 251 296 294 0 0 0 0 305 278 275 302 293 295 352 351 0 306 285
 283 290 309 302 305 305 308 265 248 262 265 251 296 304 0 290 0 316 316 298 278 297 281 299 349 305 0 0 284
 294 294 314 304 287 286 299 270 266 279 279 281 284 304 0 290 0 310 308 297 0 0 0 0 0 0 0 0 271
 312 290 294 301 268 284 305 310 310 295 294 264 260 290 308 0 0 310 306 296 0 0 0 0 0 0 0 0 0
 312 288 290 284 283 299 299 287 291 320 304 291 286 306 306 0 0 309 306 296 0 0 0 0 0 0 0 0 0
 310 288 290 284 292 278 280 286 279 275 305 282 298 298 314 312 0 0 291 0 0 0 0 0 0 0 0 0 0
 304 315 304 295 292 278 279 259 273 273 270 272 272 285 0 283 301 0 0 0 0 0 0 0 0 0 0 0 0
 304 310 299 299 299 289 279 259 273 271 271 284 288 271 287 285 0 0 0 0 0 0 0 0 0 0 0 0 0
 301 301 303 305 303 291 272 270 273 271 0 276 282 0 289 0 0 0 0 0 0 0 0 0 0 0 0 0 0
 235 240 248 252 248 253 280 273 281 0 0 276 0 0 0 0 0 0 0 0 0 0 0 0 0 0 0 0 0
 250 241 260 247 249 241 268 268 282 276 275 0 0 0 0 0 0 0 0 0 0 0 0 0 0 0 0 0 0
 258 256 265 259 258 258 239 270 279 0 0 0 0 0 0 0 0 0 0 0 0 0 0 0 0 0 0 0 0
 0 0 274 274 267 264 250 0 0 0 0 0 0 0 0 0 0 0 0 0 0 0 0 0 0 0 0 0 0
