Inputs/input_smartsed/sand.asc
ncols        29
nrows        29
xllcorner    970495.153799999971
yllcorner    4512559.202700000256
dx           249.310344827586
dy           260.344827586207
 323 325 325 322 323 316 326 329 324 299 305 305 333 353 350 354 354 358 354 349 344 346 355 364 327 330 323 324 347
 324 330 325 322 315 314 321 345 328 332 303 306 351 353 350 354 356 345 358 343 333 350 360 361 324 324 323 323 348
 334 327 322 327 314 317 322 350 350 354 330 329 353 355 348 356 356 345 342 342 347 362 373 373 371 333 326 317 317
 334 326 316 318 313 318 318 348 350 344 317 314 349 348 348 346 344 339 342 342 351 351 357 371 371 329 330 322 317
 339 326 316 318 312 314 317 344 342 328 324 327 306 350 345 345 346 351 350 335 335 351 329 326 324 325 327 303 303
 340 329 307 312 312 314 320 329 322 360 373 373 355 329 335 339 332 338 334 333 333 348 329 326 340 327 327 329 321
 324 295 286 286 304 316 320 329 315 315 360 353 350 322 335 328 330 341 341 338 359 355 330 319 340 327 329 329 318
 331 331 312 303 312 334 326 315 315 315 350 346 360 355 329 333 333 332 352 343 351 355 327 315 315 341 329 329 318
 330 326 308 313 310 320 321 315 315 312 350 346 327 337 342 345 349 360 355 339 339 350 328 325 321 329 315 314 307
 317 319 315 317 317 320 340 326 314 323 329 327 327 337 343 342 355 369 352 335 327 338 338 323 313 328 311 303 300
 319 328 302 318 320 320 318 322 319 324 322 329 332 332 343 345 355 373 346 347 347 333 339 331 312 329 308 304 304
 317 326 321 321 318 317 316 324 324 325 323 323 330 348 347 347 369 373 346 343 339 347 344 322 327 327 327 350 348
 317 326 330 312 315 314 322 347 334 334 325 326 330 332 339 345 348 353 353 343 339 352 349 328 333 333 327 353 334
 323 323 330 312 315 314 318 346 346 324 322 328 334 338 348 344 350 350 348 338 338 352 349 354 322 326 338 347 333
 324 322 309 308 295 314 318 308 335 325 324 324 339 340 349 349 348 353 365 341 341 350 354 354 322 335 0 346 328
 316 302 304 299 303 299 299 308 335 343 330 332 330 330 344 350 344 363 358 345 341 341 346 345 325 335 0 346 343
 316 301 313 303 303 298 299 313 338 343 324 342 329 334 0 0 0 0 295 320 316 306 307 317 302 300 0 328 343
 307 311 299 301 311 308 312 332 334 331 335 342 329 328 0 343 0 287 287 310 322 308 319 325 314 331 0 0 343
 300 300 296 300 307 316 319 315 320 340 340 344 341 328 0 343 0 289 304 309 0 0 0 0 0 0 0 0 378
 314 302 302 308 310 323 327 333 333 338 348 364 357 345 334 0 0 289 299 309 0 0 0 0 0 0 0 0 0
 314 295 302 306 315 317 317 327 328 314 322 317 316 321 321 0 0 290 299 309 0 0 0 0 0 0 0 0 0
 299 295 302 306 309 321 322 321 343 348 337 332 309 309 317 318 0 0 318 0 0 0 0 0 0 0 0 0 0
 299 289 295 290 309 321 331 358 364 374 371 368 368 350 0 358 337 0 0 0 0 0 0 0 0 0 0 0 0
 296 292 296 296 298 310 331 358 383 382 382 384 381 387 380 365 0 0 0 0 0 0 0 0 0 0 0 0 0
 299 299 293 304 300 307 342 356 383 382 0 362 372 0 344 0 0 0 0 0 0 0 0 0 0 0 0 0 0
 363 353 331 334 355 352 369 375 376 0 0 362 0 0 0 0 0 0 0 0 0 0 0 0 0 0 0 0 0
 353 364 330 326 328 358 356 356 362 376 367 0 0 0 0 0 0 0 0 0 0 0 0 0 0 0 0 0 0
 358 355 331 327 332 332 348 343 370 0 0 0 0 0 0 0 0 0 0 0 0 0 0 0 0 0 0 0 0
 0 0 335 335 337 356 366 0 0 0 0 0 0 0 0 0 0 0 0 0 0 0 0 0 0 0 0 0 0
