Inputs/input_smartsed/silt.asc
ncols        29
nrows        29
xllcorner    970495.153799999971
yllcorner    4512559.202700000256
dx           249.310344827586
dy           260.344827586207
 373 368 368 368 370 393 399 390 432 415 412 412 412 408 416 406 397 374 373 366 364 368 355 340 399 388 381 375 362
 362 357 359 352 390 407 399 372 412 414 392 389 416 408 416 406 407 408 382 388 369 362 351 348 397 397 396 398 358
 395 358 370 355 392 393 389 375 375 374 389 383 403 411 418 407 407 408 409 418 367 349 339 339 344 394 392 393 386
 395 368 361 358 392 393 393 392 377 418 407 384 429 427 427 426 417 409 409 418 361 361 354 345 347 379 394 378 384
 408 368 361 358 370 394 392 401 408 403 392 394 385 413 433 430 415 414 411 413 408 361 383 388 390 368 365 400 400
 399 365 375 370 370 394 385 405 408 401 394 394 415 414 403 394 400 420 415 405 405 374 383 388 386 366 366 376 385
 396 407 394 394 398 392 385 405 381 381 395 406 402 397 388 375 366 389 389 391 373 367 367 375 386 366 372 374 381
 391 391 395 399 401 378 382 405 381 381 412 408 395 389 373 376 376 369 368 388 380 345 371 375 375 374 372 374 381
 406 393 396 398 401 385 386 402 402 381 412 408 391 395 383 375 379 372 351 359 349 343 382 370 375 387 379 378 383
 396 395 392 396 399 410 394 414 404 386 417 403 391 395 391 378 373 356 338 358 357 353 353 380 374 377 378 383 378
 394 398 392 399 414 414 417 384 375 373 401 403 396 396 391 386 373 354 348 336 336 353 355 363 373 376 380 377 377
 399 383 390 390 397 406 415 383 383 383 398 398 398 378 392 379 366 354 348 366 353 338 336 371 365 364 372 366 366
 399 383 383 395 399 392 391 407 398 398 401 395 395 381 391 371 362 364 364 366 353 341 331 373 372 372 372 359 374
 389 389 383 395 399 401 398 403 403 399 414 392 390 395 388 377 361 361 354 355 350 341 331 329 375 376 367 370 372
 390 389 386 392 393 401 398 380 399 409 409 386 388 381 364 364 366 366 359 346 345 333 329 329 375 378 0 364 377
 392 388 399 404 403 391 391 380 399 401 409 363 366 366 366 362 376 359 353 350 360 360 346 352 371 378 0 364 372
 398 385 381 401 401 398 401 394 397 401 412 407 375 372 0 0 0 0 400 402 408 392 400 388 346 349 0 366 372
 410 399 391 396 384 387 380 403 418 407 400 407 375 368 0 367 0 397 397 393 400 395 399 376 337 364 0 0 373
 406 406 391 396 406 398 382 415 414 381 381 375 375 368 0 367 0 402 388 394 0 0 0 0 0 0 0 0 351
 374 408 404 391 422 393 368 357 357 368 358 373 383 365 357 0 0 402 395 395 0 0 0 0 0 0 0 0 0
 374 416 408 410 402 384 384 386 381 366 374 392 398 373 373 0 0 401 395 395 0 0 0 0 0 0 0 0 0
 391 416 408 410 399 400 398 393 377 377 358 386 393 393 369 370 0 0 391 0 0 0 0 0 0 0 0 0 0
 398 396 400 415 399 400 390 383 363 353 360 359 359 364 0 359 362 0 0 0 0 0 0 0 0 0 0 0 0
 400 398 405 405 403 401 390 383 345 347 347 331 331 342 332 351 0 0 0 0 0 0 0 0 0 0 0 0 0
 401 401 404 391 397 403 386 374 345 347 0 361 346 0 367 0 0 0 0 0 0 0 0 0 0 0 0 0 0
 402 407 421 414 397 395 350 352 343 0 0 361 0 0 0 0 0 0 0 0 0 0 0 0 0 0 0 0 0
 398 394 409 427 423 401 376 376 356 348 358 0 0 0 0 0 0 0 0 0 0 0 0 0 0 0 0 0 0
 383 389 404 414 411 411 413 387 351 0 0 0 0 0 0 0 0 0 0 0 0 0 0 0 0 0 0 0 0
 0 0 391 391 397 380 384 0 0 0 0 0 0 0 0 0 0 0 0 0 0 0 0 0 0 0 0 0 0
