Inputs/ideal/clay.asc
ncols        100
nrows        92
xllcorner    528669.646615625010
yllcorner    5076826.926118221134
cellsize     100.000000000000
NODATA_value  -3.3999999999999999612e+38
[rows 51 to 67 of 92, columns 39 to 77 of 100]
0.19791057705879211426 0.20147638022899627686 0.20401096343994140625 0.20277601480484008789 0.19915547966957092285 0.19257837533950805664 0.18247658014297485352 0.17547203600406646729 0.17301723361015319824 0.17221370339393615723 0.17187841236591339111 0.17287170886993408203 0.1770953834056854248 0.18404522538185119629 0.19018422067165374756 0.19422793388366699219 0.19987650215625762939 0.20588980615139007568 0.21104957163333892822 0.21471495926380157471 0.21499677002429962158 0.21425205469131469727 0.21572276949882507324 0.21500401198863983154 0.21580067276954650879 0.21868221461772918701 0.21891202032566070557 0.21992237865924835205 0.22221583127975463867 0.22303877770900726318 0.22040249407291412354 0.21452103555202484131 0.20722466707229614258 0.1987952888011932373 0.19308574497699737549 0.19065426290035247803 0.1893571317195892334 0.19159498810768127441 0.1978559643030166626
0.20209227502346038818 0.20557554066181182861 0.20698848366737365723 0.20396271347999572754 0.19813366234302520752 0.19036443531513214111 0.18151131272315979004 0.17519280314445495605 0.1735515892505645752 0.17319595813751220703 0.17292113602161407471 0.17306339740753173828 0.17608155310153961182 0.18371492624282836914 0.18998436629772186279 0.19436997175216674805 0.19837434589862823486 0.20165008306503295898 0.20644997060298919678 0.209766387939453125 0.2108376920223236084 0.21342772245407104492 0.21428178250789642334 0.21447159349918365479 0.21584528684616088867 0.21989774703979492188 0.220811501145362854 0.22064153850078582764 0.22035965323448181152 0.21972677111625671387 0.21709866821765899658 0.21044220030307769775 0.20272268354892730713 0.19558444619178771973 0.19156026840209960938 0.18948669731616973877 0.18870446085929870605 0.19246383011341094971 0.19951966404914855957
0.20334567129611968994 0.20609316229820251465 0.20675154030323028564 0.20543149113655090332 0.19683679938316345215 0.18750080466270446777 0.17967209219932556152 0.17486600577831268311 0.17437766492366790771 0.17431753873825073242 0.17463900148868560791 0.17361488938331604004 0.17322845757007598877 0.18201392889022827148 0.18971045315265655518 0.19398763775825500488 0.19673393666744232178 0.19693586230278015137 0.20090684294700622559 0.20547667145729064941 0.20906433463096618652 0.21116782724857330322 0.21132063865661621094 0.21240128576755523682 0.214948311448097229 0.21934966742992401123 0.22242310643196105957 0.22222350537776947021 0.22031100094318389893 0.21750098466873168945 0.21279101073741912842 0.20708914101123809814 0.20048822462558746338 0.19330714643001556396 0.19098585844039916992 0.18979971110820770264 0.18949630856513977051 0.19189494848251342773 0.19925466179847717285
0.20234972238540649414 0.20376467704772949219 0.20359097421169281006 0.20070607960224151611 0.19338165223598480225 0.18594057857990264893 0.17980380356311798096 0.17618523538112640381 0.17543172836303710938 0.17505750060081481934 0.17428611218929290771 0.17391403019428253174 0.17495614290237426758 0.17764388024806976318 0.18362624943256378174 0.18808317184448242188 0.19025012850761413574 0.19307380914688110352 0.19742560386657714844 0.20103776454925537109 0.20423984527587890625 0.20593301951885223389 0.20800139009952545166 0.21091520786285400391 0.21400892734527587891 0.2174892127513885498 0.22115074098110198975 0.22188276052474975586 0.21933554112911224365 0.21529681980609893799 0.20982654392719268799 0.20501565933227539062 0.20164342224597930908 0.19710153341293334961 0.19318629801273345947 0.19185565412044525146 0.19087713956832885742 0.19266977906227111816 0.19673070311546325684
0.2014322131872177124 0.20084434747695922852 0.19974820315837860107 0.19677685201168060303 0.19031094014644622803 0.18364335596561431885 0.18010130524635314941 0.17715802788734436035 0.17674657702445983887 0.17595677077770233154 0.17439727485179901123 0.1731872856616973877 0.17317543923854827881 0.1751295924186706543 0.17874403297901153564 0.18317148089408874512 0.18814201653003692627 0.19243346154689788818 0.19640895724296569824 0.19946122169494628906 0.19969339668750762939 0.20065216720104217529 0.20355422794818878174 0.20802897214889526367 0.21328049898147583008 0.21647778153419494629 0.21965265274047851562 0.22152967751026153564 0.21931675076484680176 0.21293365955352783203 0.20680564641952514648 0.20334264636039733887 0.20205093920230865479 0.20061023533344268799 0.19619208574295043945 0.19330041110515594482 0.19218966364860534668 0.19332161545753479004 0.19553752243518829346
0.19958628714084625244 0.19692687690258026123 0.19496907293796539307 0.192708626389503479 0.18798698484897613525 0.18294785916805267334 0.18121643364429473877 0.17921158671379089355 0.17854948341846466064 0.17668613791465759277 0.1759745180606842041 0.17644478380680084229 0.17545302212238311768 0.17797167599201202393 0.1828873753547668457 0.18761457502841949463 0.19217643141746520996 0.19677872955799102783 0.2004442065954208374 0.20227424800395965576 0.20312556624412536621 0.20232523977756500244 0.20338985323905944824 0.20750997960567474365 0.21252821385860443115 0.21548292040824890137 0.21748222410678863525 0.21956215798854827881 0.21792601048946380615 0.21216090023517608643 0.20674252510070800781 0.2035297006368637085 0.20341138541698455811 0.20248264074325561523 0.19825874269008636475 0.19393582642078399658 0.19249230623245239258 0.19259616732597351074 0.19426421821117401123
0.19717040657997131348 0.1931724250316619873 0.19052131474018096924 0.18806740641593933105 0.1857757270336151123 0.1838404536247253418 0.18266177177429199219 0.18190066516399383545 0.18043443560600280762 0.17908108234405517578 0.17768682539463043213 0.17826978862285614014 0.18071624636650085449 0.18367208540439605713 0.1887083202600479126 0.19411930441856384277 0.19711589813232421875 0.20124512910842895508 0.20382517576217651367 0.20678083598613739014 0.20777601003646850586 0.2076285630464553833 0.20687295496463775635 0.20932111144065856934 0.2118787914514541626 0.21339438855648040771 0.21379588544368743896 0.21585869789123535156 0.21613299846649169922 0.21332016587257385254 0.20932082831859588623 0.20664429664611816406 0.20593845844268798828 0.20363828539848327637 0.19829335808753967285 0.19287741184234619141 0.19149233400821685791 0.19125869870185852051 0.19252851605415344238
0.19489195942878723145 0.19039857387542724609 0.18667228519916534424 0.18393523991107940674 0.18454894423484802246 0.18511530756950378418 0.18607337772846221924 0.18589502573013305664 0.18324030935764312744 0.18126542866230010986 0.17998211085796356201 0.18063183128833770752 0.18307925760746002197 0.18908558785915374756 0.19609504938125610352 0.19789351522922515869 0.20031982660293579102 0.20594523847103118896 0.20729847252368927002 0.2098357081413269043 0.21153078973293304443 0.2120447009801864624 0.21035340428352355957 0.21011133491992950439 0.21054901182651519775 0.21058866381645202637 0.20914657413959503174 0.21284839510917663574 0.21639472246170043945 0.21316280961036682129 0.21017050743103027344 0.20882399380207061768 0.2090393751859664917 0.20858679711818695068 0.19778756797313690186 0.18878169357776641846 0.18832866847515106201 0.18984448909759521484 0.18981018662452697754
0.19262896478176116943 0.19004426896572113037 0.18800312280654907227 0.18687580525875091553 0.18818165361881256104 0.18911159038543701172 0.18954521417617797852 0.18792364001274108887 0.18439263105392456055 0.18171329796314239502 0.18004716932773590088 0.18092735111713409424 0.18409053981304168701 0.18885344266891479492 0.19426576793193817139 0.19809474050998687744 0.20077982544898986816 0.20524477958679199219 0.20775310695171356201 0.20909217000007629395 0.2109622955322265625 0.21348471939563751221 0.21402595937252044678 0.21297858655452728271 0.21164759993553161621 0.20984351634979248047 0.20748786628246307373 0.20791698992252349854 0.20870141685009002686 0.2073398977518081665 0.20507270097732543945 0.20369678735733032227 0.20445325970649719238 0.20180270075798034668 0.19365462660789489746 0.18664653599262237549 0.18450820446014404297 0.18739174306392669678 0.18887384235858917236
0.19088597595691680908 0.19023907184600830078 0.19099253416061401367 0.19261926412582397461 0.1940768808126449585 0.19474881887435913086 0.1921510547399520874 0.18809573352336883545 0.18386076390743255615 0.1809794306755065918 0.17883200943470001221 0.17981342971324920654 0.18247680366039276123 0.18678750097751617432 0.19212922453880310059 0.19695083796977996826 0.20050096511840820312 0.20276862382888793945 0.20623829960823059082 0.20719464123249053955 0.20882093906402587891 0.21235474944114685059 0.21615423262119293213 0.21658742427825927734 0.21534585952758789062 0.21133926510810852051 0.20567159354686737061 0.20242410898208618164 0.20043803751468658447 0.19927783310413360596 0.1978110969066619873 0.19663248956203460693 0.19564974308013916016 0.1934521794319152832 0.18854187428951263428 0.18290942907333374023 0.1822983473539352417 0.18477119505405426025 0.18921236693859100342
0.19152945280075073242 0.19206430017948150635 0.19384992122650146484 0.19731548428535461426 0.19892349839210510254 0.19973319768905639648 0.19380901753902435303 0.18754194676876068115 0.18238669633865356445 0.17950227856636047363 0.17812691628932952881 0.17816075682640075684 0.17879159748554229736 0.1850480884313583374 0.19074532389640808105 0.19702009856700897217 0.20057374238967895508 0.20154029130935668945 0.20501783490180969238 0.20722278952598571777 0.20908145606517791748 0.21300734579563140869 0.21844296157360076904 0.21989527344703674316 0.21993361413478851318 0.21353501081466674805 0.20427335798740386963 0.1994565129280090332 0.19605828821659088135 0.19528435170650482178 0.19386585056781768799 0.1924457848072052002 0.19125077128410339355 0.18903258442878723145 0.1876506805419921875 0.18375572562217712402 0.18403790891170501709 0.1856142580509185791 0.19257722795009613037
0.19316944479942321777 0.19467657804489135742 0.196401253342628479 0.19898913800716400146 0.20042979717254638672 0.19940996170043945312 0.19354926049709320068 0.18667860329151153564 0.18172663450241088867 0.17952835559844970703 0.17822439968585968018 0.17737984657287597656 0.17749731242656707764 0.18361514806747436523 0.18960046768188476562 0.19586646556854248047 0.19972549378871917725 0.20288142561912536621 0.20645035803318023682 0.21038694679737091064 0.21374525129795074463 0.21854002773761749268 0.2235930711030960083 0.22449322044849395752 0.2221841663122177124 0.21581141650676727295 0.20736233890056610107 0.20182698965072631836 0.19954758882522583008 0.19863626360893249512 0.1969769597053527832 0.19399337470531463623 0.19286628067493438721 0.19211359322071075439 0.19245147705078125 0.19345861673355102539 0.19341504573822021484 0.19477578997611999512 0.19760440289974212646
0.1930612027645111084 0.19673532247543334961 0.19906575977802276611 0.2014080435037612915 0.20230488479137420654 0.20035463571548461914 0.19243000447750091553 0.18472123146057128906 0.18080611526966094971 0.179042816162109375 0.1783132702112197876 0.17683020234107971191 0.1756146550178527832 0.1792081296443939209 0.18543435633182525635 0.19298714399337768555 0.19975824654102325439 0.20382061600685119629 0.20736192166805267334 0.21226572990417480469 0.21915909647941589355 0.22541403770446777344 0.22825749218463897705 0.22888182103633880615 0.22607775032520294189 0.21835243701934814453 0.20864301919937133789 0.20439174771308898926 0.20297908782958984375 0.20288220047950744629 0.20115284621715545654 0.19623902440071105957 0.19521214067935943604 0.19690644741058349609 0.19962732493877410889 0.20138746500015258789 0.20071822404861450195 0.2017443925142288208 0.20360825955867767334
0.19302113354206085205 0.19697913527488708496 0.20021162927150726318 0.20258602499961853027 0.20312397181987762451 0.19969566166400909424 0.19118164479732513428 0.18334667384624481201 0.17941467463970184326 0.17805646359920501709 0.17755727469921112061 0.17672768235206604004 0.17579039931297302246 0.17687202990055084229 0.18082471191883087158 0.19080464541912078857 0.19896693527698516846 0.20420338213443756104 0.20915770530700683594 0.21531786024570465088 0.22315841913223266602 0.22822238504886627197 0.2299890369176864624 0.22942371666431427002 0.22596409916877746582 0.21830670535564422607 0.2101078331470489502 0.20651559531688690186 0.20489078760147094727 0.20349273085594177246 0.20195074379444122314 0.1988207399845123291 0.19852203130722045898 0.20133827626705169678 0.20411376655101776123 0.20423503220081329346 0.20405770838260650635 0.20476637780666351318 0.20565326511859893799
0.19285441935062408447 0.19675163924694061279 0.20015959441661834717 0.20254127681255340576 0.20262053608894348145 0.19884662330150604248 0.19051025807857513428 0.18217372894287109375 0.17805199325084686279 0.17681626975536346436 0.17657107114791870117 0.17720451951026916504 0.17776501178741455078 0.17843170464038848877 0.18070454895496368408 0.18693225085735321045 0.19403417408466339111 0.20005308091640472412 0.20851609110832214355 0.21885219216346740723 0.2256329953670501709 0.22826470434665679932 0.22921590507030487061 0.22757272422313690186 0.22340382635593414307 0.21698431670665740967 0.21115218102931976318 0.20768184959888458252 0.20553602278232574463 0.20230512320995330811 0.20036785304546356201 0.20103628933429718018 0.20310612022876739502 0.20516185462474822998 0.20457634329795837402 0.20428168773651123047 0.20304982364177703857 0.20371460914611816406 0.20496033132076263428
0.19248892366886138916 0.19741763174533843994 0.20084266364574432373 0.20221428573131561279 0.20173686742782592773 0.20012605190277099609 0.18904684484004974365 0.17977440357208251953 0.17698916792869567871 0.17584598064422607422 0.1760441511869430542 0.17787124216556549072 0.18024240434169769287 0.18052190542221069336 0.18145900964736938477 0.1829576641321182251 0.18762312829494476318 0.19417326152324676514 0.20618528127670288086 0.22256262600421905518 0.22803482413291931152 0.22906008362770080566 0.22926639020442962646 0.2261816859245300293 0.221231117844581604 0.21545226871967315674 0.21021559834480285645 0.20829190313816070557 0.20699201524257659912 0.20182690024375915527 0.1992165297269821167 0.20233905315399169922 0.20515304803848266602 0.20607668161392211914 0.20451469719409942627 0.20469439029693603516 0.20339311659336090088 0.20425339043140411377 0.20660793781280517578
0.19289085268974304199 0.19565533101558685303 0.19922654330730438232 0.20010714232921600342 0.19908590614795684814 0.1950365602970123291 0.18740801513195037842 0.18060760200023651123 0.17743639647960662842 0.17671750485897064209 0.17685486376285552979 0.17837609350681304932 0.18081942200660705566 0.18268777430057525635 0.18459044396877288818 0.18645639717578887939 0.18953001499176025391 0.19590927660465240479 0.20712810754776000977 0.21982625126838684082 0.22777180373668670654 0.22984576225280761719 0.22850540280342102051 0.22432605922222137451 0.21876163780689239502 0.21315334737300872803 0.20812237262725830078 0.20636440813541412354 0.20477415621280670166 0.2013432234525680542 0.19918619096279144287 0.20089386403560638428 0.20367377996444702148 0.20358000695705413818 0.20164516568183898926 0.20232860743999481201 0.20412598550319671631 0.20529197156429290771 0.2062683403491973877
