Inputs/ideal/clay.asc
ncols        100
nrows        92
xllcorner    528669.646615625010
yllcorner    5076826.926118221134
cellsize     100.000000000000
NODATA_value  -3.3999999999999999612e+38
[rows 68 to 84 of 92, columns 0 to 38 of 100]
0.1872374117374420166 0.18311114609241485596 0.18259054422378540039 0.18252736330032348633 0.18230983614921569824 0.18076540529727935791 0.18095220625400543213 0.18127095699310302734 0.18144941329956054688 0.18151950836181640625 0.18175889551639556885 0.17998172342777252197 0.17539922893047332764 0.17585368454456329346 0.17941462993621826172 0.18162028491497039795 0.18046256899833679199 0.17543806135654449463 0.17146727442741394043 0.1693639606237411499 0.16783596575260162354 0.16687169671058654785 0.16612754762172698975 0.16944256424903869629 0.17229487001895904541 0.17483602464199066162 0.17881537973880767822 0.18157345056533813477 0.18779814243316650391 0.18822140991687774658 0.18840561807155609131 0.18826495110988616943 0.18673305213451385498 0.18517939746379852295 0.184045448899269104 0.18437671661376953125 0.18672071397304534912 0.18918776512145996094 0.19094531238079071045
0.20253503322601318359 0.18161718547344207764 0.18179424107074737549 0.18184971809387207031 0.18022170662879943848 0.18071807920932769775 0.181150093674659729 0.18146240711212158203 0.18177765607833862305 0.18185792863368988037 0.18289645016193389893 0.18117569386959075928 0.17613025009632110596 0.17670905590057373047 0.18000239133834838867 0.18154960870742797852 0.1807600557804107666 0.17551302909851074219 0.17158195376396179199 0.16981855034828186035 0.16851294040679931641 0.16785636544227600098 0.1672821044921875 0.16706798970699310303 0.17314440011978149414 0.17672738432884216309 0.17890785634517669678 0.18160410225391387939 0.18726745247840881348 0.18802843987941741943 0.18829616904258728027 0.18722498416900634766 0.18603846430778503418 0.1855548471212387085 0.18611045181751251221 0.18634165823459625244 0.18849426507949829102 0.19049352407455444336 0.19071507453918457031
0.20613884925842285156 0.20541088283061981201 0.20117948949337005615 0.17982640862464904785 0.18030808866024017334 0.18074968457221984863 0.18111830949783325195 0.18120980262756347656 0.18145930767059326172 0.18170164525508880615 0.18176594376564025879 0.1806983649730682373 0.17865620553493499756 0.17868815362453460693 0.17943133413791656494 0.17984667420387268066 0.17853088676929473877 0.17577412724494934082 0.17294591665267944336 0.170940399169921875 0.1693843454122543335 0.16855783760547637939 0.16839016973972320557 0.16794219613075256348 0.17527826130390167236 0.17745563387870788574 0.17899668216705322266 0.18131656944751739502 0.18763360381126403809 0.18709050118923187256 0.18722259998321533203 0.18696269392967224121 0.18666628003120422363 0.18730190396308898926 0.18866902589797973633 0.19073978066444396973 0.1919559091329574585 0.19185915589332580566 0.19059632718563079834
0.21019898355007171631 0.20705054700374603271 0.20597352087497711182 0.20436897873878479004 0.18023160099983215332 0.18060815334320068359 0.18064597249031066895 0.18087576329708099365 0.18113490939140319824 0.18118265271186828613 0.18106447160243988037 0.18070067465305328369 0.1797653883695602417 0.1791591644287109375 0.17901624739170074463 0.17854808270931243896 0.17764037847518920898 0.17556834220886230469 0.17313441634178161621 0.17182822525501251221 0.17039889097213745117 0.16967134177684783936 0.16905875504016876221 0.16874910891056060791 0.17598265409469604492 0.17777904868125915527 0.18023543059825897217 0.18231643736362457275 0.18667916953563690186 0.18772658705711364746 0.18775583803653717041 0.18743534386157989502 0.18833903968334197998 0.18901100754737854004 0.19163756072521209717 0.19526372849941253662 0.19546562433242797852 0.19376379251480102539 0.19056932628154754639
0.21280425786972045898 0.21226936578750610352 0.21054351329803466797 0.20859400928020477295 0.2061313241720199585 0.20328505337238311768 0.18027266860008239746 0.18049748241901397705 0.18068307638168334961 0.18066507577896118164 0.18051077425479888916 0.18065825104713439941 0.1801064908504486084 0.17924676835536956787 0.17903895676136016846 0.17775464057922363281 0.17696438729763031006 0.17516307532787322998 0.17331838607788085938 0.17211769521236419678 0.17108218371868133545 0.17045564949512481689 0.16930018365383148193 0.17508079111576080322 0.17660631239414215088 0.17932912707328796387 0.1806955486536026001 0.18563787639141082764 0.18656308948993682861 0.18714183568954467773 0.1883757859468460083 0.18904234468936920166 0.19042554497718811035 0.19187267124652862549 0.19480535387992858887 0.19823855161666870117 0.19880943000316619873 0.19666439294815063477 0.19245174527168273926
0.2183513343334197998 0.21730358898639678955 0.21575652062892913818 0.21347497403621673584 0.21061976253986358643 0.20735891163349151611 0.20378629863262176514 0.18004885315895080566 0.18019214272499084473 0.18017029762268066406 0.1803277134895324707 0.18046878278255462646 0.17976289987564086914 0.17910335958003997803 0.17871432006359100342 0.17719420790672302246 0.17644666135311126709 0.17482596635818481445 0.17339749634265899658 0.17235901951789855957 0.17152221500873565674 0.17109224200248718262 0.16988740861415863037 0.17623108625411987305 0.178015097975730896 0.18046197295188903809 0.18073062598705291748 0.18578420579433441162 0.18680068850517272949 0.18828590214252471924 0.18935787677764892578 0.19048869609832763672 0.19217982888221740723 0.1946153491735458374 0.19751194119453430176 0.20045588910579681396 0.20148216187953948975 0.19976499676704406738 0.19520360231399536133
0.22379060089588165283 0.22299063205718994141 0.22114522755146026611 0.21844276785850524902 0.21511277556419372559 0.21120312809944152832 0.2074276357889175415 0.20361360907554626465 0.17968705296516418457 0.17968003451824188232 0.17991758882999420166 0.18005980551242828369 0.17941816151142120361 0.17877249419689178467 0.17837592959403991699 0.17624586820602416992 0.1759853363037109375 0.17502494156360626221 0.17337091267108917236 0.17254824936389923096 0.1718508303165435791 0.17121088504791259766 0.17489784955978393555 0.17705957591533660889 0.17890954017639160156 0.18095758557319641113 0.18184739351272583008 0.18653815984725952148 0.18770562112331390381 0.18806192278861999512 0.19006305932998657227 0.19183628261089324951 0.19375433027744293213 0.19625009596347808838 0.19938226044178009033 0.2026945948600769043 0.20332913100719451904 0.20222635567188262939 0.19616903364658355713
0.22984194755554199219 0.22888232767581939697 0.22662258148193359375 0.22337326407432556152 0.21921464800834655762 0.21508571505546569824 0.21082569658756256104 0.20658230781555175781 0.20245891809463500977 0.17829284071922302246 0.17949470877647399902 0.17901743948459625244 0.17892783880233764648 0.17832951247692108154 0.17788775265216827393 0.17577669024467468262 0.17576384544372558594 0.17485518753528594971 0.17331705987453460693 0.17264190316200256348 0.1720505058765411377 0.17148394882678985596 0.17525948584079742432 0.17759688198566436768 0.17927096784114837646 0.180891379714012146 0.18517975509166717529 0.18638429045677185059 0.18695218861103057861 0.1887581944465637207 0.1906500011682510376 0.1927385479211807251 0.19509813189506530762 0.19740998744964599609 0.20019556581974029541 0.20251606404781341553 0.20226846635341644287 0.19948974251747131348 0.19464783370494842529
0.23614338040351867676 0.2349319756031036377 0.23204107582569122314 0.22807238996028900146 0.22329942882061004639 0.2185809016227722168 0.21382550895214080811 0.20916527509689331055 0.20468610525131225586 0.20069599151611328125 0.17903466522693634033 0.17852233350276947021 0.17835851013660430908 0.17776846885681152344 0.17740540206432342529 0.17542780935764312744 0.17546427249908447266 0.17460221052169799805 0.17313209176063537598 0.17272906005382537842 0.17221695184707641602 0.17170688509941101074 0.17722864449024200439 0.17849780619144439697 0.18000237643718719482 0.18116930127143859863 0.18506520986557006836 0.18548670411109924316 0.18717086315155029297 0.1891168057918548584 0.19103798270225524902 0.19328045845031738281 0.19540122151374816895 0.19774346053600311279 0.20070105791091918945 0.20268937945365905762 0.20119339227676391602 0.19755826890468597412 0.19254770874977111816
0.24280612170696258545 0.24201948940753936768 0.23752379417419433594 0.23199532926082611084 0.22676838934421539307 0.22146616876125335693 0.21625512838363647461 0.21123014390468597412 0.20644995570182800293 0.20221191644668579102 0.19818332791328430176 0.1780968010425567627 0.17792315781116485596 0.17724433541297912598 0.1769647747278213501 0.17498689889907836914 0.17477171123027801514 0.17430315911769866943 0.173795357346534729 0.17275561392307281494 0.17231096327304840088 0.17586515843868255615 0.17736415565013885498 0.17918686568737030029 0.17992998659610748291 0.18083366751670837402 0.18399986624717712402 0.18546721339225769043 0.18724460899829864502 0.18916781246662139893 0.19108742475509643555 0.19293397665023803711 0.19486266374588012695 0.19776061177253723145 0.19976410269737243652 0.20147328078746795654 0.1997572779655456543 0.19632720947265625 0.19164977967739105225
0.25018402934074401855 0.24846075475215911865 0.2430378347635269165 0.23597694933414459229 0.22928118705749511719 0.22349920868873596191 0.21794435381889343262 0.21265459060668945312 0.20775106549263000488 0.20323573052883148193 0.19870747625827789307 0.19463899731636047363 0.17740805447101593018 0.1767406761646270752 0.17642281949520111084 0.17452138662338256836 0.17440909147262573242 0.17400278151035308838 0.17359073460102081299 0.17270471155643463135 0.17236371338367462158 0.17570552229881286621 0.17733359336853027344 0.17933773994445800781 0.18005324900150299072 0.1816704869270324707 0.18379674851894378662 0.18544723093509674072 0.18650540709495544434 0.18820372223854064941 0.18996188044548034668 0.19327281415462493896 0.19495084881782531738 0.19779600203037261963 0.19931282103061676025 0.19952145218849182129 0.19864881038665771484 0.19583956897258758545 0.19172491133213043213
0.25727370381355285645 0.25118497014045715332 0.24460302293300628662 0.23790724575519561768 0.23049844801425933838 0.22447009384632110596 0.21875774860382080078 0.21334676444530487061 0.20832942426204681396 0.20372332632541656494 0.19912406802177429199 0.1949682384729385376 0.19245176017284393311 0.17621864378452301025 0.17591859400272369385 0.17407152056694030762 0.17404374480247497559 0.17375178635120391846 0.17340548336505889893 0.17269653081893920898 0.17245171964168548584 0.17661814391613006592 0.17764841020107269287 0.17887836694717407227 0.17992576956748962402 0.18055549263954162598 0.18542847037315368652 0.18767321109771728516 0.18998207151889801025 0.19357992708683013916 0.19571191072463989258 0.19828175008296966553 0.20016030967235565186 0.20136097073554992676 0.2019039541482925415 0.1983257681131362915 0.19770030677318572998 0.19572177529335021973 0.19341257214546203613
0.2525914311408996582 0.24917896091938018799 0.24335929751396179199 0.23716498911380767822 0.23017355799674987793 0.22427502274513244629 0.21863172948360443115 0.21325738728046417236 0.2082589566707611084 0.20365789532661437988 0.19908091425895690918 0.19492302834987640381 0.19232206046581268311 0.1888348311185836792 0.18405289947986602783 0.17377103865146636963 0.17372964322566986084 0.17350979149341583252 0.17328967154026031494 0.17349885404109954834 0.17492780089378356934 0.1763111501932144165 0.17746630311012268066 0.18145439028739929199 0.18303659558296203613 0.18564860522747039795 0.18823802471160888672 0.19069901108741760254 0.19481576979160308838 0.1971060633659362793 0.19880524277687072754 0.20223781466484069824 0.2036285102367401123 0.20310454070568084717 0.20358476042747497559 0.2036075592041015625 0.20211815834045410156 0.1996237337589263916 0.19544678926467895508
0.24581596255302429199 0.24424979090690612793 0.2400073707103729248 0.2343800961971282959 0.22847260534763336182 0.2229620814323425293 0.21759510040283203125 0.21241928637027740479 0.20755599439144134521 0.20294715464115142822 0.19858439266681671143 0.19449578225612640381 0.19185945391654968262 0.18842008709907531738 0.18383416533470153809 0.17353297770023345947 0.17352220416069030762 0.173338279128074646 0.17316897213459014893 0.17343819141387939453 0.17538784444332122803 0.1763375401496887207 0.1794369816780090332 0.18174158036708831787 0.18343864381313323975 0.18633930385112762451 0.18906639516353607178 0.19161124527454376221 0.19433800876140594482 0.19761753082275390625 0.19987572729587554932 0.20277760922908782959 0.20441754162311553955 0.20604038238525390625 0.20696555078029632568 0.2050733417272567749 0.20409235358238220215 0.20199750363826751709 0.19802309572696685791
0.23943731188774108887 0.23855194449424743652 0.23550899326801300049 0.23104767501354217529 0.22573328018188476562 0.22070750594139099121 0.2157230675220489502 0.21090407669544219971 0.20627556741237640381 0.20186790823936462402 0.1976620405912399292 0.19370692968368530273 0.19107976555824279785 0.18774534761905670166 0.18344491720199584961 0.18046234548091888428 0.17333954572677612305 0.17318198084831237793 0.1730350106954574585 0.17333629727363586426 0.17756974697113037109 0.17850261926651000977 0.17973528802394866943 0.18103916943073272705 0.18430843949317932129 0.18682745099067687988 0.18944349884986877441 0.19312068819999694824 0.19573067128658294678 0.19983468949794769287 0.20220698416233062744 0.2043520510196685791 0.20615245401859283447 0.2072474062442779541 0.20801880955696105957 0.20791080594062805176 0.20435571670532226562 0.20284262299537658691 0.20106795430183410645
0.23322053253650665283 0.23251788318157196045 0.23031795024871826172 0.22681277990341186523 0.22248895466327667236 0.21788077056407928467 0.2132698744535446167 0.20882557332515716553 0.20450149476528167725 0.20035259425640106201 0.19635909795761108398 0.19259116053581237793 0.19001047313213348389 0.1868184506893157959 0.1827840954065322876 0.179914817214012146 0.17771112918853759766 0.17302116751670837402 0.1734962761402130127 0.17626860737800598145 0.1768735051155090332 0.17830578982830047607 0.1801048964262008667 0.18228869140148162842 0.18470145761966705322 0.18726652860641479492 0.19256259500980377197 0.19531846046447753906 0.19803646206855773926 0.20069931447505950928 0.20346853137016296387 0.20572848618030548096 0.20766800642013549805 0.20827469229698181152 0.20602020621299743652 0.20715104043483734131 0.2079798579216003418 0.20602422952651977539 0.20373904705047607422
0.22762116789817810059 0.22673983871936798096 0.22483216226100921631 0.22218976914882659912 0.21905079483985900879 0.21512357890605926514 0.21065305173397064209 0.20634761452674865723 0.20233325660228729248 0.19847530126571655273 0.19473338127136230469 0.19119411706924438477 0.18868832290172576904 0.18569050729274749756 0.18194068968296051025 0.17926238477230072021 0.17717950046062469482 0.17658022046089172363 0.17498628795146942139 0.17543268203735351562 0.17668457329273223877 0.17879860103130340576 0.1822246164083480835 0.1846072077751159668 0.18862968683242797852 0.19138428568840026855 0.19421572983264923096 0.19709400832653045654 0.19992516934871673584 0.20275461673736572266 0.20541520416736602783 0.20393607020378112793 0.20630526542663574219 0.20831726491451263428 0.20994305610656738281 0.21059913933277130127 0.21148839592933654785 0.2111568152904510498 0.20697174966335296631
