Inputs/ideal/clay.asc
ncols        100
nrows        92
xllcorner    528669.646615625010
yllcorner    5076826.926118221134
cellsize     100.000000000000
NODATA_value  -3.3999999999999999612e+38
[rows 0 to 16 of 92, columns 39 to 77 of 100]
0.20977264642715454102 0.2057997286319732666 0.20369008183479309082 0.20161844789981842041 0.2000503838062286377 0.19589437544345855713 0.18223024904727935791 0.17153288424015045166 0.16747757792472839355 0.16530601680278778076 0.16472503542900085449 0.16359195113182067871 0.16359545290470123291 0.16010867059230804443 0.15526154637336730957 0.1493921428918838501 0.14656047523021697998 0.14623750746250152588 0.14656415581703186035 0.14690136909484863281 0.14804100990295410156 0.15011022984981536865 0.15383185446262359619 0.15611122548580169678 0.1573944091796875 0.16337227821350097656 0.17161409556865692139 0.17411233484745025635 0.17454677820205688477 0.17488065361976623535 0.17382922768592834473 0.17257893085479736328 0.1711142808198928833 0.17066217958927154541 0.17706882953643798828 0.18460081517696380615 0.18553231656551361084 0.18637755513191223145 0.18687145411968231201
0.20694866776466369629 0.20439347624778747559 0.20366960763931274414 0.20389701426029205322 0.20278190076351165771 0.19610813260078430176 0.18208564817905426025 0.170101165771484375 0.16451394557952880859 0.16353517770767211914 0.16357651352882385254 0.16229797899723052979 0.16211569309234619141 0.15859076380729675293 0.15381638705730438232 0.14923396706581115723 0.147126808762550354 0.14684380590915679932 0.14672993123531341553 0.14729239046573638916 0.1487887948751449585 0.15073511004447937012 0.15290094912052154541 0.15379931032657623291 0.15586577355861663818 0.1617002338171005249 0.17012123763561248779 0.1747849881649017334 0.1763283461332321167 0.17617495357990264893 0.17485229671001434326 0.17254330217838287354 0.17017056047916412354 0.16953068971633911133 0.17406731843948364258 0.18011692166328430176 0.18357437849044799805 0.18540415167808532715 0.18740049004554748535
0.20631617307662963867 0.20653998851776123047 0.20670463144779205322 0.20650584995746612549 0.20537780225276947021 0.19799050688743591309 0.18420845270156860352 0.17113830149173736572 0.1643972247838973999 0.162844046950340271 0.16262562572956085205 0.16094508767127990723 0.15976865589618682861 0.156617775559425354 0.15277464687824249268 0.15048708021640777588 0.14922693371772766113 0.14889635145664215088 0.14881642162799835205 0.14990369975566864014 0.1513532102108001709 0.15268209576606750488 0.15312075614929199219 0.15268924832344055176 0.15421837568283081055 0.15990574657917022705 0.16879163682460784912 0.17547339200973510742 0.17846752703189849854 0.17863294482231140137 0.17648451030254364014 0.17248795926570892334 0.16938930749893188477 0.16804258525371551514 0.17031745612621307373 0.17480705678462982178 0.18112181127071380615 0.18472041189670562744 0.18742166459560394287
0.20614612102508544922 0.20915305614471435547 0.2105144113302230835 0.21114394068717956543 0.2098773270845413208 0.20566894114017486572 0.18569232523441314697 0.16977331042289733887 0.1651058197021484375 0.16341860592365264893 0.16315482556819915771 0.1599477231502532959 0.1579373776912689209 0.15501405298709869385 0.15214979648590087891 0.15188725292682647705 0.15078090131282806396 0.15054935216903686523 0.15088355541229248047 0.15274696052074432373 0.1533683091402053833 0.15400522947311401367 0.15385210514068603516 0.1527859419584274292 0.15084508061408996582 0.15841035544872283936 0.17036032676696777344 0.176605224609375 0.18067324161529541016 0.18054191768169403076 0.17848978936672210693 0.17306081950664520264 0.17007938027381896973 0.16788151860237121582 0.16943717002868652344 0.17187805473804473877 0.18061015009880065918 0.18632990121841430664 0.18852744996547698975
0.20905165374279022217 0.21026541292667388916 0.21225056052207946777 0.21311458945274353027 0.21251417696475982666 0.20440436899662017822 0.18650807440280914307 0.170992240309715271 0.16394788026809692383 0.16223551332950592041 0.16053973138332366943 0.15788869559764862061 0.1554584205150604248 0.15385609865188598633 0.15273457765579223633 0.15208728611469268799 0.15083859860897064209 0.14972072839736938477 0.15029886364936828613 0.15188238024711608887 0.1523895561695098877 0.1519470512866973877 0.15140628814697265625 0.15037569403648376465 0.1515369713306427002 0.15883658826351165771 0.16956484317779541016 0.17673477530479431152 0.18006189167499542236 0.18023751676082611084 0.1786384880542755127 0.17626188695430755615 0.1743682175874710083 0.17320638895034790039 0.17383293807506561279 0.17758977413177490234 0.18414700031280517578 0.18979145586490631104 0.1931712031364440918
0.21123768389225006104 0.21252460777759552002 0.21399804949760437012 0.21462300419807434082 0.21553766727447509766 0.20865324139595031738 0.18623568117618560791 0.16854332387447357178 0.16302148997783660889 0.16133899986743927002 0.15901151299476623535 0.15602526068687438965 0.15379326045513153076 0.15389798581600189209 0.15482483804225921631 0.15447059273719787598 0.1520484238862991333 0.14817656576633453369 0.14915193617343902588 0.15191976726055145264 0.15142390131950378418 0.14984622597694396973 0.14945556223392486572 0.14877106249332427979 0.1499726027250289917 0.15905772149562835693 0.1721684187650680542 0.17793044447898864746 0.17960818111896514893 0.18003794550895690918 0.17983970046043395996 0.17988653481006622314 0.1797046363353729248 0.17877757549285888672 0.17892870306968688965 0.18232433497905731201 0.18945200741291046143 0.19543094933032989502 0.19819381833076477051
0.21301898360252380371 0.21454796195030212402 0.21605199575424194336 0.21718804538249969482 0.21854409575462341309 0.21055747568607330322 0.18584643304347991943 0.16651275753974914551 0.16142256557941436768 0.15996584296226501465 0.15745046734809875488 0.15410456061363220215 0.15227898955345153809 0.15311229228973388672 0.15442802011966705322 0.1550127565860748291 0.15521425008773803711 0.1535975039005279541 0.15654787421226501465 0.15854130685329437256 0.15757459402084350586 0.1559235304594039917 0.15568569302558898926 0.15505494177341461182 0.15563906729221343994 0.16432863473892211914 0.17644363641738891602 0.18069320917129516602 0.18160052597522735596 0.18280859291553497314 0.18461777269840240479 0.18558984994888305664 0.18579286336898803711 0.18542149662971496582 0.18568620085716247559 0.18787974119186401367 0.19363480806350708008 0.19820132851600646973 0.19979225099086761475
0.2139081805944442749 0.2162329554557800293 0.21803033351898193359 0.22037452459335327148 0.22073763608932495117 0.20906539261341094971 0.18477362394332885742 0.16499729454517364502 0.15750510990619659424 0.15669387578964233398 0.15555150806903839111 0.1524384915828704834 0.15058763325214385986 0.15038885176181793213 0.15152126550674438477 0.1543420255184173584 0.15953443944454193115 0.16691185534000396729 0.17138876020908355713 0.17278078198432922363 0.1719223707914352417 0.17171645164489746094 0.17134135961532592773 0.17021514475345611572 0.17049132287502288818 0.17492295801639556885 0.18156674504280090332 0.18574957549571990967 0.18720154464244842529 0.1890226900577545166 0.19133728742599487305 0.19275562465190887451 0.19309914112091064453 0.19279251992702484131 0.19274425506591796875 0.19440671801567077637 0.19586296379566192627 0.1970933079719543457 0.19690190255641937256
0.21512992680072784424 0.21631932258605957031 0.2183113396167755127 0.22177611291408538818 0.2224811166524887085 0.21535414457321166992 0.18358030915260314941 0.16025105118751525879 0.15592263638973236084 0.15493595600128173828 0.15440511703491210938 0.15158252418041229248 0.14887468516826629639 0.14845584332942962646 0.1499306410551071167 0.15372195839881896973 0.16385737061500549316 0.18274553120136260986 0.18794691562652587891 0.18820442259311676025 0.18655264377593994141 0.18694263696670532227 0.18761090934276580811 0.18671475350856781006 0.18366567790508270264 0.18535403907299041748 0.18988920748233795166 0.19143275916576385498 0.19313129782676696777 0.19674219191074371338 0.19893585145473480225 0.20045913755893707275 0.20138613879680633545 0.20128180086612701416 0.1991602778434753418 0.19998767971992492676 0.19802968204021453857 0.19646599888801574707 0.19346544146537780762
0.22092097997665405273 0.21919427812099456787 0.21936753392219543457 0.22068744897842407227 0.21967618167400360107 0.20944620668888092041 0.18848457932472229004 0.17000325024127960205 0.16056895256042480469 0.15697108209133148193 0.15475884079933166504 0.15171961486339569092 0.14904326200485229492 0.14810650050640106201 0.14956125617027282715 0.15490394830703735352 0.16821056604385375977 0.18661223351955413818 0.19528757035732269287 0.19620236754417419434 0.19342191517353057861 0.19319538772106170654 0.19299955666065216064 0.19271779060363769531 0.19134515523910522461 0.19069886207580566406 0.19313758611679077148 0.19514440000057220459 0.19798047840595245361 0.20050537586212158203 0.2014220505952835083 0.20194336771965026855 0.20260702073574066162 0.2031262516975402832 0.201135292649269104 0.20038928091526031494 0.19895336031913757324 0.19709789752960205078 0.19448707997798919678
0.226993560791015625 0.22016605734825134277 0.21962472796440124512 0.22211873531341552734 0.21789976954460144043 0.2066024094820022583 0.1935145258903503418 0.17971952259540557861 0.1665073782205581665 0.16044671833515167236 0.15717588365077972412 0.15318143367767333984 0.14978431165218353271 0.14862993359565734863 0.14981406927108764648 0.15465672314167022705 0.16856904327869415283 0.18849378824234008789 0.1992597728967666626 0.20034195482730865479 0.19611509144306182861 0.1940132826566696167 0.19365011155605316162 0.19332523643970489502 0.1927871406078338623 0.19357167184352874756 0.19477885961532592773 0.19817011058330535889 0.20127032697200775146 0.20231707394123077393 0.20151413977146148682 0.19983564317226409912 0.19997337460517883301 0.20066294074058532715 0.20074769854545593262 0.19965040683746337891 0.19902473688125610352 0.19929477572441101074 0.19807079434394836426
0.23180495202541351318 0.22180320322513580322 0.22031497955322265625 0.22422465682029724121 0.21639809012413024902 0.2057523876428604126 0.19814758002758026123 0.18661442399024963379 0.16881659626960754395 0.16023631393909454346 0.15843939781188964844 0.15372152626514434814 0.15005265176296234131 0.14908407628536224365 0.14994849264621734619 0.15354439616203308105 0.16769222915172576904 0.19186371564865112305 0.20199547708034515381 0.20331634581089019775 0.19821946322917938232 0.19585974514484405518 0.19658578932285308838 0.19765783846378326416 0.19667832553386688232 0.19786268472671508789 0.19765754044055938721 0.20028725266456604004 0.20315070450305938721 0.20300155878067016602 0.20147934556007385254 0.19820737838745117188 0.19744637608528137207 0.19777077436447143555 0.198915138840675354 0.19848564267158508301 0.19719676673412322998 0.19784215092658996582 0.19757856428623199463
0.23188731074333190918 0.22646164894104003906 0.22369064390659332275 0.22155524790287017822 0.2168242335319519043 0.2104015350341796875 0.20093254745006561279 0.18635268509387969971 0.16806197166442871094 0.15769706666469573975 0.15356548130512237549 0.15149208903312683105 0.14967574179172515869 0.14943294227123260498 0.1515003889799118042 0.15703947842121124268 0.16959576308727264404 0.18717554211616516113 0.19809895753860473633 0.20097522437572479248 0.19952909648418426514 0.19971640408039093018 0.20294575393199920654 0.2051763683557510376 0.20476292073726654053 0.20472189784049987793 0.20342904329299926758 0.20186401903629302979 0.20128871500492095947 0.20095066726207733154 0.19949750602245330811 0.19694486260414123535 0.19650673866271972656 0.19529804587364196777 0.19496677815914154053 0.1937570422887802124 0.19080695509910583496 0.18969145417213439941 0.1898597031831741333
0.23110307753086090088 0.2288163602352142334 0.22456642985343933105 0.2186746448278427124 0.21462404727935791016 0.21147304773330688477 0.20513123273849487305 0.19093136489391326904 0.1671498417854309082 0.15364558994770050049 0.15087674558162689209 0.15088601410388946533 0.14949113130569458008 0.15061469376087188721 0.15242925286293029785 0.1585076749324798584 0.17059779167175292969 0.18704719841480255127 0.19631986320018768311 0.19783920049667358398 0.19927243888378143311 0.20166274905204772949 0.20816299319267272949 0.21290656924247741699 0.21271021664142608643 0.21101506054401397705 0.20704461634159088135 0.2020740211009979248 0.19826468825340270996 0.19784455001354217529 0.19694319367408752441 0.19569449126720428467 0.19507302343845367432 0.19284071028232574463 0.19049982726573944092 0.188180580735206604 0.1841576993465423584 0.18141348659992218018 0.18196719884872436523
0.22328884899616241455 0.22151508927345275879 0.21701054275035858154 0.21065612137317657471 0.20626568794250488281 0.20317350327968597412 0.19741353392601013184 0.18743932247161865234 0.17084792256355285645 0.16203084588050842285 0.16030967235565185547 0.16046850383281707764 0.16031682491302490234 0.1621341705322265625 0.16426321864128112793 0.16809487342834472656 0.17586599290370941162 0.18810802698135375977 0.19516593217849731445 0.19820302724838256836 0.20074099302291870117 0.20371897518634796143 0.21001191437244415283 0.21424458920955657959 0.21412207186222076416 0.21240335702896118164 0.20798209309577941895 0.20274993777275085449 0.19903096556663513184 0.19800592958927154541 0.19693167507648468018 0.19630171358585357666 0.19421225786209106445 0.19178667664527893066 0.18945398926734924316 0.1876811981201171875 0.1843172609806060791 0.18076404929161071777 0.179891243577003479
0.21153236925601959229 0.2069822847843170166 0.20332400500774383545 0.19853121042251586914 0.1953204423189163208 0.19032356142997741699 0.18341290950775146484 0.17904773354530334473 0.1790183335542678833 0.1792704164981842041 0.17950072884559631348 0.17905864119529724121 0.17860764265060424805 0.18051731586456298828 0.1827971339225769043 0.18386048078536987305 0.18698024749755859375 0.19159150123596191406 0.1971273571252822876 0.20099787414073944092 0.20399144291877746582 0.2063614577054977417 0.20932979881763458252 0.21088883280754089355 0.21121610701084136963 0.21041947603225708008 0.20750260353088378906 0.20437689125537872314 0.20311406254768371582 0.20170924067497253418 0.20047673583030700684 0.19907560944557189941 0.19608175754547119141 0.19281077384948730469 0.19154372811317443848 0.19131010770797729492 0.19021044671535491943 0.1868321150541305542 0.18364639580249786377
0.20090477168560028076 0.19553501904010772705 0.19175711274147033691 0.18692855536937713623 0.18507605791091918945 0.18237434327602386475 0.17282977700233459473 0.1698376387357711792 0.18722063302993774414 0.19624236226081848145 0.19976651668548583984 0.19725181162357330322 0.1962868422269821167 0.19751925766468048096 0.20028072595596313477 0.19650281965732574463 0.19687314331531524658 0.19816501438617706299 0.20106881856918334961 0.20461989939212799072 0.20747467875480651855 0.2089001089334487915 0.20971609652042388916 0.20953796803951263428 0.20935140550136566162 0.2088988572359085083 0.20698142051696777344 0.20658002793788909912 0.20691676437854766846 0.20576691627502441406 0.20378805696964263916 0.20036749541759490967 0.19754463434219360352 0.19429683685302734375 0.19353385269641876221 0.19442148506641387939 0.19487988948822021484 0.19247764348983764648 0.18785913288593292236
