Inputs/ideal/clay.asc
ncols        100
nrows        92
xllcorner    528669.646615625010
yllcorner    5076826.926118221134
cellsize     100.000000000000
NODATA_value  -3.3999999999999999612e+38
[rows 17 to 33 of 92, columns 0 to 38 of 100]
0.18097126483917236328 0.18285523355007171631 0.18674066662788391113 0.19250468909740447998 0.19680158793926239014 0.20331045985221862793 0.21660700440406799316 0.23112177848815917969 0.234381064772605896 0.23397693037986755371 0.23304791748523712158 0.23368436098098754883 0.23543375730514526367 0.23727738857269287109 0.23971039056777954102 0.24210202693939208984 0.24459786713123321533 0.24636028707027435303 0.24732954800128936768 0.24695727229118347168 0.24587832391262054443 0.24356755614280700684 0.24117682874202728271 0.23946496844291687012 0.23869298398494720459 0.23793627321720123291 0.23766531050205230713 0.2400038987398147583 0.24440041184425354004 0.24653130769729614258 0.24659594893455505371 0.24256849288940429688 0.23681919276714324951 0.23141092061996459961 0.22783781588077545166 0.22676832973957061768 0.22557534277439117432 0.2198162078857421875 0.20640769600868225098
0.18287456035614013672 0.18479652702808380127 0.18832834064960479736 0.19204838573932647705 0.19505940377712249756 0.19991286098957061768 0.21064482629299163818 0.22192722558975219727 0.22722817957401275635 0.22871616482734680176 0.22908738255500793457 0.23157335817813873291 0.23609209060668945312 0.23917430639266967773 0.24159207940101623535 0.24312618374824523926 0.24461758136749267578 0.24548757076263427734 0.24575163424015045166 0.24429266154766082764 0.24326077103614807129 0.24197137355804443359 0.24036623537540435791 0.2390483170747756958 0.23769520223140716553 0.23658004403114318848 0.23637622594833374023 0.23768214881420135498 0.23983988165855407715 0.24045333266258239746 0.24054352939128875732 0.23819965124130249023 0.23165014386177062988 0.22382757067680358887 0.21983888745307922363 0.2175327986478805542 0.21585449576377868652 0.21040800213813781738 0.19842538237571716309
0.18389390408992767334 0.18608978390693664551 0.18873170018196105957 0.19050909578800201416 0.19231474399566650391 0.19563116133213043213 0.20586393773555755615 0.21636427938938140869 0.22178927063941955566 0.22451615333557128906 0.22528474032878875732 0.22848628461360931396 0.23505215346813201904 0.2386096268892288208 0.24085547029972076416 0.24167315661907196045 0.24235571920871734619 0.24256069958209991455 0.24232728779315948486 0.24051392078399658203 0.23947352170944213867 0.23918028175830841064 0.23823699355125427246 0.23689863085746765137 0.23512335121631622314 0.2339045107364654541 0.2337112724781036377 0.2345301210880279541 0.23465713858604431152 0.23280851542949676514 0.23111321032047271729 0.22931236028671264648 0.22187437117099761963 0.21228952705860137939 0.20776611566543579102 0.20566214621067047119 0.20414009690284729004 0.19990926980972290039 0.18801544606685638428
0.18377517163753509521 0.1853198707103729248 0.18622840940952301025 0.18759126961231231689 0.18898978829383850098 0.19458432495594024658 0.20403867959976196289 0.21312893927097320557 0.21962396800518035889 0.22173109650611877441 0.22270672023296356201 0.22507593035697937012 0.22911937534809112549 0.23292493820190429688 0.23544506728649139404 0.23642797768115997314 0.23685306310653686523 0.23695506155490875244 0.23675453662872314453 0.23567920923233032227 0.23476196825504302979 0.23518751561641693115 0.2356983572244644165 0.23500548303127288818 0.23327296972274780273 0.23138518631458282471 0.23039710521697998047 0.2302490919828414917 0.22913056612014770508 0.22443100810050964355 0.21824647486209869385 0.21308083832263946533 0.20709772408008575439 0.20080225169658660889 0.19625961780548095703 0.19427984952926635742 0.19324454665184020996 0.18802745640277862549 0.17971506714820861816
0.18298852443695068359 0.18422180414199829102 0.18458133935928344727 0.18434831500053405762 0.18605278432369232178 0.19225893914699554443 0.20233970880508422852 0.21252693235874176025 0.21738776564598083496 0.21925874054431915283 0.21929933130741119385 0.22066411375999450684 0.22316123545169830322 0.22714495658874511719 0.22961777448654174805 0.23069289326667785645 0.23071567714214324951 0.23018403351306915283 0.23000094294548034668 0.22968396544456481934 0.22892023622989654541 0.22981122136116027832 0.23180910944938659668 0.233442649245262146 0.23020742833614349365 0.22735239565372467041 0.22611446678638458252 0.22572055459022521973 0.22431966662406921387 0.21691246330738067627 0.20681144297122955322 0.19973607361316680908 0.19392278790473937988 0.18963092565536499023 0.18626329302787780762 0.18508477509021759033 0.18454228341579437256 0.18069152534008026123 0.17241846024990081787
0.18367463350296020508 0.18423517048358917236 0.18374867737293243408 0.18303671479225158691 0.18426077067852020264 0.19017724692821502686 0.19854436814785003662 0.20752803981304168701 0.21390728652477264404 0.21741533279418945312 0.21843120455741882324 0.21952183544635772705 0.22215278446674346924 0.22535373270511627197 0.22779408097267150879 0.22828166186809539795 0.22742480039596557617 0.22538658976554870605 0.2243261188268661499 0.22372068464756011963 0.22304253280162811279 0.22341392934322357178 0.2251780778169631958 0.22603565454483032227 0.22330255806446075439 0.22044727206230163574 0.2189928889274597168 0.21870926022529602051 0.21714593470096588135 0.2106602787971496582 0.2001189887523651123 0.1916846930980682373 0.18674905598163604736 0.18367676436901092529 0.18147723376750946045 0.18077307939529418945 0.18016748130321502686 0.17550700902938842773 0.16761443018913269043
0.18440541625022888184 0.18472890555858612061 0.18356589972972869873 0.18255293369293212891 0.18358673155307769775 0.18760040402412414551 0.19331078231334686279 0.20072624087333679199 0.210394248366355896 0.21686410903930664062 0.21843464672565460205 0.22012871503829956055 0.22416944801807403564 0.22787648439407348633 0.22921009361743927002 0.22799709439277648926 0.22561542689800262451 0.22304326295852661133 0.22039721906185150146 0.21850669384002685547 0.21748203039169311523 0.21668703854084014893 0.21729327738285064697 0.21666377782821655273 0.21502554416656494141 0.21297982335090637207 0.21189740300178527832 0.21136264503002166748 0.20961463451385498047 0.20463851094245910645 0.19632010161876678467 0.18854023516178131104 0.18411046266555786133 0.18202933669090270996 0.18010349571704864502 0.17941817641258239746 0.17859776318073272705 0.17436318099498748779 0.16413868963718414307
0.18396747112274169922 0.18497467041015625 0.18521213531494140625 0.18260376155376434326 0.18298409879207611084 0.18593481183052062988 0.1895885169506072998 0.19351994991302490234 0.2077252119779586792 0.21836622059345245361 0.2176806330680847168 0.21985448896884918213 0.226083412766456604 0.22918531298637390137 0.23050472140312194824 0.22779119014739990234 0.22412098944187164307 0.22106151282787322998 0.21805414557456970215 0.21562577784061431885 0.21435591578483581543 0.21196120977401733398 0.21101769804954528809 0.20886440575122833252 0.20821316540241241455 0.207559928297996521 0.20578600466251373291 0.20590518414974212646 0.20522576570510864258 0.20026071369647979736 0.19152620434761047363 0.18532262742519378662 0.18140028417110443115 0.17998258769512176514 0.17831312119960784912 0.17675256729125976562 0.17591559886932373047 0.17417030036449432373 0.16034489870071411133
0.17921729385852813721 0.18352806568145751953 0.18692803382873535156 0.18741600215435028076 0.18722991645336151123 0.18833655118942260742 0.19056130945682525635 0.19606283307075500488 0.20605370402336120605 0.21474711596965789795 0.21829387545585632324 0.22105105221271514893 0.22541642189025878906 0.22832863032817840576 0.22913913428783416748 0.22773587703704833984 0.22516851127147674561 0.22279204428195953369 0.21992850303649902344 0.21842709183692932129 0.21632973849773406982 0.2125666886568069458 0.20978891849517822266 0.20666249096393585205 0.20693242549896240234 0.20906393229961395264 0.20844483375549316406 0.20779758691787719727 0.20489607751369476318 0.19870387017726898193 0.1885802149772644043 0.18172663450241088867 0.17834714055061340332 0.17635436356067657471 0.17415446043014526367 0.17199288308620452881 0.1695238947868347168 0.16453284025192260742 0.15673451125621795654
0.17579962313175201416 0.184658050537109375 0.19114354252815246582 0.19204063713550567627 0.19177426397800445557 0.19128708541393280029 0.19197109341621398926 0.19577954709529876709 0.20480723679065704346 0.21335053443908691406 0.21815098822116851807 0.22137615084648132324 0.22423836588859558105 0.22625419497489929199 0.22706593573093414307 0.22741906344890594482 0.22710300981998443604 0.22522585093975067139 0.22246822714805603027 0.22066308557987213135 0.21902418136596679688 0.21561886370182037354 0.20963674783706665039 0.20528246462345123291 0.20758084952831268311 0.21180413663387298584 0.21192070841789245605 0.21112947165966033936 0.2088257521390914917 0.19790033996105194092 0.18511025607585906982 0.17868493497371673584 0.17582762241363525391 0.17280577123165130615 0.17085316777229309082 0.16885855793952941895 0.16492703557014465332 0.15948796272277832031 0.15412119030952453613
0.17345921695232391357 0.18547087907791137695 0.19514532387256622314 0.19711069762706756592 0.19622854888439178467 0.19461098313331604004 0.19407327473163604736 0.19618542492389678955 0.20456458628177642822 0.21284227073192596436 0.21748851239681243896 0.22031876444816589355 0.22251965105533599854 0.22360391914844512939 0.2249568253755569458 0.22689856588840484619 0.22813154757022857666 0.2271038740873336792 0.22621309757232666016 0.22432416677474975586 0.22031915187835693359 0.21555157005786895752 0.20723251998424530029 0.20240725576877593994 0.20597907900810241699 0.2116635739803314209 0.21366091072559356689 0.21439571678638458252 0.21112275123596191406 0.19668528437614440918 0.18169061839580535889 0.17560650408267974854 0.17254680395126342773 0.16912853717803955078 0.16684103012084960938 0.16493351757526397705 0.16036896407604217529 0.15577909350395202637 0.15210616588592529297
0.1720606684684753418 0.18469808995723724365 0.19543032348155975342 0.19900725781917572021 0.19866633415222167969 0.19794133305549621582 0.19773915410041809082 0.20002850890159606934 0.20621368288993835449 0.21255373954772949219 0.21613080799579620361 0.21774880588054656982 0.21932190656661987305 0.22089214622974395752 0.22310250997543334961 0.22585031390190124512 0.22783881425857543945 0.22819384932518005371 0.22800624370574951172 0.2256743311882019043 0.21900331974029541016 0.2106698453426361084 0.20398283004760742188 0.20123173296451568604 0.20323999226093292236 0.20863561332225799561 0.21513183414936065674 0.21633340418338775635 0.21065418422222137451 0.19601714611053466797 0.18100789189338684082 0.1729806065559387207 0.16963684558868408203 0.16624487936496734619 0.16301845014095306396 0.15968397259712219238 0.15615360438823699951 0.15306894481182098389 0.15044887363910675049
0.16768020391464233398 0.18500490486621856689 0.19886405766010284424 0.20077280700206756592 0.20085515081882476807 0.20067034661769866943 0.20078305900096893311 0.20195515453815460205 0.20816695690155029297 0.21352949738502502441 0.21460235118865966797 0.21500760316848754883 0.21540232002735137939 0.21725265681743621826 0.21980209648609161377 0.22407014667987823486 0.2276531606912612915 0.22743596136569976807 0.22778904438018798828 0.22783243656158447266 0.2180779576301574707 0.20482905209064483643 0.20046596229076385498 0.19833278656005859375 0.20028372108936309814 0.20562024414539337158 0.2153377532958984375 0.21778039634227752686 0.21528580784797668457 0.19542355835437774658 0.17622172832489013672 0.17073176801204681396 0.16761580109596252441 0.16448184847831726074 0.16007986664772033691 0.15521724522113800049 0.15284287929534912109 0.15086242556571960449 0.1494032740592956543
0.16928748786449432373 0.18363136053085327148 0.19553095102310180664 0.19976793229579925537 0.20105576515197753906 0.20252592861652374268 0.20400188863277435303 0.20636196434497833252 0.21075040102005004883 0.21433548629283905029 0.21482826769351959229 0.21449972689151763916 0.21440106630325317383 0.21517652273178100586 0.21686992049217224121 0.21974475681781768799 0.22183960676193237305 0.2231298983097076416 0.22469310462474822998 0.22402296960353851318 0.21626134216785430908 0.20488172769546508789 0.19954192638397216797 0.1983003765344619751 0.19952847063541412354 0.20302411913871765137 0.2083451002836227417 0.20978046953678131104 0.20560793578624725342 0.19213464856147766113 0.17766435444355010986 0.16989429295063018799 0.16575326025485992432 0.16229121387004852295 0.15793110430240631104 0.15345190465450286865 0.15094751119613647461 0.14991101622581481934 0.14903339743614196777
0.16912402212619781494 0.1811669766902923584 0.1918573528528213501 0.1970071941614151001 0.19955359399318695068 0.20303584635257720947 0.20614033937454223633 0.20898930728435516357 0.21244002878665924072 0.21477523446083068848 0.21508355438709259033 0.21429258584976196289 0.21325455605983734131 0.21249406039714813232 0.21299360692501068115 0.21441911160945892334 0.21565663814544677734 0.21735779941082000732 0.22025206685066223145 0.2210337221622467041 0.21494531631469726562 0.20608220994472503662 0.19977323710918426514 0.19863374531269073486 0.19854505360126495361 0.19952826201915740967 0.19906081259250640869 0.1984516829252243042 0.19481247663497924805 0.18744228780269622803 0.17771753668785095215 0.16875791549682617188 0.16332273185253143311 0.16031944751739501953 0.15671066939830780029 0.15279139578342437744 0.15047287940979003906 0.14952898025512695312 0.14924222230911254883
0.16592018306255340576 0.17896217107772827148 0.19090783596038818359 0.19410955905914306641 0.19843210279941558838 0.2048425525426864624 0.20927213132381439209 0.21239903569221496582 0.21481573581695556641 0.21629253029823303223 0.21655094623565673828 0.21496409177780151367 0.21219344437122344971 0.21044547855854034424 0.20903189480304718018 0.20962513983249664307 0.21072606742382049561 0.21240253746509552002 0.21353217959403991699 0.21662849187850952148 0.21063369512557983398 0.20341584086418151855 0.19882304966449737549 0.19777886569499969482 0.19644692540168762207 0.19595965743064880371 0.19264097511768341064 0.19094507396221160889 0.18875773251056671143 0.18509516119956970215 0.17857283353805541992 0.16893364489078521729 0.16169615089893341064 0.15978513658046722412 0.15642400085926055908 0.15244302153587341309 0.15061540901660919189 0.14980372786521911621 0.14942327141761779785
0.16836194694042205811 0.17842151224613189697 0.1878595501184463501 0.19349344074726104736 0.19838118553161621094 0.20535391569137573242 0.21154612302780151367 0.21630819141864776611 0.2186784595251083374 0.21944613754749298096 0.21822972595691680908 0.21589063107967376709 0.21232785284519195557 0.20919360220432281494 0.20731855928897857666 0.20730313658714294434 0.20850241184234619141 0.20967178046703338623 0.20867624878883361816 0.20746469497680664062 0.20440182089805603027 0.19902279973030090332 0.19476060569286346436 0.19417788088321685791 0.19429941475391387939 0.19410765171051025391 0.19235350191593170166 0.19100101292133331299 0.1893364638090133667 0.18597400188446044922 0.17934688925743103027 0.1704120934009552002 0.1634082794189453125 0.15946620702743530273 0.15681673586368560791 0.15415196120738983154 0.15172865986824035645 0.15001805126667022705 0.14947724342346191406
