Inputs/ideal/sand.asc
ncols        100
nrows        92
xllcorner    528669.646615625010
yllcorner    5076826.926118221134
cellsize     100.000000000000
NODATA_value  -3.3999999999999999612e+38
[rows 51 to 67 of 92, columns 0 to 38 of 100]
0.40534913539886474609 0.40537291765213012695 0.39990857243537902832 0.40258491039276123047 0.41499361395835876465 0.44001340866088867188 0.45775645971298217773 0.46461495757102966309 0.46625652909278869629 0.4635505378246307373 0.4644419252872467041 0.46407458186149597168 0.46312955021858215332 0.45763355493545532227 0.44897538423538208008 0.44177255034446716309 0.43681788444519042969 0.4327634274959564209 0.43544438481330871582 0.44316646456718444824 0.44769194722175598145 0.45092660188674926758 0.45856752991676330566 0.46343970298767089844 0.46222642064094543457 0.46080124378204345703 0.46007212996482849121 0.46364939212799072266 0.46973389387130737305 0.47243767976760864258 0.47417390346527099609 0.47311696410179138184 0.46617972850799560547 0.4553095400333404541 0.45041164755821228027 0.44912445545196533203 0.44437158107757568359 0.4378420710563659668 0.42921084165573120117
0.40619137883186340332 0.40650781989097595215 0.4064210057258605957 0.40483811497688293457 0.41170254349708557129 0.44100666046142578125 0.45528927445411682129 0.45749813318252563477 0.45868575572967529297 0.45946615934371948242 0.45709893107414245605 0.45708829164505004883 0.45540830492973327637 0.45285838842391967773 0.44549465179443359375 0.4417889714241027832 0.4423605501651763916 0.44245651364326477051 0.44488188624382019043 0.45126563310623168945 0.45808136463165283203 0.46159559488296508789 0.4627513885498046875 0.46125212311744689941 0.46057808399200439453 0.4596366584300994873 0.46011710166931152344 0.46308559179306030273 0.46715095639228820801 0.47151589393615722656 0.47505614161491394043 0.47392895817756652832 0.46799892187118530273 0.4566345512866973877 0.44674023985862731934 0.44365799427032470703 0.4408480525016784668 0.4348163604736328125 0.42693039774894714355
0.40408483147621154785 0.40341413021087646484 0.40517565608024597168 0.40862026810646057129 0.40826338529586791992 0.43636953830718994141 0.45359578728675842285 0.45804134011268615723 0.45724275708198547363 0.45688405632972717285 0.45658469200134277344 0.45652449131011962891 0.45756864547729492188 0.45485892891883850098 0.44763997197151184082 0.4448076784610748291 0.44481441378593444824 0.44461280107498168945 0.44819837808609008789 0.45590767264366149902 0.46560755372047424316 0.46702936291694641113 0.46589550375938415527 0.46162956953048706055 0.46052989363670349121 0.45964354276657104492 0.45977842807769775391 0.4636732935905456543 0.4657764136791229248 0.47232192754745483398 0.47553944587707519531 0.47444313764572143555 0.47052687406539916992 0.45931857824325561523 0.44964039325714111328 0.44299811124801635742 0.44011637568473815918 0.4378420412540435791 0.43072545528411865234
0.40374732017517089844 0.40308353304862976074 0.40506431460380554199 0.41172507405281066895 0.41649574041366577148 0.43574485182762145996 0.45384895801544189453 0.45685851573944091797 0.45870980620384216309 0.45953854918479919434 0.46023854613304138184 0.46055382490158081055 0.45951190590858459473 0.4553991854190826416 0.4503053128719329834 0.44866192340850830078 0.44819912314414978027 0.44942530989646911621 0.45216542482376098633 0.45721203088760375977 0.46016746759414672852 0.46092092990875244141 0.46558970212936401367 0.46505591273307800293 0.46022880077362060547 0.46113443374633789062 0.46362143754959106445 0.4686540067195892334 0.47221115231513977051 0.47560071945190429688 0.47574582695960998535 0.47428071498870849609 0.46969208121299743652 0.46438080072402954102 0.4551182091236114502 0.44798001646995544434 0.44380423426628112793 0.43882742524147033691 0.43398270010948181152
0.39881369471549987793 0.39701384305953979492 0.39939999580383300781 0.40863639116287231445 0.42879024147987365723 0.44887232780456542969 0.45166215300559997559 0.45555627346038818359 0.46108683943748474121 0.4629630744457244873 0.46226075291633605957 0.46160399913787841797 0.46089628338813781738 0.45756930112838745117 0.4542592167854309082 0.45122805237770080566 0.44846889376640319824 0.44656661152839660645 0.44718268513679504395 0.44852364063262939453 0.44988277554512023926 0.45954343676567077637 0.46654999256134033203 0.46630135178565979004 0.4601179957389831543 0.46013990044593811035 0.46603932976722717285 0.47295895218849182129 0.47478160262107849121 0.4765402674674987793 0.47890785336494445801 0.4781799614429473877 0.47464820742607116699 0.47086730599403381348 0.46245843172073364258 0.45430102944374084473 0.44727459549903869629 0.44057166576385498047 0.43562290072441101074
0.39728513360023498535 0.39316999912261962891 0.39632850885391235352 0.40507969260215759277 0.42868667840957641602 0.46087977290153503418 0.45893281698226928711 0.4554252326488494873 0.46009069681167602539 0.46363812685012817383 0.46390312910079956055 0.46283164620399475098 0.46140879392623901367 0.46025270223617553711 0.46007144451141357422 0.45551040768623352051 0.45406743884086608887 0.44763809442520141602 0.44534668326377868652 0.44635182619094848633 0.46313676238059997559 0.4675286710262298584 0.46772456169128417969 0.46668893098831176758 0.46267962455749511719 0.46220061182975769043 0.47052735090255737305 0.47693580389022827148 0.47544065117835998535 0.47640851140022277832 0.47921669483184814453 0.47908341884613037109 0.47760209441184997559 0.47529524564743041992 0.46867257356643676758 0.45846652984619140625 0.44987210631370544434 0.44448903203010559082 0.43907278776168823242
0.39790555834770202637 0.39630657434463500977 0.3972530066967010498 0.40340641140937805176 0.42637294530868530273 0.45796623826026916504 0.4756978154182434082 0.46222889423370361328 0.45941993594169616699 0.45884162187576293945 0.4622008204460144043 0.46323215961456298828 0.46350792050361633301 0.46256390213966369629 0.46521809697151184082 0.46450015902519226074 0.4596977531909942627 0.45119124650955200195 0.4509105682373046875 0.45666706562042236328 0.46713483333587646484 0.46757146716117858887 0.46917283535003662109 0.46773049235343933105 0.46806156635284423828 0.46931746602058410645 0.47666060924530029297 0.48012501001358032227 0.47890874743461608887 0.4775505363941192627 0.47510507702827453613 0.47488078474998474121 0.47267198562622070312 0.47099086642265319824 0.4672692418098449707 0.45905801653861999512 0.45220318436622619629 0.4506886601448059082 0.44471096992492675781
0.40054285526275634766 0.39865529537200927734 0.39766600728034973145 0.39936873316764831543 0.41974565386772155762 0.4564374387264251709 0.47909286618232727051 0.48169207572937011719 0.46258705854415893555 0.45501798391342163086 0.45836377143859863281 0.46210178732872009277 0.46502041816711425781 0.46251958608627319336 0.46365126967430114746 0.46518880128860473633 0.46551397442817687988 0.46213373541831970215 0.46417534351348876953 0.4659455418586730957 0.4680595695972442627 0.46686697006225585938 0.4691384434700012207 0.46982595324516296387 0.47111743688583374023 0.47498914599418640137 0.47939378023147583008 0.48060449957847595215 0.48133420944213867188 0.4771772921085357666 0.47368574142456054688 0.47067490220069885254 0.47154504060745239258 0.47061306238174438477 0.46680536866188049316 0.46264684200286865234 0.455169677734375 0.45429655909538269043 0.44774636626243591309
0.40537783503532409668 0.40216588973999023438 0.40372967720031738281 0.40839317440986633301 0.42600983381271362305 0.45417940616607666016 0.47536778450012207031 0.4852454066276550293 0.47418373823165893555 0.45768499374389648438 0.45798626542091369629 0.46064004302024841309 0.46293029189109802246 0.46424272656440734863 0.46500912308692932129 0.4627939760684967041 0.46143662929534912109 0.46711504459381103516 0.46996045112609863281 0.46964433789253234863 0.46922659873962402344 0.46738475561141967773 0.4684543907642364502 0.47148999571800231934 0.47492444515228271484 0.47582191228866577148 0.47874876856803894043 0.47488814592361450195 0.47021940350532531738 0.46858835220336914062 0.46747437119483947754 0.46750745177268981934 0.46767273545265197754 0.46573096513748168945 0.46126005053520202637 0.45743152499198913574 0.45332050323486328125 0.45320656895637512207 0.45038652420043945312
0.40895625948905944824 0.41337627172470092773 0.41557782888412475586 0.42246353626251220703 0.43652400374412536621 0.45605111122131347656 0.47357654571533203125 0.48267194628715515137 0.48559910058975219727 0.46926724910736083984 0.45934891700744628906 0.46115818619728088379 0.46298438310623168945 0.4646975100040435791 0.46894156932830810547 0.46405166387557983398 0.4627341926097869873 0.46398296952247619629 0.46568948030471801758 0.46659249067306518555 0.46831089258193969727 0.46692493557929992676 0.46697604656219482422 0.47180992364883422852 0.47390964627265930176 0.47595420479774475098 0.4765834510326385498 0.47068995237350463867 0.46350345015525817871 0.46217978000640869141 0.46128135919570922852 0.46128600835800170898 0.46123716235160827637 0.45865496993064880371 0.45593982934951782227 0.45255449414253234863 0.45110598206520080566 0.44999799132347106934 0.45017707347869873047
0.42079526185989379883 0.42196738719940185547 0.4257634580135345459 0.43535137176513671875 0.4460614323616027832 0.46023437380790710449 0.4743868410587310791 0.48110321164131164551 0.48606446385383605957 0.47822639346122741699 0.46526944637298583984 0.4631315767765045166 0.46210551261901855469 0.46417903900146484375 0.46726408600807189941 0.46470674872398376465 0.46073460578918457031 0.4623495638370513916 0.46356508135795593262 0.46480986475944519043 0.4660415947437286377 0.46649110317230224609 0.46709236502647399902 0.47132590413093566895 0.47404134273529052734 0.47550377249717712402 0.47360664606094360352 0.46527513861656188965 0.46008208394050598145 0.45859009027481079102 0.45768132805824279785 0.45795699954032897949 0.45676958560943603516 0.45507934689521789551 0.45306664705276489258 0.45049291849136352539 0.45053386688232421875 0.44932800531387329102 0.446010589599609375
0.43246805667877197266 0.43415483832359313965 0.4381008446216583252 0.44338622689247131348 0.45380079746246337891 0.46582508087158203125 0.47979328036308288574 0.48554831743240356445 0.48102295398712158203 0.47272709012031555176 0.47174727916717529297 0.46447440981864929199 0.46069374680519104004 0.46258816123008728027 0.46320030093193054199 0.46206769347190856934 0.46159994602203369141 0.46273395419120788574 0.4653815925121307373 0.46816593408584594727 0.46761518716812133789 0.46994951367378234863 0.4692478179931640625 0.47147962450981140137 0.47462263703346252441 0.47440257668495178223 0.46791312098503112793 0.46259003877639770508 0.46045815944671630859 0.45947042107582092285 0.45990702509880065918 0.45866039395332336426 0.45874619483947753906 0.4570674896240234375 0.45379775762557983398 0.45061135292053222656 0.44865879416465759277 0.44995263218879699707 0.44618302583694458008
0.43954667448997497559 0.44038587808609008789 0.44429096579551696777 0.45120713114738464355 0.45967543125152587891 0.47672489285469055176 0.48410704731941223145 0.48874369263648986816 0.48443293571472167969 0.47943517565727233887 0.47667893767356872559 0.4736080169677734375 0.46414402127265930176 0.46358504891395568848 0.46440359950065612793 0.46059301495552062988 0.46075177192687988281 0.46287900209426879883 0.4662876129150390625 0.46934846043586730957 0.47062140703201293945 0.47303003072738647461 0.47182235121726989746 0.47208815813064575195 0.47418764233589172363 0.47323787212371826172 0.4661585688591003418 0.46383517980575561523 0.46277472376823425293 0.46137207746505737305 0.45998018980026245117 0.46051639318466186523 0.46001419425010681152 0.45882466435432434082 0.45580396056175231934 0.4514185786247253418 0.44815072417259216309 0.44976881146430969238 0.4499753117561340332
0.44790789484977722168 0.45005875825881958008 0.45376828312873840332 0.45919308066368103027 0.46695488691329956055 0.4787025153636932373 0.48553919792175292969 0.48971819877624511719 0.48706319928169250488 0.47865647077560424805 0.48156541585922241211 0.48797515034675598145 0.48295888304710388184 0.4802303612232208252 0.47735831141471862793 0.46911540627479553223 0.46370267868041992188 0.46445298194885253906 0.46674305200576782227 0.46921131014823913574 0.47232633829116821289 0.47422340512275695801 0.47342798113822937012 0.47390973567962646484 0.47431665658950805664 0.47236287593841552734 0.46885454654693603516 0.46639600396156311035 0.46309107542037963867 0.46113821864128112793 0.46156638860702514648 0.46215358376502990723 0.46270418167114257812 0.46146002411842346191 0.4584572911262512207 0.45409530401229858398 0.4530544579029083252 0.45609542727470397949 0.45690712332725524902
0.45323595404624938965 0.45547032356262207031 0.45896112918853759766 0.46609023213386535645 0.4758478701114654541 0.48154091835021972656 0.48641723394393920898 0.49071282148361206055 0.49007660150527954102 0.4859161078929901123 0.48837813735008239746 0.48687031865119934082 0.48213872313499450684 0.47795331478118896484 0.4745337367057800293 0.47123351693153381348 0.46867209672927856445 0.46582281589508056641 0.46889334917068481445 0.47110116481781005859 0.47296005487442016602 0.47456821799278259277 0.47470855712890625 0.47537451982498168945 0.47450464963912963867 0.47128525376319885254 0.4699357151985168457 0.46787726879119873047 0.46524247527122497559 0.463443756103515625 0.4635162353515625 0.46447134017944335938 0.4650236964225769043 0.46384906768798828125 0.46115216612815856934 0.45842310786247253418 0.4609692990779876709 0.46413823962211608887 0.46511563658714294434
0.46112605929374694824 0.46288591623306274414 0.46556809544563293457 0.47626292705535888672 0.47838225960731506348 0.48120793700218200684 0.48677021265029907227 0.48793488740921020508 0.48923394083976745605 0.48890963196754455566 0.48769816756248474121 0.48482429981231689453 0.48004513978958129883 0.47583875060081481934 0.47153961658477783203 0.47026032209396362305 0.46865713596343994141 0.46790525317192077637 0.46956449747085571289 0.47084969282150268555 0.47272008657455444336 0.4750194549560546875 0.47569173574447631836 0.4770215153694152832 0.47420349717140197754 0.47158402204513549805 0.47028210759162902832 0.46921357512474060059 0.46621465682983398438 0.46569335460662841797 0.46469223499298095703 0.46635785698890686035 0.46646073460578918457 0.46685034036636352539 0.46586281061172485352 0.46634793281555175781 0.46811267733573913574 0.47091132402420043945 0.46867048740386962891
0.46493169665336608887 0.46644413471221923828 0.47572666406631469727 0.47687441110610961914 0.4793548882007598877 0.48111909627914428711 0.48393669724464416504 0.48468554019927978516 0.4861857295036315918 0.48616781830787658691 0.48362910747528076172 0.48051393032073974609 0.47866129875183105469 0.47704738378524780273 0.4733588099479675293 0.47090381383895874023 0.46935814619064331055 0.47014075517654418945 0.46984615921974182129 0.47089314460754394531 0.4721813499927520752 0.47396254539489746094 0.47577893733978271484 0.47611668705940246582 0.47442334890365600586 0.4721959233283996582 0.47094911336898803711 0.4644222259521484375 0.46127110719680786133 0.46199744939804077148 0.46254968643188476562 0.46386823058128356934 0.46898043155670166016 0.47168749570846557617 0.47258794307708740234 0.47309708595275878906 0.47390288114547729492 0.47250577807426452637 0.46718475222587585449
