Inputs/ideal/sand.asc
ncols        100
nrows        92
xllcorner    528669.646615625010
yllcorner    5076826.926118221134
cellsize     100.000000000000
NODATA_value  -3.3999999999999999612e+38
[rows 34 to 50 of 92, columns 0 to 38 of 100]
0.4982789158821105957 0.48171937465667724609 0.46709409356117248535 0.46061843633651733398 0.45497199892997741699 0.44497463107109069824 0.43205139040946960449 0.4197165369987487793 0.4131787419319152832 0.40876024961471557617 0.40275874733924865723 0.39453247189521789551 0.38458344340324401855 0.3791624605655670166 0.37667539715766906738 0.37595197558403015137 0.3743044435977935791 0.37456488609313964844 0.37835228443145751953 0.38549545407295227051 0.39347863197326660156 0.40206003189086914062 0.40884318947792053223 0.40868848562240600586 0.40936622023582458496 0.40931794047355651855 0.40918365120887756348 0.40745803713798522949 0.40658509731292724609 0.40777161717414855957 0.40999147295951843262 0.41418781876564025879 0.41730225086212158203 0.4173603057861328125 0.41715264320373535156 0.4156939387321472168 0.41802877187728881836 0.42047274112701416016 0.42184805870056152344
0.4866867363452911377 0.47309771180152893066 0.46089330315589904785 0.45578086376190185547 0.45101812481880187988 0.44112122058868408203 0.42890146374702453613 0.41840139031410217285 0.41351732611656188965 0.41029584407806396484 0.40550181269645690918 0.39804401993751525879 0.38877898454666137695 0.38361555337905883789 0.38074183464050292969 0.3795058131217956543 0.3795153498649597168 0.38116118311882019043 0.3831945955753326416 0.38653478026390075684 0.39340731501579284668 0.40325388312339782715 0.40989521145820617676 0.41415292024612426758 0.41562917828559875488 0.41598999500274658203 0.41426503658294677734 0.41092532873153686523 0.40940719842910766602 0.41028326749801635742 0.41278573870658874512 0.41805529594421386719 0.41950502991676330566 0.41871920228004455566 0.41936120390892028809 0.41761341691017150879 0.41701152920722961426 0.41673538088798522949 0.41752573847770690918
0.46730300784111022949 0.46090647578239440918 0.4537639915943145752 0.45017573237419128418 0.44720435142517089844 0.43846306204795837402 0.42846074700355529785 0.4195207059383392334 0.41534239053726196289 0.41319701075553894043 0.40885722637176513672 0.40247514843940734863 0.39524939656257629395 0.39074715971946716309 0.38803741335868835449 0.38630926609039306641 0.38651371002197265625 0.38586205244064331055 0.38718637824058532715 0.38972127437591552734 0.39120516180992126465 0.39712446928024291992 0.40950974822044372559 0.42054256796836853027 0.42464989423751831055 0.42211458086967468262 0.41976934671401977539 0.4167601466178894043 0.41445142030715942383 0.4147542417049407959 0.41623380780220031738 0.41936743259429931641 0.42162629961967468262 0.41963735222816467285 0.4192148745059967041 0.41945368051528930664 0.41952109336853027344 0.41794976592063903809 0.4177723228931427002
0.45010316371917724609 0.44641354680061340332 0.4424648582935333252 0.44464629888534545898 0.44261747598648071289 0.43499857187271118164 0.42751535773277282715 0.41904011368751525879 0.4181080162525177002 0.41531029343605041504 0.41148972511291503906 0.40587615966796875 0.39954054355621337891 0.39571726322174072266 0.39511942863464355469 0.39193093776702880859 0.39062029123306274414 0.38658729195594787598 0.38777589797973632812 0.38987043499946594238 0.39332237839698791504 0.39494901895523071289 0.41118189692497253418 0.42726230621337890625 0.4300473630428314209 0.42619329690933227539 0.4239940345287322998 0.42188724875450134277 0.42139443755149841309 0.41771325469017028809 0.41726228594779968262 0.41929000616073608398 0.42104986310005187988 0.42124840617179870605 0.41895934939384460449 0.41797104477882385254 0.42118212580680847168 0.42117315530776977539 0.42113852500915527344
0.43837809562683105469 0.43623900413513183594 0.43558216094970703125 0.43846055865287780762 0.43826088309288024902 0.43432563543319702148 0.42973592877388000488 0.42527106404304504395 0.42190840840339660645 0.41752484440803527832 0.41244202852249145508 0.40647414326667785645 0.40034183859825134277 0.39611420035362243652 0.39496380090713500977 0.39312687516212463379 0.39204910397529602051 0.38963958621025085449 0.39136528968811035156 0.39293015003204345703 0.39507395029067993164 0.40215000510215759277 0.41423371434211730957 0.42732232809066772461 0.43212145566940307617 0.42845293879508972168 0.42547273635864257812 0.42653316259384155273 0.42469754815101623535 0.42001920938491821289 0.41745853424072265625 0.41797617077827453613 0.4186973273754119873 0.4191538393497467041 0.41946002840995788574 0.42050063610076904297 0.42413410544395446777 0.42451766133308410645 0.42304566502571105957
0.42952778935432434082 0.43054178357124328613 0.43115153908729553223 0.43272495269775390625 0.43445158004760742188 0.43506842851638793945 0.43366727232933044434 0.43100699782371520996 0.42472806572914123535 0.41880348324775695801 0.41332685947418212891 0.40621274709701538086 0.39814162254333496094 0.39381650090217590332 0.39225482940673828125 0.39261874556541442871 0.39308574795722961426 0.39416798949241638184 0.3955656588077545166 0.39873850345611572266 0.40204250812530517578 0.40654060244560241699 0.4174384772777557373 0.42888545989990234375 0.43355283141136169434 0.42857149243354797363 0.42805695533752441406 0.42973050475120544434 0.42833974957466125488 0.42334392666816711426 0.41849678754806518555 0.41540825366973876953 0.41595873236656188965 0.41574782133102416992 0.41544973850250244141 0.41935670375823974609 0.4243265986442565918 0.42757588624954223633 0.42439383268356323242
0.42802986502647399902 0.4259166419506072998 0.42650464177131652832 0.42833128571510314941 0.43169090151786804199 0.43547514081001281738 0.43614372611045837402 0.43393996357917785645 0.42667800188064575195 0.41962987184524536133 0.41426920890808105469 0.40743744373321533203 0.3983249664306640625 0.3936818540096282959 0.39101797342300415039 0.39128324389457702637 0.3931700587272644043 0.39433062076568603516 0.39755076169967651367 0.40497153997421264648 0.40545013546943664551 0.40832969546318054199 0.41867104172706604004 0.42835864424705505371 0.43354889750480651855 0.42852726578712463379 0.43076884746551513672 0.43207794427871704102 0.43235340714454650879 0.42995557188987731934 0.42421117424964904785 0.41797456145286560059 0.41619762778282165527 0.4159450829029083252 0.41514313220977783203 0.41798058152198791504 0.42345923185348510742 0.42876774072647094727 0.42602512240409851074
0.42919644713401794434 0.42730790376663208008 0.42456552386283874512 0.42415687441825866699 0.4260679781436920166 0.42990991473197937012 0.43196427822113037109 0.43060609698295593262 0.42591685056686401367 0.42073836922645568848 0.41595169901847839355 0.41097337007522583008 0.40441581606864929199 0.39764904975891113281 0.39185550808906555176 0.3895270228385925293 0.39099782705307006836 0.39147928357124328613 0.39207467436790466309 0.39901793003082275391 0.40201711654663085938 0.40661904215812683105 0.41364336013793945312 0.42114272713661193848 0.42870363593101501465 0.43307715654373168945 0.4330876767635345459 0.43554779887199401855 0.43601679801940917969 0.43500468134880065918 0.43026325106620788574 0.42442485690116882324 0.4224147796630859375 0.42394819855690002441 0.42292207479476928711 0.42243018746376037598 0.42520275712013244629 0.43133977055549621582 0.42944601178169250488
0.42723932862281799316 0.42910537123680114746 0.42587709426879882812 0.41869375109672546387 0.41954687237739562988 0.42411980032920837402 0.42639216780662536621 0.42680829763412475586 0.42359808087348937988 0.41981035470962524414 0.41747936606407165527 0.41459253430366516113 0.41062024235725402832 0.40137499570846557617 0.3916415870189666748 0.38783991336822509766 0.38772323727607727051 0.39036825299263000488 0.39334407448768615723 0.39415290951728820801 0.39825892448425292969 0.40416058897972106934 0.41131818294525146484 0.4178200066089630127 0.42088919878005981445 0.42564052343368530273 0.43373537063598632812 0.43792107701301574707 0.44005358219146728516 0.43757015466690063477 0.43664562702178955078 0.43235498666763305664 0.43131560087203979492 0.43127706646919250488 0.43141463398933410645 0.43032857775688171387 0.4313252568244934082 0.43574658036231994629 0.4328518211841583252
0.42424154281616210938 0.42762333154678344727 0.42206075787544250488 0.41574850678443908691 0.42117962241172790527 0.42523539066314697266 0.42359969019889831543 0.4225890040397644043 0.42037209868431091309 0.41692042350769042969 0.41521492600440979004 0.41373229026794433594 0.41055047512054443359 0.40306389331817626953 0.3954334259033203125 0.39226669073104858398 0.39013376832008361816 0.39207425713539123535 0.39379429817199707031 0.39539769291877746582 0.40123406052589416504 0.41018730401992797852 0.4188696742057800293 0.42467716336250305176 0.42755800485610961914 0.42984321713447570801 0.43546470999717712402 0.44411116838455200195 0.44524529576301574707 0.44497916102409362793 0.44269934296607971191 0.44125205278396606445 0.44124808907508850098 0.43923237919807434082 0.44051066040992736816 0.43847754597663879395 0.43693500757217407227 0.44266992807388305664 0.43995177745819091797
0.42800226807594299316 0.42818596959114074707 0.42314061522483825684 0.42145788669586181641 0.43279436230659484863 0.43856787681579589844 0.42294034361839294434 0.42156615853309631348 0.42023989558219909668 0.41287088394165039062 0.41059398651123046875 0.40898796916007995605 0.40591016411781311035 0.40252673625946044922 0.397838592529296875 0.39661166071891784668 0.3957220911979675293 0.39544749259948730469 0.39410415291786193848 0.39431485533714294434 0.40207940340042114258 0.41418084502220153809 0.42636513710021972656 0.43388023972511291504 0.4360980987548828125 0.4345003962516784668 0.43932393193244934082 0.44954919815063476562 0.45419189333915710449 0.4538542628288269043 0.44920703768730163574 0.44932615756988525391 0.4504954218864440918 0.45003622770309448242 0.44861078262329101562 0.44523569941520690918 0.44764488935470581055 0.45129615068435668945 0.45001491904258728027
0.42973080277442932129 0.43196624517440795898 0.42183214426040649414 0.42688947916030883789 0.44111013412475585938 0.4448146820068359375 0.42749735713005065918 0.42162138223648071289 0.42219188809394836426 0.41296735405921936035 0.40869209170341491699 0.40736210346221923828 0.40745809674263000488 0.40530613064765930176 0.40150487422943115234 0.39963680505752563477 0.3971856236457824707 0.39655074477195739746 0.39275577664375305176 0.39110597968101501465 0.40443333983421325684 0.42230325937271118164 0.43294939398765563965 0.43993392586708068848 0.43769475817680358887 0.43593519926071166992 0.44061514735221862793 0.45149469375610351562 0.46127715706825256348 0.46127715706825256348 0.45677131414413452148 0.45740354061126708984 0.45783799886703491211 0.45592519640922546387 0.45417907834053039551 0.45459583401679992676 0.45586293935775756836 0.45708587765693664551 0.45581915974617004395
0.4221286773681640625 0.42567664384841918945 0.41441708803176879883 0.422306060791015625 0.43730074167251586914 0.4376316070556640625 0.4354966580867767334 0.43279486894607543945 0.43299815058708190918 0.42865481972694396973 0.42118760943412780762 0.41953808069229125977 0.42294529080390930176 0.42146515846252441406 0.4141438603401184082 0.40718200802803039551 0.40363085269927978516 0.40443769097328186035 0.4060223698616027832 0.40797850489616394043 0.41688328981399536133 0.43002104759216308594 0.43922778964042663574 0.44192498922348022461 0.44119536876678466797 0.44166791439056396484 0.44715568423271179199 0.45411357283592224121 0.46266892552375793457 0.46842494606971740723 0.46558651328086853027 0.46383169293403625488 0.46400624513626098633 0.4600067436695098877 0.45695295929908752441 0.4573586881160736084 0.45667985081672668457 0.45537361502647399902 0.45233702659606933594
0.41294589638710021973 0.41794472932815551758 0.4114100039005279541 0.41654580831527709961 0.4279924929141998291 0.44489803910255432129 0.44902348518371582031 0.44694873690605163574 0.44491025805473327637 0.44382634758949279785 0.4385388493537902832 0.43841901421546936035 0.44207140803337097168 0.43643587827682495117 0.42992597818374633789 0.42012187838554382324 0.41541835665702819824 0.41518095135688781738 0.41713795065879821777 0.42469921708106994629 0.43453097343444824219 0.44551599025726318359 0.45332032442092895508 0.45332959294319152832 0.44963023066520690918 0.44642251729965209961 0.45116266608238220215 0.45654621720314025879 0.46346777677536010742 0.46975973248481750488 0.47115820646286010742 0.46839931607246398926 0.4656200408935546875 0.46057134866714477539 0.45797500014305114746 0.45584589242935180664 0.45223569869995117188 0.44919869303703308105 0.44730201363563537598
0.40765139460563659668 0.41064286231994628906 0.40259191393852233887 0.4042619168758392334 0.42322432994842529297 0.45136401057243347168 0.4617245793342590332 0.45719537138938903809 0.4552592933177947998 0.45612156391143798828 0.45768159627914428711 0.45695951581001281738 0.4530932307243347168 0.44616410136222839355 0.43840643763542175293 0.42772278189659118652 0.42372232675552368164 0.42161601781845092773 0.42530170083045959473 0.43387848138809204102 0.44733023643493652344 0.45911440253257751465 0.46476578712463378906 0.46539220213890075684 0.46054098010063171387 0.45557290315628051758 0.45634496212005615234 0.45959988236427307129 0.46378743648529052734 0.46795445680618286133 0.47151586413383483887 0.47005984187126159668 0.46705725789070129395 0.4613132178783416748 0.45717698335647583008 0.45317351818084716797 0.4484017789363861084 0.44394099712371826172 0.44269779324531555176
0.40693703293800354004 0.40672934055328369141 0.39386141300201416016 0.40302860736846923828 0.42402890324592590332 0.44700995087623596191 0.45470392704010009766 0.45677220821380615234 0.45798480510711669922 0.46015349030494689941 0.4546635746955871582 0.45336174964904785156 0.44954669475555419922 0.44665628671646118164 0.43996259570121765137 0.43319496512413024902 0.4269657135009765625 0.42523118853569030762 0.42784506082534790039 0.43521681427955627441 0.4472255408763885498 0.46054619550704956055 0.46874225139617919922 0.47025659680366516113 0.46563699841499328613 0.45893770456314086914 0.4591312706470489502 0.46196910738945007324 0.46556442975997924805 0.47030538320541381836 0.47218433022499084473 0.47186940908432006836 0.46758514642715454102 0.46092528104782104492 0.45543590188026428223 0.45380297303199768066 0.44803190231323242188 0.44197571277618408203 0.43981468677520751953
0.40407431125640869141 0.40307191014289855957 0.38930112123489379883 0.39893355965614318848 0.41672113537788391113 0.44194456934928894043 0.45098546147346496582 0.45733600854873657227 0.46179145574569702148 0.45760434865951538086 0.4576015472412109375 0.45818540453910827637 0.45551586151123046875 0.44906854629516601562 0.44435480237007141113 0.4367707669734954834 0.42948633432388305664 0.42614787817001342773 0.42966747283935546875 0.4361515343189239502 0.44527661800384521484 0.4562549591064453125 0.46304392814636230469 0.46559083461761474609 0.46680468320846557617 0.46161183714866638184 0.45965498685836791992 0.46403470635414123535 0.46957495808601379395 0.47208327054977416992 0.47202581167221069336 0.4714768528938293457 0.46637690067291259766 0.45858252048492431641 0.4532883763313293457 0.45117545127868652344 0.44686013460159301758 0.44007068872451782227 0.43483459949493408203
