Inputs/ideal/sand.asc
ncols        100
nrows        92
xllcorner    528669.646615625010
yllcorner    5076826.926118221134
cellsize     100.000000000000
NODATA_value  -3.3999999999999999612e+38
[rows 68 to 84 of 92, columns 39 to 77 of 100]
0.46308979392051696777 0.46220830082893371582 0.45931157469749450684 0.45841133594512939453 0.45586094260215759277 0.44677746295928955078 0.43476054072380065918 0.42411029338836669922 0.41864728927612304688 0.41467294096946716309 0.41248688101768493652 0.40977218747138977051 0.40468868613243103027 0.39759671688079833984 0.39295351505279541016 0.3901570439338684082 0.38525372743606567383 0.37742379307746887207 0.36893624067306518555 0.36140099167823791504 0.35534188151359558105 0.34749928116798400879 0.34351623058319091797 0.34192514419555664062 0.34131649136543273926 0.34204986691474914551 0.3445784449577331543 0.34616482257843017578 0.34921786189079284668 0.35606539249420166016 0.3630339503288269043 0.36890676617622375488 0.37210202217102050781 0.37309843301773071289 0.37354430556297302246 0.37500336766242980957 0.38032457232475280762 0.38657292723655700684 0.39308717846870422363
0.46201026439666748047 0.45890894532203674316 0.45836806297302246094 0.45804327726364135742 0.45265120267868041992 0.44423818588256835938 0.43222182989120483398 0.4244982600212097168 0.42036062479019165039 0.41540455818176269531 0.41331383585929870605 0.41095328330993652344 0.40605375170707702637 0.39847290515899658203 0.39147341251373291016 0.3875789344310760498 0.38347902894020080566 0.37701943516731262207 0.36890310049057006836 0.36109873652458190918 0.35563316941261291504 0.34894597530364990234 0.34423145651817321777 0.34313243627548217773 0.34415465593338012695 0.34647122025489807129 0.34823966026306152344 0.34900847077369689941 0.35245779156684875488 0.36086061596870422363 0.36849585175514221191 0.37339478731155395508 0.37455159425735473633 0.37413510680198669434 0.37420108914375305176 0.37493154406547546387 0.38047122955322265625 0.38674372434616088867 0.39292964339256286621
0.45971563458442687988 0.45724090933799743652 0.45686998963356018066 0.4552059471607208252 0.45084398984909057617 0.44253170490264892578 0.43347698450088500977 0.42860588431358337402 0.42408162355422973633 0.41862511634826660156 0.41487702727317810059 0.41131770610809326172 0.40668830275535583496 0.4019604027271270752 0.39622044563293457031 0.38883087038993835449 0.38255465030670166016 0.37655112147331237793 0.36815446615219116211 0.35839647054672241211 0.34944653511047363281 0.34370696544647216797 0.34217077493667602539 0.3425445556640625 0.34584733843803405762 0.34986120462417602539 0.35107353329658508301 0.35181379318237304688 0.35617017745971679688 0.36301973462104797363 0.37043601274490356445 0.37554445862770080566 0.37705662846565246582 0.37736153602600097656 0.37823411822319030762 0.37982502579689025879 0.38307654857635498047 0.38694486021995544434 0.38959845900535583496
0.45760199427604675293 0.4569015800952911377 0.45543363690376281738 0.4533011019229888916 0.44972458481788635254 0.44381326436996459961 0.43760037422180175781 0.43455955386161804199 0.42884200811386108398 0.42251658439636230469 0.41601708531379699707 0.41128465533256530762 0.40705019235610961914 0.40403571724891662598 0.39948362112045288086 0.3887278139591217041 0.38079801201820373535 0.37381988763809204102 0.36401674151420593262 0.34992232918739318848 0.34337314963340759277 0.3415654301643371582 0.34082454442977905273 0.34221103787422180176 0.3475996553897857666 0.35305887460708618164 0.35487467050552368164 0.35505029559135437012 0.35671919584274291992 0.36568084359169006348 0.37294402718544006348 0.37743496894836425781 0.37892302870750427246 0.37941884994506835938 0.38141071796417236328 0.3840084373950958252 0.38537603616714477539 0.38684180378913879395 0.3863868415355682373
0.45387551188468933105 0.4564068913459777832 0.45305773615837097168 0.44999390840530395508 0.44787582755088806152 0.44522255659103393555 0.44082969427108764648 0.4379927217960357666 0.43205374479293823242 0.42406216263771057129 0.41606509685516357422 0.4116865694522857666 0.40783032774925231934 0.40452501177787780762 0.39885422587394714355 0.38779547810554504395 0.38102298974990844727 0.37017643451690673828 0.35910871624946594238 0.34838345646858215332 0.3434454798698425293 0.3416792750358581543 0.34101849794387817383 0.34368026256561279297 0.3502369225025177002 0.35603851079940795898 0.358943939208984375 0.35883045196533203125 0.36113435029983520508 0.36883959174156188965 0.37509033083915710449 0.37754574418067932129 0.37926208972930908203 0.38086521625518798828 0.38311454653739929199 0.3851998746395111084 0.38569307327270507812 0.38551911711692810059 0.38433441519737243652
0.45066717267036437988 0.45311775803565979004 0.45243158936500549316 0.44941133260726928711 0.44688442349433898926 0.44642728567123413086 0.44296434521675109863 0.4396635591983795166 0.43169543147087097168 0.42130705714225769043 0.41513776779174804688 0.41214981675148010254 0.40939125418663024902 0.40537583827972412109 0.3993072509765625 0.38408750295639038086 0.37749922275543212891 0.36539939045906066895 0.35954743623733520508 0.35530361533164978027 0.35123261809349060059 0.34566375613212585449 0.34200754761695861816 0.3447971045970916748 0.35336068272590637207 0.35930013656616210938 0.36202645301818847656 0.36268302798271179199 0.36751824617385864258 0.37311384081840515137 0.37667381763458251953 0.37944713234901428223 0.37966310977935791016 0.38134825229644775391 0.3829440772533416748 0.38434106111526489258 0.38511621952056884766 0.38428381085395812988 0.38316741585731506348
0.44979825615882873535 0.45359593629837036133 0.45237025618553161621 0.448207855224609375 0.44722834229469299316 0.44763621687889099121 0.44716334342956542969 0.44319811463356018066 0.43079245090484619141 0.41985520720481872559 0.41441386938095092773 0.41286501288414001465 0.41192734241485595703 0.40529003739356994629 0.39775544404983520508 0.38423767685890197754 0.37739145755767822266 0.36930903792381286621 0.36560407280921936035 0.36410796642303466797 0.35651883482933044434 0.34792050719261169434 0.34309136867523193359 0.34607326984405517578 0.35619202256202697754 0.36090010404586791992 0.36354139447212219238 0.36585563421249389648 0.37121570110321044922 0.37640941143035888672 0.37850648164749145508 0.37887465953826904297 0.3796132504940032959 0.38190129399299621582 0.38317251205444335938 0.38416758179664611816 0.3844159245491027832 0.3837165534496307373 0.38305693864822387695
0.45214512944221496582 0.45336833596229553223 0.45165050029754638672 0.44692009687423706055 0.44592395424842834473 0.44636690616607666016 0.44643488526344299316 0.44202429056167602539 0.43091940879821777344 0.42013350129127502441 0.41467431187629699707 0.41291370987892150879 0.40991517901420593262 0.40548568964004516602 0.39946648478507995605 0.38716736435890197754 0.37944138050079345703 0.37387964129447937012 0.3729051053524017334 0.3690560758113861084 0.36056250333786010742 0.35141476988792419434 0.34708473086357116699 0.34995511174201965332 0.35680687427520751953 0.36097949743270874023 0.36417689919471740723 0.36629128456115722656 0.36992809176445007324 0.37365582585334777832 0.37577572464942932129 0.37625008821487426758 0.37818700075149536133 0.38091748952865600586 0.38279002904891967773 0.38492614030838012695 0.38607764244079589844 0.38620078563690185547 0.38595828413963317871
0.45409095287322998047 0.45482474565505981445 0.45400160551071166992 0.44955664873123168945 0.4478740692138671875 0.44737765192985534668 0.44627642631530761719 0.44149369001388549805 0.4287618100643157959 0.41897749900817871094 0.41401994228363037109 0.41253718733787536621 0.41022008657455444336 0.4069646298885345459 0.40282723307609558105 0.39367210865020751953 0.38663446903228759766 0.38229274749755859375 0.37881627678871154785 0.37314695119857788086 0.36341798305511474609 0.35398986935615539551 0.35148310661315917969 0.35281965136528015137 0.35722112655639648438 0.36155933141708374023 0.36589527130126953125 0.3664277493953704834 0.36759713292121887207 0.37078437209129333496 0.37223318219184875488 0.37419044971466064453 0.37557694315910339355 0.37760767340660095215 0.38080117106437683105 0.3857593238353729248 0.38824051618576049805 0.3892173469066619873 0.38770598173141479492
0.46102863550186157227 0.45806035399436950684 0.45501449704170227051 0.45121261477470397949 0.4493561089038848877 0.44794532656669616699 0.44653493165969848633 0.44162458181381225586 0.42947494983673095703 0.42019113898277282715 0.41467565298080444336 0.4121125340461730957 0.41071408987045288086 0.40842112898826599121 0.40394476056098937988 0.39599394798278808594 0.38965895771980285645 0.38539093732833862305 0.38159450888633728027 0.37561786174774169922 0.36489519476890563965 0.35628536343574523926 0.35577687621116638184 0.35722932219505310059 0.35937020182609558105 0.36285766959190368652 0.36734130978584289551 0.36857089400291442871 0.36813515424728393555 0.36969071626663208008 0.37113535404205322266 0.37141728401184082031 0.37103158235549926758 0.37391564249992370605 0.37985756993293762207 0.38535600900650024414 0.38817581534385681152 0.38939771056175231934 0.38725814223289489746
0.46422749757766723633 0.46046948432922363281 0.45806464552879333496 0.45505818724632263184 0.45286217331886291504 0.45133954286575317383 0.44880151748657226562 0.44283217191696166992 0.43312481045722961426 0.4240868985652923584 0.41837647557258605957 0.41402718424797058105 0.41105231642723083496 0.40784028172492980957 0.40243059396743774414 0.39644837379455566406 0.39146211743354797363 0.38779786229133605957 0.3826567232608795166 0.37455013394355773926 0.36721393465995788574 0.36134919524192810059 0.36003950238227844238 0.36209002137184143066 0.36270198225975036621 0.36642578244209289551 0.3700905144214630127 0.36943459510803222656 0.36805635690689086914 0.36797931790351867676 0.36888661980628967285 0.37005406618118286133 0.37086999416351318359 0.37371754646301269531 0.37829658389091491699 0.38284453749656677246 0.38557395339012145996 0.38651275634765625 0.38591945171356201172
0.46214926242828369141 0.46264117956161499023 0.46201491355895996094 0.4612236320972442627 0.45891451835632324219 0.45631349086761474609 0.45120480656623840332 0.44549629092216491699 0.43659079074859619141 0.42875510454177856445 0.42462310194969177246 0.41988000273704528809 0.41358810663223266602 0.40894311666488647461 0.40359729528427124023 0.39850991964340209961 0.39383688569068908691 0.39053750038146972656 0.38396254181861877441 0.37685224413871765137 0.37118494510650634766 0.3655262291431427002 0.36500731110572814941 0.36642995476722717285 0.36693835258483886719 0.36937052011489868164 0.37115749716758728027 0.36983329057693481445 0.36845299601554870605 0.36760088801383972168 0.36770889163017272949 0.36955875158309936523 0.37098747491836547852 0.37329170107841491699 0.3769105374813079834 0.38121506571769714355 0.38266670703887939453 0.3836193382740020752 0.38385903835296630859
0.45662137866020202637 0.45717531442642211914 0.45794215798377990723 0.46038952469825744629 0.46046909689903259277 0.45627433061599731445 0.45107984542846679688 0.44565933942794799805 0.43533471226692199707 0.4291743934154510498 0.42489862442016601562 0.42010083794593811035 0.41556003689765930176 0.41429078578948974609 0.41109257936477661133 0.40793314576148986816 0.40375363826751708984 0.39590182900428771973 0.38875994086265563965 0.38089570403099060059 0.37581801414489746094 0.3722203373908996582 0.3719418644905090332 0.3712317049503326416 0.3716348111629486084 0.3734582066535949707 0.37465363740921020508 0.37361180782318115234 0.37049964070320129395 0.3692226707935333252 0.36843252182006835938 0.36925971508026123047 0.37047982215881347656 0.37203425168991088867 0.37464481592178344727 0.37673684954643249512 0.37721785902976989746 0.37687441706657409668 0.37649071216583251953
0.44818723201751708984 0.45073848962783813477 0.45303910970687866211 0.45374158024787902832 0.44940018653869628906 0.44799405336380004883 0.44498816132545471191 0.43772676587104797363 0.43132257461547851562 0.42657765746116638184 0.42478165030479431152 0.41922944784164428711 0.4142315983772277832 0.41213077306747436523 0.41104620695114135742 0.41025069355964660645 0.40934228897094726562 0.40566641092300415039 0.39729806780815124512 0.38655251264572143555 0.38129326701164245605 0.37862810492515563965 0.37762692570686340332 0.37674728035926818848 0.3766308128833770752 0.37864857912063598633 0.38181564211845397949 0.38226607441902160645 0.37827458977699279785 0.37229332327842712402 0.36978140473365783691 0.36856558918952941895 0.36915048956871032715 0.37060213088989257812 0.37270849943161010742 0.3734111785888671875 0.37164822220802307129 0.36905750632286071777 0.36769065260887145996
0.43870002031326293945 0.44110018014907836914 0.44257462024688720703 0.44306221604347229004 0.44214582443237304688 0.43921563029289245605 0.43480813503265380859 0.43103933334350585938 0.42586573958396911621 0.42328631877899169922 0.42370232939720153809 0.42097783088684082031 0.41514199972152709961 0.41092950105667114258 0.40962061285972595215 0.41002300381660461426 0.40762352943420410156 0.40762197971343994141 0.39732924103736877441 0.38467428088188171387 0.38059139251708984375 0.37966799736022949219 0.37873032689094543457 0.37865719199180603027 0.37806019186973571777 0.38131856918334960938 0.38688364624977111816 0.38855302333831787109 0.38757666945457458496 0.3782583773136138916 0.37159308791160583496 0.3682810664176940918 0.36795538663864135742 0.36892339587211608887 0.36967736482620239258 0.36969524621963500977 0.36621835827827453613 0.36230415105819702148 0.35964441299438476562
0.43338188529014587402 0.43521431088447570801 0.43532979488372802734 0.43483003973960876465 0.43539121747016906738 0.43321090936660766602 0.42903700470924377441 0.42898580431938171387 0.42281717061996459961 0.41793519258499145508 0.41863843798637390137 0.41851198673248291016 0.41669866442680358887 0.41568934917449951172 0.4138075709342956543 0.41208449006080627441 0.40812668204307556152 0.40276670455932617188 0.39669850468635559082 0.38712623715400695801 0.38096094131469726562 0.37974008917808532715 0.37801203131675720215 0.37639456987380981445 0.37531954050064086914 0.37648764252662658691 0.38121613860130310059 0.38520190119743347168 0.38363471627235412598 0.37882944941520690918 0.37225323915481567383 0.36858102679252624512 0.36742699146270751953 0.36550825834274291992 0.3659541010856628418 0.36584755778312683105 0.36412128806114196777 0.36063274741172790527 0.35546818375587463379
0.43035295605659484863 0.43261265754699707031 0.43015238642692565918 0.43081545829772949219 0.43104830384254455566 0.42826250195503234863 0.42384934425354003906 0.42952656745910644531 0.42582669854164123535 0.41499018669128417969 0.41392883658409118652 0.41566494107246398926 0.41574957966804504395 0.41686114668846130371 0.41653782129287719727 0.41329014301300048828 0.40756571292877197266 0.3996283411979675293 0.39435720443725585938 0.38603448867797851562 0.38170331716537475586 0.37938073277473449707 0.37690442800521850586 0.37453356385231018066 0.37123292684555053711 0.37118634581565856934 0.37611934542655944824 0.37983903288841247559 0.3772640526294708252 0.37436947226524353027 0.37083980441093444824 0.36774292588233947754 0.36666545271873474121 0.36560019850730895996 0.36461329460144042969 0.36270612478256225586 0.36139851808547973633 0.35705670714378356934 0.35059776902198791504
