Inputs/ideal/sand.asc
ncols        100
nrows        92
xllcorner    528669.646615625010
yllcorner    5076826.926118221134
cellsize     100.000000000000
NODATA_value  -3.3999999999999999612e+38
[rows 34 to 50 of 92, columns 39 to 77 of 100]
0.4245898127555847168 0.42655923962593078613 0.42765945196151733398 0.42862898111343383789 0.42894911766052246094 0.42894726991653442383 0.42615211009979248047 0.42398083209991455078 0.42336583137512207031 0.42186149954795837402 0.41650235652923583984 0.40359514951705932617 0.38783094286918640137 0.37605559825897216797 0.36700648069381713867 0.36138799786567687988 0.35500058531761169434 0.34839200973510742188 0.34972757101058959961 0.35097032785415649414 0.34409502148628234863 0.33678176999092102051 0.33398336172103881836 0.33612516522407531738 0.33987459540367126465 0.34314125776290893555 0.34516766667366027832 0.3455969393253326416 0.3468647003173828125 0.34868171811103820801 0.3522726595401763916 0.35756525397300720215 0.36069566011428833008 0.36344757676124572754 0.3644479215145111084 0.36611315608024597168 0.36950516700744628906 0.37235724925994873047 0.37014722824096679688
0.42150709033012390137 0.4265250861644744873 0.4274972379207611084 0.42855295538902282715 0.42801240086555480957 0.42756029963493347168 0.42437306046485900879 0.42043140530586242676 0.41740062832832336426 0.4146684110164642334 0.40835756063461303711 0.39637330174446105957 0.3815002143383026123 0.37097004055976867676 0.36483794450759887695 0.36188492178916931152 0.35790079832077026367 0.35190853476524353027 0.35214820504188537598 0.35182130336761474609 0.34544208645820617676 0.33926677703857421875 0.33700895309448242188 0.33918493986129760742 0.34321948885917663574 0.3449669182300567627 0.34621953964233398438 0.34459617733955383301 0.34540131688117980957 0.34742885828018188477 0.35049876570701599121 0.35610973834991455078 0.35757005214691162109 0.35939314961433410645 0.35970574617385864258 0.36364921927452087402 0.36781492829322814941 0.37024325132369995117 0.36636620759963989258
0.42109876871109008789 0.42634829878807067871 0.42646270990371704102 0.42711374163627624512 0.42759817838668823242 0.42708897590637207031 0.42450863122940063477 0.42133748531341552734 0.41961023211479187012 0.41264569759368896484 0.4066721498966217041 0.39289015531539916992 0.37780833244323730469 0.36917361617088317871 0.36553108692169189453 0.36367192864418029785 0.36115550994873046875 0.35821199417114257812 0.35549327731132507324 0.35060411691665649414 0.34506294131278991699 0.34157276153564453125 0.34242650866508483887 0.34416183829307556152 0.34520068764686584473 0.34663951396942138672 0.34813085198402404785 0.34615781903266906738 0.34444561600685119629 0.34783476591110229492 0.35164722800254821777 0.35409873723983764648 0.35436365008354187012 0.3547159731388092041 0.35762345790863037109 0.36166009306907653809 0.36454629898071289062 0.3644122779369354248 0.36120963096618652344
0.42361670732498168945 0.4258931279182434082 0.42639070749282836914 0.42648202180862426758 0.42608702182769775391 0.42484468221664428711 0.42510420083999633789 0.42582905292510986328 0.42588725686073303223 0.42006504535675048828 0.41052126884460449219 0.39370310306549072266 0.37559565901756286621 0.3688825070858001709 0.36367759108543395996 0.36459937691688537598 0.3646583855152130127 0.36355572938919067383 0.35752123594284057617 0.34979167580604553223 0.34635517001152038574 0.34447273612022399902 0.34902104735374450684 0.35127046704292297363 0.34892448782920837402 0.34862843155860900879 0.34948316216468811035 0.34894007444381713867 0.34634482860565185547 0.34891611337661743164 0.35119214653968811035 0.3501217961311340332 0.35125422477722167969 0.35167944431304931641 0.35588303208351135254 0.36026963591575622559 0.3608792722225189209 0.35911780595779418945 0.35686334967613220215
0.42464587092399597168 0.42549097537994384766 0.42518195509910583496 0.42590168118476867676 0.42478469014167785645 0.42314416170120239258 0.42352578043937683105 0.42402508854866027832 0.42139983177185058594 0.41695261001586914062 0.40752816200256347656 0.39255997538566589355 0.37614300847053527832 0.36838236451148986816 0.36485549807548522949 0.36457389593124389648 0.36364883184432983398 0.36121726036071777344 0.35719084739685058594 0.35172149538993835449 0.34814605116844177246 0.34808939695358276367 0.35061028599739074707 0.35280093550682067871 0.35247474908828735352 0.35118243098258972168 0.3534177243709564209 0.35517418384552001953 0.35474541783332824707 0.35511922836303710938 0.35277730226516723633 0.34827306866645812988 0.34840375185012817383 0.35072967410087585449 0.35647475719451904297 0.35729637742042541504 0.3590106666088104248 0.35836732387542724609 0.3575801849365234375
0.42565357685089111328 0.42573094367980957031 0.42504876852035522461 0.42494422197341918945 0.42299419641494750977 0.42106825113296508789 0.42264297604560852051 0.42270165681838989258 0.41995730996131896973 0.41464251279830932617 0.40433636307716369629 0.38848322629928588867 0.37254062294960021973 0.36400854587554931641 0.36156600713729858398 0.35962459444999694824 0.35738429427146911621 0.35655704140663146973 0.35607513785362243652 0.35392814874649047852 0.35151433944702148438 0.3523159027099609375 0.35289180278778076172 0.35261514782905578613 0.35303628444671630859 0.35349863767623901367 0.35518819093704223633 0.36090329289436340332 0.36470365524291992188 0.36429587006568908691 0.35992577672004699707 0.3512579798698425293 0.34892123937606811523 0.35174527764320373535 0.35681194067001342773 0.3578071296215057373 0.36035799980163574219 0.36052155494689941406 0.35936906933784484863
0.42647668719291687012 0.42679142951965332031 0.42597246170043945312 0.42393818497657775879 0.42263633012771606445 0.42070457339286804199 0.42221108078956604004 0.4199288785457611084 0.41646105051040649414 0.41109549999237060547 0.40289324522018432617 0.38876333832740783691 0.37210837006568908691 0.36474868655204772949 0.35952433943748474121 0.35691463947296142578 0.35584723949432373047 0.35546848177909851074 0.35512501001358032227 0.35393783450126647949 0.35232380032539367676 0.35532194375991821289 0.35566747188568115234 0.35634011030197143555 0.35567510128021240234 0.35415488481521606445 0.35671281814575195312 0.36320400238037109375 0.36936467885971069336 0.37093713879585266113 0.36620411276817321777 0.35695195198059082031 0.35353133082389831543 0.35373595356941223145 0.35686343908309936523 0.35958430171012878418 0.36138957738876342773 0.36006405949592590332 0.36112880706787109375
0.42780596017837524414 0.42833498120307922363 0.4262981712818145752 0.42488792538642883301 0.42310541868209838867 0.42269164323806762695 0.42276391386985778809 0.41839182376861572266 0.41355079412460327148 0.40855759382247924805 0.40176293253898620605 0.39255306124687194824 0.38127952814102172852 0.37106594443321228027 0.36314526200294494629 0.35908976197242736816 0.35726010799407958984 0.3552608489990234375 0.35345420241355895996 0.35101142525672912598 0.35001003742218017578 0.35307210683822631836 0.35724288225173950195 0.36213731765747070312 0.36261090636253356934 0.36143651604652404785 0.3609205782413482666 0.36471045017242431641 0.3695901334285736084 0.37284231185913085938 0.36976924538612365723 0.36280912160873413086 0.35710439085960388184 0.35569560527801513672 0.35778450965881347656 0.36192178726196289062 0.36340379714965820312 0.36153483390808105469 0.36207741498947143555
0.43125385046005249023 0.43149635195732116699 0.42878922820091247559 0.42525932192802429199 0.42418783903121948242 0.42369803786277770996 0.42263418436050415039 0.4165166020393371582 0.40937042236328125 0.4050349891185760498 0.40298917889595031738 0.39853638410568237305 0.39176106452941894531 0.37801286578178405762 0.36794394254684448242 0.36310613155364990234 0.3588218986988067627 0.35430938005447387695 0.35182341933250427246 0.34920632839202880859 0.34812271595001220703 0.35118067264556884766 0.35963535308837890625 0.36579823493957519531 0.36960017681121826172 0.36966538429260253906 0.36806410551071166992 0.36908712983131408691 0.37336930632591247559 0.37582609057426452637 0.37380561232566833496 0.37047562003135681152 0.36449125409126281738 0.36134195327758789062 0.3627859950065612793 0.3632729649543762207 0.36292356252670288086 0.3632622063159942627 0.36260691285133361816
0.43774390220642089844 0.43642303347587585449 0.43257820606231689453 0.4285227358341217041 0.42683380842208862305 0.42588707804679870605 0.42208307981491088867 0.41401270031929016113 0.40776848793029785156 0.40297698974609375 0.40115097165107727051 0.3987719416618347168 0.39362424612045288086 0.38182392716407775879 0.37064990401268005371 0.36473479866981506348 0.3599681556224822998 0.35427305102348327637 0.3501383662223815918 0.34740814566612243652 0.34863397479057312012 0.35229587554931640625 0.36060962080955505371 0.36880183219909667969 0.37365090847015380859 0.37490004301071166992 0.37181121110916137695 0.3714701235294342041 0.37446954846382141113 0.37786263227462768555 0.37652301788330078125 0.37117248773574829102 0.3669852912425994873 0.3653379976749420166 0.36550360918045043945 0.36211302876472473145 0.36059623956680297852 0.36024680733680725098 0.36247780919075012207
0.44511738419532775879 0.44120201468467712402 0.43729579448699951172 0.43221673369407653809 0.43028494715690612793 0.4281425178050994873 0.42419934272766113281 0.41728958487510681152 0.40983751416206359863 0.4057267308235168457 0.40374231338500976562 0.39971563220024108887 0.3924579322338104248 0.38217404484748840332 0.37131059169769287109 0.36311367154121398926 0.35813245177268981934 0.35320338606834411621 0.34965720772743225098 0.3479671180248260498 0.35168191790580749512 0.35343021154403686523 0.36161574721336364746 0.37001645565032958984 0.3747037053108215332 0.37668788433074951172 0.3735325932502746582 0.37151861190795898438 0.37417456507682800293 0.37842568755149841309 0.3748168647289276123 0.37212914228439331055 0.368564605712890625 0.368106842041015625 0.36346927285194396973 0.36093732714653015137 0.3581295311450958252 0.35692995786666870117 0.35927784442901611328
0.45086428523063659668 0.44363334774971008301 0.43896332383155822754 0.43432849645614624023 0.43254899978637695312 0.43074494600296020508 0.42267385125160217285 0.41602426767349243164 0.40995395183563232422 0.40585687756538391113 0.40458142757415771484 0.4010728299617767334 0.39388215541839599609 0.38328757882118225098 0.37190365791320800781 0.36412614583969116211 0.35880655050277709961 0.35509765148162841797 0.35309424996376037598 0.35222020745277404785 0.35594579577445983887 0.3568859100341796875 0.36399060487747192383 0.37143751978874206543 0.37453621625900268555 0.37703692913055419922 0.37563556432723999023 0.37204077839851379395 0.37260273098945617676 0.37655743956565856934 0.37633219361305236816 0.37651872634887695312 0.37124291062355041504 0.36394083499908447266 0.35949617624282836914 0.3579152524471282959 0.35563027858734130859 0.35430508852005004883 0.35514488816261291504
0.44653096795082092285 0.44030034542083740234 0.43415170907974243164 0.43337115645408630371 0.43253871798515319824 0.43251466751098632812 0.42487192153930664062 0.41758209466934204102 0.41346323490142822266 0.4108606874942779541 0.40848758816719055176 0.40371000766754150391 0.39463216066360473633 0.38324508070945739746 0.37268862128257751465 0.36640641093254089355 0.36284998059272766113 0.36183759570121765137 0.36391946673393249512 0.36369583010673522949 0.36598789691925048828 0.36777344346046447754 0.36939215660095214844 0.37026390433311462402 0.37118139863014221191 0.37358781695365905762 0.37512606382369995117 0.37256577610969543457 0.37303584814071655273 0.37622457742691040039 0.37478998303413391113 0.37121281027793884277 0.36598113179206848145 0.35412889719009399414 0.34859505295753479004 0.34808939695358276367 0.34822121262550354004 0.34794905781745910645 0.34906476736068725586
0.4412123262882232666 0.43523859977722167969 0.4295406639575958252 0.42923715710639953613 0.42841771245002746582 0.43283480405807495117 0.43080130219459533691 0.42384004592895507812 0.42028763890266418457 0.41962349414825439453 0.41890996694564819336 0.40998607873916625977 0.39739757776260375977 0.38520282506942749023 0.37624785304069519043 0.37218019366264343262 0.36937853693962097168 0.37363567948341369629 0.37779352068901062012 0.37865430116653442383 0.37789636850357055664 0.37733179330825805664 0.37688648700714111328 0.37386375665664672852 0.37289699912071228027 0.37219771742820739746 0.37311723828315734863 0.37373673915863037109 0.3747450709342956543 0.37445420026779174805 0.36953866481781005859 0.36552602052688598633 0.35956221818923950195 0.34627142548561096191 0.3406321108341217041 0.33992499113082885742 0.3433125913143157959 0.34533333778381347656 0.34556147456169128418
0.43904212117195129395 0.43243184685707092285 0.42576450109481811523 0.42480981349945068359 0.42453476786613464355 0.4317913055419921875 0.43713608384132385254 0.43657121062278747559 0.4352550506591796875 0.43527236580848693848 0.43391811847686767578 0.42406564950942993164 0.40699312090873718262 0.39083522558212280273 0.38056644797325134277 0.37254345417022705078 0.37575665116310119629 0.38183948397636413574 0.3873322606086730957 0.39085173606872558594 0.38639429211616516113 0.38384670019149780273 0.38226473331451416016 0.37810918688774108887 0.3756695091724395752 0.37482863664627075195 0.37307330965995788574 0.37307369709014892578 0.37139052152633666992 0.37116533517837524414 0.37042859196662902832 0.36500635743141174316 0.35636672377586364746 0.34151083230972290039 0.33436295390129089355 0.33346927165985107422 0.33893364667892456055 0.34290894865989685059 0.34448146820068359375
0.43687662482261657715 0.43172675371170043945 0.42458760738372802734 0.42148861289024353027 0.42160460352897644043 0.42912900447845458984 0.43896475434303283691 0.43874818086624145508 0.4363651573657989502 0.43661224842071533203 0.43414565920829772949 0.4255193173885345459 0.41222521662712097168 0.39520439505577087402 0.38139590620994567871 0.37614864110946655273 0.37916293740272521973 0.38168829679489135742 0.38903388381004333496 0.38999658823013305664 0.3891804814338684082 0.38840192556381225586 0.38456204533576965332 0.38149192929267883301 0.37859135866165161133 0.37468641996383666992 0.37280014157295227051 0.36974152922630310059 0.36926439404487609863 0.36998149752616882324 0.37022307515144348145 0.36794337630271911621 0.3576971888542175293 0.34329524636268615723 0.33412885665893554688 0.33328673243522644043 0.33691936731338500977 0.34072589874267578125 0.34300220012664794922
0.4321892857551574707 0.42841485142707824707 0.42285722494125366211 0.41891723871231079102 0.41889333724975585938 0.42334613204002380371 0.43626540899276733398 0.44031980633735656738 0.43730816245079040527 0.43707942962646484375 0.4366658627986907959 0.4274934232234954834 0.41483652591705322266 0.39589476585388183594 0.38111573457717895508 0.37842863798141479492 0.37730035185813903809 0.38205945491790771484 0.3900298774242401123 0.39330589771270751953 0.38887766003608703613 0.38782778382301330566 0.38767540454864501953 0.38419020175933837891 0.37667179107666015625 0.36952379345893859863 0.37150478363037109375 0.36857166886329650879 0.36691468954086303711 0.36676865816116333008 0.36810138821601867676 0.36921715736389160156 0.35722753405570983887 0.3416137397289276123 0.3346099853515625 0.33236563205718994141 0.33679935336112976074 0.34125700592994689941 0.34355247020721435547
