Inputs/valletta/valletta_tubi_fill.asc
NCOLS 72 
NROWS 61 
XLLCORNER 643971.869 
YLLCORNER 5000266.248 
CELLSIZE 5 
NODATA_value -3.4e+38 
[rows 0 to 19 of 61, columns 0 to 46 of 72]
20.670000076293899 20.8099994659424 20.9099998474121 21.0090007781982 21.0389995574951 21.128999710083 21.1690006256104 21.2490005493164 21.2789993286133 21.4179992675781 21.4580001831055 21.488000869751 21.4379997253418 21.318000793457 21.4669990539551 21.4769992828369 21.5170001983643 21.5170001983643 21.5470008850098 21.6270008087158 21.6159992218018 21.5359992980957 21.6159992218018 21.6760005950928 21.7660007476807 21.7250003814697 21.7549991607666 21.8349990844727 21.8150005340576 21.8449993133545 21.9150009155273 22.1439990997314 22.2639999389648 22.4440002441406 22.5139999389648 22.6840000152588 22.8129997253418 22.8129997253418 22.9829998016357 23.0729999542236 22.9930000305176 23.0520000457764 23.07200050354 22.9419994354248 23.0620002746582 23.1319999694824 23.1609992980957
20.6200008392334 20.6800003051758 20.7399997711182 20.8199996948242 20.8899993896484 20.9599990844727 20.9790000915527 21.1089992523193 21.1989994049072 21.2889995574951 21.2490005493164 21.2180004119873 21.2779998779297 21.2479991912842 21.2880001068115 21.3080005645752 21.4379997253418 21.5869998931885 21.4769992828369 21.4969997406006 21.556999206543 21.5970001220703 21.5970001220703 21.6459999084473 21.6760005950928 21.7959995269775 21.7660007476807 21.7159996032715 21.6660003662109 21.7749996185303 21.8050003051758 21.8150005340576 22.0949993133545 22.2549991607666 22.4340000152588 22.5639991760254 22.673999786377 22.7040004730225 22.7940006256104 22.943000793457 22.9829998016357 23.0130004882812 22.943000793457 22.943000793457 23.0219993591309 23.0419998168945 23.07200050354
20.5109996795654 20.5510005950928 20.621000289917 20.7299995422363 20.7600002288818 20.8799991607666 20.9099998474121 20.9500007629395 21.1200008392334 21.0990009307861 21.0990009307861 21.0990009307861 21.1089992523193 21.0890007019043 21.1480007171631 21.2280006408691 21.257999420166 21.2980003356934 21.3379993438721 21.4780006408691 21.4069995880127 21.4169998168945 21.4769992828369 21.5069999694824 21.5270004272461 21.6359996795654 21.5960006713867 21.6060009002686 21.6660003662109 21.7159996032715 21.6959991455078 21.6350002288818 21.7049999237061 22.0550003051758 22.1749992370605 22.3050003051758 22.4039993286133 22.503999710083 22.4839992523193 22.8840007781982 22.8840007781982 22.9330005645752 23.0030002593994 22.9729995727539 23.0330009460449 23.0030002593994 23.0429992675781
20.3509998321533 20.4610004425049 20.5310001373291 20.5909996032715 20.621000289917 20.7210006713867 20.7900009155273 20.7999992370605 20.9500007629395 20.8999996185303 20.8899993896484 20.9799995422363 20.9589996337891 20.9890003204346 20.9890003204346 21.0590000152588 21.0890007019043 21.1879997253418 21.1979999542236 21.2080001831055 21.257999420166 21.4379997253418 21.5279998779297 21.4270000457764 21.4069995880127 21.44700050354 21.4669990539551 21.4669990539551 21.4769992828369 21.5459995269775 21.5259990692139 21.5259990692139 21.4659996032715 21.5459995269775 21.6749992370605 21.9650001525879 22.1350002288818 22.2549991607666 22.2150001525879 22.1539993286133 22.2940006256104 22.9039993286133 22.9139995574951 23.0340003967285 23.0030002593994 23.0729999542236 23.05299949646
20.2819995880127 20.3619995117188 20.4519996643066 20.4610004425049 20.5109996795654 20.5809993743896 20.6110000610352 20.6909999847412 20.701000213623 20.7299995422363 20.7700004577637 20.7999992370605 20.8500003814697 20.7999992370605 20.8090000152588 20.9290008544922 20.878999710083 20.9489994049072 21.0389995574951 21.0590000152588 21.0779991149902 21.1280002593994 21.1580009460449 21.1979999542236 21.42799949646 21.4769992828369 21.5170001983643 21.3770008087158 21.386999130249 21.3770008087158 21.386999130249 21.4559993743896 21.4759998321533 21.4559993743896 21.5160007476807 21.4759998321533 21.576000213623 21.5450000762939 21.4750003814697 21.7250003814697 21.7450008392334 21.8040008544922 22.7639999389648 22.8840007781982 22.9640007019043 23.0340003967285 22.9330005645752
20.1429996490479 20.261999130249 20.3020000457764 20.3619995117188 20.4120006561279 20.4419994354248 20.5009994506836 20.5209999084473 20.4610004425049 20.4109992980957 20.5709991455078 20.6009998321533 20.5900001525879 20.6499996185303 20.7399997711182 20.75 20.7999992370605 20.798999786377 20.7390003204346 20.878999710083 20.878999710083 21.0090007781982 20.9890003204346 21.0480003356934 21.0779991149902 21.2080001831055 21.1879997253418 21.1979999542236 21.2080001831055 21.3169994354248 21.2569999694824 21.2970008850098 21.3269996643066 21.3570003509521 21.3659992218018 21.3560009002686 21.3959999084473 21.3560009002686 21.3560009002686 21.3549995422363 21.4650001525879 21.4349994659424 21.3850002288818 21.6949996948242 22.8840007781982 22.9039993286133 22.9340000152588
19.863000869751 20.0729999542236 20.1830005645752 20.2719993591309 20.2719993591309 20.3619995117188 20.3419990539551 20.181999206543 20.0319995880127 19.7310009002686 19.3509998321533 19.1609992980957 19.2110004425049 16.246000289917 15.8889999389648 15.5480003356934 15.3559999465942 15.5860004425049 16.0049991607666 16.4249992370605 16.5930004119873 16.503999710083 20.7590007781982 20.7889995574951 20.8589992523193 20.8780002593994 20.8780002593994 20.8680000305176 20.9379997253418 21.007999420166 20.9780006408691 21.0970001220703 21.2369995117188 21.2970008850098 21.4270000457764 21.2770004272461 21.2859992980957 21.246000289917 21.2560005187988 21.2360000610352 21.2660007476807 21.1550006866455 21.1149997711182 21.3050003051758 21.6049995422363 22.3150005340576 22.9139995574951
19.7029991149902 19.7830009460449 19.8729991912842 20.0230007171631 20.1229991912842 20.1630001068115 20.1019992828369 19.8020000457764 19.6119995117188 19.2819995880127 18.9519996643066 18.6520004272461 17.1089992523193 16.1240005493164 15.826000213623 15.6190004348755 15.4130001068115 15.2639999389648 15.2130002975464 15.5749998092651 15.9440002441406 15.8660001754761 15.875 15.8360004425049 17.7074279785156 18.0148334503174 18.0248336791992 18.1767139434814 18.9090003967285 19.738000869751 19.8780002593994 20.507999420166 20.7779998779297 20.6979999542236 20.7169990539551 20.886999130249 21.056999206543 21.1270008087158 21.1770000457764 21.1560001373291 21.1259994506836 21.0359992980957 20.9659996032715 21.0060005187988 21.1949996948242 21.3449993133545 21.9349994659424
19.003999710083 19.2639999389648 19.923999786377 19.613000869751 19.5030002593994 19.8929996490479 19.613000869751 19.3530006408691 18.9529991149902 18.5520000457764 17.8071670532227 15.8009996414185 15.826000213623 15.8509998321533 15.8330001831055 15.6909999847412 15.4849996566772 15.2779998779297 15.1709995269775 15.1199998855591 15.1350002288818 15.2910003662109 15.2740001678467 15.2349996566772 15.1969995498657 15.1579999923706 15.1190004348755 15.2480001449585 15.2770004272461 15.3050003051758 15.3450002670288 15.4350004196167 15.5240001678467 15.6140003204346 15.6049995422363 19.7479991912842 20.7269992828369 20.7569999694824 20.9370002746582 21.0769996643066 20.8369998931885 20.7859992980957 20.7259998321533 20.7159996032715 20.996000289917 21.1060009002686 21.3159999847412
15.1940002441406 17.1539993286133 17.7439994812012 18.7439994812012 19.7040004730225 18.4039993286133 19.0230007171631 18.8530006408691 18.4330005645752 17.0284996032715 16.0228328704834 15.6040000915527 15.628999710083 15.6549997329712 15.6300001144409 15.6020002365112 15.5179996490479 15.3500003814697 15.1429996490479 15.0790004730225 15.0389995574951 15.0480003356934 15.0229997634888 14.9949998855591 14.9729995727539 14.9569997787476 14.9399995803833 14.9919996261597 15.0819997787476 15.1709995269775 15.2620000839233 15.3599996566772 15.4580001831055 15.5559997558594 15.3599996566772 15.0229997634888 16.0380001068115 17.9942493438721 18.7479991912842 20.8169994354248 20.5669994354248 20.4270000457764 20.306999206543 20.3770008087158 20.7159996032715 20.9360008239746 21.0659999847412
16.2849998474121 16.7950000762939 16.8050003051758 16.8339996337891 17.4039993286133 18.6639995574951 17.6840000152588 17.6040000915527 15.460000038147 15.3909997940063 15.3819999694824 15.4069995880127 15.4320001602173 15.4540004730225 15.4259996414185 15.3990001678467 15.3719997406006 15.3149995803833 15.1850004196167 15.0369997024536 15.0109996795654 15.0170001983643 14.9910001754761 14.9659996032715 14.9399995803833 14.9119997024536 14.8889999389648 14.9130001068115 15.0100002288818 15.1079998016357 15.2049999237061 15.3030004501343 15.4010000228882 15.4680004119873 15.1409997940063 14.9040002822876 14.8699998855591 15.6870002746582 16.1900005340576 16.4829998016357 18.6480007171631 19.988000869751 19.8369998931885 19.5069999694824 19.5869998931885 20.5470008850098 20.8659992218018
16.2450008392334 16.5750007629395 16.6149997711182 15.9750003814697 16.5450000762939 16.0450000762939 16.673999786377 17.3540000915527 15.3990001678467 15.3299999237061 15.2609996795654 15.210000038147 15.2360000610352 15.25 15.2229995727539 15.1960000991821 15.1680002212524 15.1409997940063 15.1129999160767 14.9870004653931 14.9870004653931 14.9820003509521 14.9619998931885 14.9390001296997 14.9119997024536 14.8850002288818 14.8620004653931 14.9209995269775 14.9840002059937 15.0500001907349 15.1479997634888 15.246000289917 15.3400001525879 15.2629995346069 15.0159997940063 14.9809999465942 14.9469995498657 14.9130001068115 15.168999671936 15.4610004425049 15.7530002593994 17.3603744506836 18.988000869751 19.0480003356934 18.7569999694824 18.9570007324219 19.8570003509521
16.0860004425049 16.0160007476807 16.1959991455078 16.7350006103516 17.0550003051758 16.3950004577637 16.4249992370605 15.4060001373291 15.3369998931885 15.2679996490479 15.1999998092651 15.1309995651245 15.0620002746582 15.0469999313354 15.0200004577637 14.9969997406006 14.9930000305176 14.9890003204346 14.9840002059937 14.9219999313354 14.8699998855591 14.7530002593994 14.7819995880127 14.8109998703003 14.8400001525879 14.8559999465942 14.8649997711182 14.9250001907349 14.9849996566772 15.0520000457764 15.1190004348755 15.1890001296997 15.2469997406006 15.1280002593994 15.0930004119873 15.0480003356934 14.9829998016357 14.9180002212524 14.8549995422363 14.9130001068115 15.0419998168945 15.2229995727539 15.4040002822876 15.6090002059937 18.007999420166 18.1079998016357 19.867000579834
16.1870002746582 16.0559997558594 16.076000213623 15.9359998703003 16.1959991455078 16.6259994506836 16.7649993896484 15.3450002670288 15.2760000228882 15.2069997787476 15.1379995346069 15.0690002441406 15 14.9809999465942 14.9770002365112 14.9729995727539 14.9689998626709 14.9650001525879 14.9610004425049 14.9370002746582 14.753999710083 14.5240001678467 14.5530004501343 14.6309995651245 14.7670001983643 14.7980003356934 14.8699998855591 14.9270000457764 14.9899997711182 15.0520000457764 15.1129999160767 15.173999786377 15.1870002746582 15.1230001449585 15.0579996109009 14.9930000305176 14.9289999008179 14.8660001754761 14.8020000457764 14.8439998626709 14.9040002822876 14.96399974823 15.0950002670288 15.2840003967285 16.1024284362793 17.1844291687012 17.9680004119873
16.197000503540000 16.056999206543 16.0170001983643 15.956000328064 15.8159999847412 15.9359998703003 15.746000289917 15.3210000991821 15.21399974823 15.1450004577637 15.0769996643066 15.0080003738403 14.9440002441406 14.951000213623 14.9530000686646 14.9490003585815 14.9449996948242 14.9409999847412 14.8599996566772 14.8870000839233 14.6879997253418 14.5170001983643 14.5340003967285 14.6660003662109 14.8020000457764 14.7869997024536 14.8730001449585 14.9320001602173 14.9890003204346 15.0459995269775 15.1090002059937 15.125 15.1319999694824 15.0670003890991 15.003999710083 14.9399995803833 14.8769998550415 14.8129997253418 14.75 14.7749996185303 14.835000038147 14.8950004577637 14.9530000686646 15.0349998474121 15.2360000610352 15.4370002746582 15.6669998168945
16.056999206543 16.0669994354248 15.9469995498657 15.8870000839233 16.117000579834 15.5970001220703 15.6359996795654 15.3520002365112 15.1529998779297 15.0839996337891 15.0150003433228 14.9460000991821 14.9139995574951 14.9209995269775 14.9280004501343 14.9259996414185 14.9219999313354 14.9169998168945 14.8170003890991 14.871000289917 14.7840003967285 14.6969995498657 14.5900001525879 14.7150001525879 14.7700004577637 14.8229999542236 14.8769998550415 14.9300003051758 14.9829998016357 15.0430002212524 15.1020002365112 15.0939998626709 15.0780000686646 15.0150003433228 14.951000213623 14.8879995346069 14.8240003585815 14.7609996795654 14.6969995498657 14.706000328064 14.7659997940063 14.826000213623 14.8830003738403 14.9399995803833 14.996000289917 15.1879997253418 15.4020004272461
15.8979997634888 15.9180002212524 15.8479995727539 15.8769998550415 15.6969995498657 15.6269998550415 15.6870002746582 15.3830003738403 15.0909996032715 15.0220003128052 14.9540004730225 14.8850002288818 14.8839998245239 14.8909997940063 14.8979997634888 14.9020004272461 14.8979997634888 14.8739995956421 14.8979997634888 14.8159999847412 14.7510004043579 14.6999998092651 14.6479997634888 14.7440004348755 14.6999998092651 14.826000213623 14.8760004043579 14.9250001907349 14.9809999465942 15.0369997024536 15.0570001602173 15.0869998931885 15.0249996185303 14.9619998931885 14.8990001678467 14.835000038147 14.7720003128052 14.7080001831055 14.6450004577637 14.6370000839233 14.6969995498657 14.7559995651245 14.8129997253418 14.8699998855591 14.9259996414185 14.9829998016357 15.1400003433228
15.8489999771118 15.8079996109009 15.7779998779297 15.6879997253418 15.6780004501343 15.4779996871948 15.5570001602173 15.4139995574951 15.0299997329712 14.9610004425049 14.8920001983643 14.8470001220703 14.8540000915527 14.8610000610352 14.8680000305176 14.875 14.8739995956421 14.7320003509521 14.8730001449585 14.8559999465942 14.8140001296997 14.7629995346069 14.7110004425049 14.7720003128052 14.7469997406006 14.826000213623 14.8719997406006 14.923999786377 14.9759998321533 15.0270004272461 14.9849996566772 15.0329999923706 14.9709997177124 14.9090003967285 14.8459997177124 14.7829999923706 14.7189998626709 14.6560001373291 14.5920000076294 14.5679998397827 14.6280002593994 14.6859998703003 14.7430000305176 14.8000001907349 14.8559999465942 14.9130001068115 14.9689998626709
15.7690000534058 15.83899974823 15.7189998626709 15.7980003356934 15.6579999923706 15.5080003738403 15.4980001449585 15.7880001068115 14.9930000305176 14.8990001678467 14.831000328064 14.8170003890991 14.8240003585815 14.831000328064 14.8380002975464 14.8450002670288 14.8500003814697 14.7410001754761 14.8459997177124 14.8290004730225 14.8120002746582 14.793999671936 14.7740001678467 14.6560001373291 14.7799997329712 14.8229999542236 14.871000289917 14.918999671936 14.9650001525879 15.0179996490479 14.9980001449585 14.9790000915527 14.9169998168945 14.8549995422363 14.7919998168945 14.7299995422363 14.6669998168945 14.6029996871948 14.539999961853 14.4989995956421 14.5590000152588 14.6160001754761 14.6730003356934 14.7290000915527 14.78600025177 14.8489999771118 14.9200000762939
15.8800001144409 15.7390003204346 15.8690004348755 15.8489999771118 15.5590000152588 15.3990001678467 15.3380002975464 15.6079998016357 15.0240001678467 14.8380002975464 14.7790002822876 14.7869997024536 14.793999671936 14.8009996414185 14.8079996109009 14.8170003890991 14.7370004653931 14.8330001831055 14.8179998397827 14.8020000457764 14.7869997024536 14.7709999084473 14.753999710083 14.6199998855591 14.7779998779297 14.8219995498657 14.8649997711182 14.9079999923706 14.956000328064 14.9079999923706 14.9849996566772 14.9250001907349 14.8620004653931 14.8000001907349 14.7379999160767 14.6759996414185 14.6140003204346 14.5509996414185 14.4870004653931 14.4300003051758 14.4890003204346 14.5459995269775 14.6029996871948 14.6619997024536 14.7329998016357 14.8050003051758 14.8760004043579
