Inputs/valletta/valletta_tubi_fill.asc
NCOLS 72 
NROWS 61 
XLLCORNER 643971.869 
YLLCORNER 5000266.248 
CELLSIZE 5 
NODATA_value -3.4e+38 
[rows 20 to 39 of 61, columns 0 to 46 of 72]
15.8999996185303 15.7200002670288 15.6499996185303 15.9399995803833 15.3690004348755 15.33899974823 15.2790002822876 15.6389999389648 15.0550003051758 14.7770004272461 14.7489995956421 14.7569999694824 14.7639999389648 14.7749996185303 14.7869997024536 14.8000001907349 14.6099996566772 14.8059997558594 14.7919998168945 14.7779998779297 14.7639999389648 14.7469997406006 14.7019996643066 14.7360000610352 14.7770004272461 14.8159999847412 14.8549995422363 14.8999996185303 14.9449996948242 14.8579998016357 14.9270000457764 14.8599996566772 14.8009996414185 14.7410001754761 14.6820001602173 14.6219997406006 14.5590000152588 14.4969997406006 14.4350004196167 14.371000289917 14.418999671936 14.4759998321533 14.5459995269775 14.6169996261597 14.6890001296997 14.7600002288818 14.8319997787476
15.7510004043579 15.6300001144409 15.3800001144409 15.25 15.2399997711182 15.2399997711182 15.1789999008179 15.6590003967285 15.0030002593994 14.7150001525879 14.7209997177124 14.7329998016357 14.7449998855591 14.7580003738403 14.7700004577637 14.7819995880127 14.7189998626709 14.7799997329712 14.7670001983643 14.7550001144409 14.7399997711182 14.7239999771118 14.548999786377 14.7349996566772 14.7709999084473 14.8059997558594 14.8470001220703 14.8889999389648 14.9099998474121 14.9350004196167 14.8699998855591 14.798999786377 14.7349996566772 14.6759996414185 14.6160001754761 14.5570001602173 14.4969997406006 14.4379997253418 14.3780002593994 14.3190002441406 14.3579998016357 14.4300003051758 14.5010004043579 14.5729999542236 14.6440000534058 14.7159996032715 14.7869997024536
15.6709995269775 15.5609998703003 15.3610000610352 15.8199996948242 15.5699996948242 15.2200002670288 15.6800003051758 15.7700004577637 14.9490003585815 14.7019996643066 14.7030000686646 14.7150001525879 14.7279996871948 14.7399997711182 14.7530002593994 14.5590000152588 14.7659997940063 14.7550001144409 14.7430000305176 14.7299995422363 14.7159996032715 14.7030000686646 14.576000213623 14.7299995422363 14.7620000839233 14.798999786377 14.8369998931885 14.875 14.7589998245239 14.8830003738403 14.8120002746582 14.7410001754761 14.6700000762939 14.6110000610352 14.5509996414185 14.4919996261597 14.4320001602173 14.3730001449585 14.3129997253418 14.28600025177 14.3450002670288 14.4379997253418 14.5069999694824 14.5740003585815 14.6389999389648 14.7049999237061 14.7700004577637
15.5819997787476 15.4409999847412 15.201000213623 15.5209999084473 15.66100025177 15.7410001754761 15.7700004577637 15.2150001525879 14.8940000534058 14.7180004119873 14.6859998703003 14.6979999542236 14.710000038147 14.7229995727539 14.7349996566772 14.5200004577637 14.7399997711182 14.7309999465942 14.7189998626709 14.706000328064 14.6949996948242 14.5729999542236 14.6929998397827 14.7220001220703 14.7550001144409 14.789999961853 14.8219995498657 14.8599996566772 14.7589998245239 14.826000213623 14.7550001144409 14.6829996109009 14.6120004653931 14.5450000762939 14.4860000610352 14.4259996414185 14.3669996261597 14.3070001602173 14.2840003967285 14.2659997940063 14.2889995574951 14.4139995574951 14.5249996185303 14.5939998626709 14.6619997024536 14.7309999465942 14.8000001907349
15.4420003890991 15.4619998931885 15.5419998168945 15.6809997558594 15.5909996032715 15.3909997940063 15.3009996414185 15.1599998474121 14.7959995269775 14.7329998016357 14.6709995269775 14.6800003051758 14.6929998397827 14.7049999237061 14.66100025177 14.7239999771118 14.7159996032715 14.706000328064 14.6949996948242 14.6850004196167 14.6730003356934 14.4479999542236 14.6859998703003 14.7150001525879 14.7449998855591 14.7740001678467 14.8079996109009 14.7469997406006 14.8269996643066 14.7679996490479 14.6969995498657 14.6260004043579 14.5550003051758 14.4840002059937 14.4200000762939 14.3610000610352 14.3009996414185 14.2819995880127 14.2639999389648 14.246000289917 14.2329998016357 14.3579998016357 14.4840002059937 14.6090002059937 14.6800003051758 14.7489995956421 14.7469997406006
15.4729995727539 15.6719999313354 15.5920000076294 15.1520004272461 15.1619997024536 15.2419996261597 15.4259996414185 15.1059999465942 14.8120002746582 14.7489995956421 14.6859998703003 14.6630001068115 14.6750001907349 14.6879997253418 14.4209995269775 14.6339998245239 14.6619997024536 14.6820001602173 14.673999786377 14.6639995574951 14.6529998779297 14.5780000686646 14.6800003051758 14.7049999237061 14.7299995422363 14.7600002288818 14.7910003662109 14.6120004653931 14.710000038147 14.6549997329712 14.6000003814697 14.5450000762939 14.4899997711182 14.4259996414185 14.3549995422363 14.298999786377 14.2810001373291 14.2629995346069 14.2449998855591 14.2270002365112 14.2080001831055 14.3020000457764 14.4280004501343 14.5530004501343 14.6789999008179 14.7659997940063 14.7519998550415
15.3529996871948 15.5129995346069 15.2629995346069 15.3129997253418 15.5719995498657 15.1920003890991 15.3719997406006 14.9659996032715 14.8269996643066 14.7650003433228 14.7019996643066 14.6450004577637 14.6579999923706 14.6700000762939 14.4870004653931 14.5279998779297 14.4910001754761 14.5190000534058 14.5459995269775 14.581000328064 14.414999961853 14.6470003128052 14.668999671936 14.6909999847412 14.7159996032715 14.7449998855591 14.7729997634888 14.706000328064 14.5920000076294 14.5450000762939 14.5 14.4549999237061 14.4099998474121 14.3649997711182 14.326000213623 14.2910003662109 14.2609996795654 14.2430000305176 14.2250003814697 14.2069997787476 14.1890001296997 14.246000289917 14.371000289917 14.4969997406006 14.6529998779297 14.6660003662109 14.7480001449585
15.4040002822876 15.3929996490479 15.6929998397827 15.8730001449585 15.9630002975464 15.6929998397827 15.3170003890991 14.9060001373291 14.8430004119873 14.7799997329712 14.7180004119873 14.6549997329712 14.6400003433228 14.4709997177124 14.628999710083 14.4309997558594 14.3500003814697 14.4320001602173 14.5129995346069 14.5950002670288 14.3809995651245 14.6370000839233 14.6549997329712 14.6770000457764 14.7019996643066 14.7259998321533 14.5579996109009 14.6870002746582 14.5979995727539 14.5530004501343 14.5089998245239 14.4659996032715 14.4280004501343 14.3909997940063 14.3529996871948 14.3149995803833 14.2810001373291 14.2510004043579 14.2209997177124 14.1899995803833 14.168999671936 14.1899995803833 14.3360004425049 14.5430002212524 14.6899995803833 14.7279996871948 14.7449998855591
15.604000091552701 15.5539999008179 15.7639999389648 15.8330001831055 15.8330001831055 15.8929996490479 15.1840000152588 14.9209995269775 14.8590002059937 14.7959995269775 14.7329998016357 14.6700000762939 14.6230001449585 14.3030004501343 14.5319995880127 14.4340000152588 14.3929996490479 14.4460000991821 14.5279998779297 14.5419998168945 14.6099996566772 14.6239995956421 14.6420001983643 14.6639995574951 14.6829996109009 14.7049999237061 14.496000289917 14.6520004272461 14.6070003509521 14.5690002441406 14.5310001373291 14.4930000305176 14.4549999237061 14.4169998168945 14.378999710083 14.3409996032715 14.3030004501343 14.2720003128052 14.2419996261597 14.2110004425049 14.1809997558594 14.2259998321533 14.4329996109009 14.6400003433228 14.5979995727539 14.7189998626709 14.7279996871948
15.4250001907349 15.6239995956421 15.6440000534058 15.9440002441406 15.8940000534058 15.5290002822876 15.0159997940063 14.9370002746582 14.8739995956421 14.8109998703003 14.7489995956421 14.6859998703003 14.6090002059937 14.5170001983643 14.5640001296997 14.5229997634888 14.4829998016357 14.4610004425049 14.5430002212524 14.298999786377 14.5979995727539 14.6120004653931 14.628999710083 14.6429996490479 14.6619997024536 14.6429996490479 14.6829996109009 14.6700000762939 14.6330003738403 14.5950002670288 14.5570001602173 14.5190000534058 14.4809999465942 14.4440002441406 14.4060001373291 14.3680000305176 14.3299999237061 14.293999671936 14.2629995346069 14.2329998016357 14.2019996643066 14.3319997787476 14.5290002822876 14.5900001525879 14.6929998397827 14.7019996643066 14.7110004425049
15.625 15.6949996948242 15.8549995422363 15.923999786377 15.9840002059937 15.4029998779297 15.0150003433228 14.9530000686646 14.8900003433228 14.8269996643066 14.7360000610352 14.6440000534058 14.2589998245239 14.5909996032715 14.58899974823 14.5860004425049 14.5719995498657 14.5319995880127 14.5579996109009 14.3769998550415 14.5860004425049 14.5970001220703 14.6090002059937 14.6230001449585 14.6409997940063 14.3940000534058 14.6540002822876 14.6309995651245 14.6079998016357 14.585000038147 14.5629997253418 14.539999961853 14.5080003738403 14.4700002670288 14.4320001602173 14.3940000534058 14.3559999465942 14.3179998397827 14.2840003967285 14.253999710083 14.3039999008179 14.4420003890991 14.6260004043579 14.5500001907349 14.6759996414185 14.6850004196167 14.6949996948242
15.5659999847412 15.5950002670288 15.6149997711182 15.6549997329712 15.5349998474121 15.2340002059937 15.0310001373291 14.956000328064 14.8629999160767 14.7709999084473 14.6789999008179 14.5869998931885 14.2259998321533 14.4930000305176 14.5349998474121 14.5649995803833 14.5640001296997 14.5590000152588 14.3660001754761 14.5620002746582 14.5699996948242 14.5780000686646 14.58899974823 14.6029996871948 14.6180000305176 14.4219999313354 14.6140003204346 14.5920000076294 14.5690002441406 14.5459995269775 14.5229997634888 14.5 14.4779996871948 14.4549999237061 14.4320001602173 14.4090003967285 14.3830003738403 14.3450002670288 14.3070001602173 14.2760000228882 14.4139995574951 14.5509996414185 14.4860000610352 14.6499996185303 14.6590003967285 14.6680002212524 14.6770000457764
15.4359998703003 15.7959995269775 15.7559995651245 15.6949996948242 15.6149997711182 15.3489999771118 15.1319999694824 14.9180002212524 14.8290004730225 14.7399997711182 14.6510000228882 14.5609998703003 14.2 14.4049997329712 14.3909997940063 14.4340000152588 14.4759998321533 14.5179996490479 14.1990003585815 14.5480003356934 14.5520000457764 14.5590000152588 14.5699996948242 14.581000328064 14.4409999847412 14.6000003814697 14.5979995727539 14.5749998092651 14.5509996414185 14.5270004272461 14.5030002593994 14.4790000915527 14.456000328064 14.4320001602173 14.4079999923706 14.3850002288818 14.3610000610352 14.3369998931885 14.3129997253418 14.3620004653931 14.4879999160767 14.6140003204346 14.5520000457764 14.6330003738403 14.6420001983643 14.6510000228882 14.6590003967285
15.5369997024536 15.4460000991821 15.576000213623 15.4060001373291 15.6960000991821 16.2859992980957 15.4128332138062 15.0530004501343 15.1920003890991 14.9969997406006 14.8020000457764 14.4 14.4 14.2209997177124 14.2469997406006 14.2889995574951 14.3739995956421 14.5179996490479 14.4289999008179 14.5299997329712 14.5329999923706 14.5410003662109 14.5459995269775 14.5539999008179 14.2379999160767 14.5679998397827 14.5679998397827 14.5670003890991 14.5450000762939 14.5209999084473 14.4969997406006 14.4729995727539 14.4499998092651 14.4259996414185 14.4020004272461 14.3780002593994 14.3549995422363 14.331000328064 14.3090000152588 14.4119997024536 14.5380001068115 14.3920001983643 14.6070003509521 14.6160001754761 14.6230001449585 14.6319999694824 14.6409997940063
15.5170001983643 15.5369997024536 15.4569997787476 15.4870004653931 16.1060009002686 16.1660003662109 14.6260004043579 15.3146667480469 15.621000289917 15.4020004272461 15.1840000152588 14.4 14.746000289917 14.543999671936 14.164999961853 14.1870002746582 14.2799997329712 14.173999786377 14.3950004577637 14.4899997711182 14.5150003433228 14.5159997940063 14.5200004577637 14.5270004272461 14.4119997024536 14.5329999923706 14.5349998474121 14.5349998474121 14.5340003967285 14.5150003433228 14.4910001754761 14.4670000076294 14.4429998397827 14.4200000762939 14.3959999084473 14.3719997406006 14.3489999771118 14.3249998092651 14.3559999465942 14.4619998931885 14.496000289917 14.5710000991821 14.5900001525879 14.5979995727539 14.6059999465942 14.6140003204346 14.6230001449585
15.7180004119873 15.6669998168945 15.6770000457764 15.8669996261597 16.2970008850098 15.8870000839233 14.9370002746582 15.7760000228882 15.7360000610352 14.4 14.4 14.4 14.9286003112793 14.9720001220703 14.7530002593994 14.2 14.2 14.1339998245239 14.0769996643066 14.3380002975464 14.3690004348755 14.3999996185303 14.4309997558594 14.2089996337891 14.5050001144409 14.4989995956421 14.5 14.5010004043579 14.5030002593994 14.5019998550415 14.4849996566772 14.4610004425049 14.4370002746582 14.4139995574951 14.3900003433228 14.3660001754761 14.3420000076294 14.3199996948242 14.4029998779297 14.5129995346069 14.3339996337891 14.5649995803833 14.5719995498657 14.5799999237061 14.5880002975464 14.5959997177124 14.6040000915527
15.5080003738403 15.5780000686646 15.7580003738403 15.8380002975464 16.2469997406006 16.2569999694824 14.5869998931885 14.8769998550415 15.5069999694824 14.4 15.5559997558594 15.7165002822876 15.5152502059937 15.4160003662109 15.1969995498657 14.2 14.4 14.418999671936 14.1009998321533 14.076000213623 14.2180004119873 14.2489995956421 14.4130001068115 14.1350002288818 14.4709997177124 14.46399974823 14.4650001525879 14.4670000076294 14.4680004119873 14.4689998626709 14.4689998626709 14.4549999237061 14.4309997558594 14.4079999923706 14.3839998245239 14.3599996566772 14.3360004425049 14.3669996261597 14.4499998092651 14.3520002365112 14.539999961853 14.5469999313354 14.5539999008179 14.5620002746582 14.5690002441406 14.5780000686646 14.5690002441406
15.5989999771118 15.6280002593994 15.6979999542236 15.7279996871948 15.8179998397827 16.3479995727539 16.4169998168945 16.1070003509521 15.3669996261597 14.4 15.6370000839233 15.8870000839233 15.78600025177 15.6700000762939 14.2 14.2 14.9019994735718 14.9580001831055 14.6510000228882 14.3339996337891 14.0769996643066 14.2779998779297 14.378999710083 14.4320001602173 14.4359998703003 14.4289999008179 14.4309997558594 14.4320001602173 14.4329996109009 14.4350004196167 14.4359998703003 14.4370002746582 14.4250001907349 14.4010000228882 14.3780002593994 14.3540000915527 14.331000328064 14.4139995574951 14.4969997406006 14.3100004196167 14.5220003128052 14.5290002822876 14.53600025177 14.5430002212524 14.5509996414185 14.5590000152588 14.3809995651245
15.6190004348755 15.6389999389648 15.6789999008179 15.8690004348755 15.8280000686646 15.5480003356934 15.4879999160767 15.8780002593994 16.4780006408691 16.1070003509521 14.8669996261597 14.6870002746582 15.5469999313354 16.0170001983643 14.2 15.9569997787476 15.6402502059937 15.4289999008179 15.1899995803833 14.8830003738403 14.5749998092651 14.2569999694824 14.0590000152588 14.2410001754761 14.293999671936 14.3809995651245 14.3959999084473 14.3970003128052 14.3990001678467 14.3999996185303 14.4010000228882 14.4020004272461 14.4040002822876 14.3950004577637 14.3719997406006 14.3479995727539 14.3780002593994 14.4549999237061 14.2220001220703 14.4969997406006 14.5030002593994 14.5109996795654 14.5170001983643 14.5249996185303 14.5319995880127 14.5340003967285 14.4949998855591
15.6599998474121 15.6590003967285 15.7589998245239 15.6090002059937 15.8889999389648 15.798999786377 15.4980001449585 15.3079996109009 15.2480001449585 15.4479999542236 16.068000793457 16.0580005645752 15.1669998168945 14.2 14.2 16.0869998931885 16.0869998931885 15.6028327941895 15.4672002792358 15.1937503814697 14.7735996246338 14.15 14.5109996795654 14.1840000152588 14.0649995803833 14.1719999313354 14.2510004043579 14.2760000228882 14.3009996414185 14.3249998092651 14.3500003814697 14.3680000305176 14.3690004348755 14.3699998855591 14.3649997711182 14.3420000076294 14.41100025177 14.4619998931885 14.3570003509521 14.4779996871948 14.4849996566772 14.4919996261597 14.4989995956421 14.5059995651245 14.5129995346069 14.3039999008179 14.5469999313354
