Inputs/valletta/valletta_tubi_fill.asc
NCOLS 72 
NROWS 61 
XLLCORNER 643971.869 
YLLCORNER 5000266.248 
CELLSIZE 5 
NODATA_value -3.4e+38 
[rows 40 to 59 of 61, columns 0 to 46 of 72]
15.6099996566772 15.7799997329712 15.8299999237061 15.710000038147 15.6389999389648 15.548999786377 15.4689998626709 15.3489999771118 15.5290002822876 15.3979997634888 15.1979999542236 15.4180002212524 16.1580009460449 15.9479999542236 14.2 14.6370000839233 15.0769996643066 15.7069997787476 16.1270008087158 15.6920003890991 14.15 14.15 15.0830001831055 14.7580003738403 14.4329996109009 14.1219997406006 14.0600004196167 14.1219997406006 14.1459999084473 14.1709995269775 14.1949996948242 14.2200002670288 14.2449998855591 14.2720003128052 14.3059997558594 14.3669996261597 14.418999671936 14.1169996261597 14.4530000686646 14.4569997787476 14.4650001525879 14.4729995727539 14.4799995422363 14.4870004653931 14.4940004348755 14.423999786377 14.5500001907349
15.9209995269775 15.7700004577637 15.8900003433228 15.6999998092651 15.5600004196167 15.5500001907349 15.5900001525879 15.4390001296997 15.4289999008179 15.58899974823 15.548999786377 15.4490003585815 15.2779998779297 15.4079999923706 15.8979997634888 16.1280002593994 15.4280004501343 14.6879997253418 14.8769998550415 14.15 14.15 15.5096664428711 15.4162006378174 15.1496667861938 14.9949998855591 14.6549997329712 14.3479995727539 14.0679998397827 14.0229997634888 14.0570001602173 14.0900001525879 14.1239995956421 14.1579999923706 14.1920003890991 14.2279996871948 14.375 14.2969999313354 14.418999671936 14.4329996109009 14.4370002746582 14.4440002441406 14.4519996643066 14.4610004425049 14.4680004119873 14.2290000915527 14.5030002593994 14.5640001296997
15.880999565124499 15.7510004043579 15.7510004043579 15.7709999084473 15.6899995803833 15.5200004577637 15.4899997711182 15.3299999237061 15.4499998092651 15.3990001678467 15.5690002441406 15.6090002059937 15.5089998245239 15.2790002822876 15.2889995574951 15.4079999923706 16.0279998779297 16.0779991149902 15.4479999542236 14.15 14.6280002593994 15.7670001983643 16.1270008087158 15.5626668930054 15.5019998550415 15.1949996948242 14.8870000839233 14.5790004730225 14.2720003128052 14.0209999084473 14.0100002288818 14.043999671936 14.0780000686646 14.1140003204346 14.1859998703003 14.3819999694824 14.0719995498657 14.4099998474121 14.4139995574951 14.4169998168945 14.4230003356934 14.4320001602173 14.4399995803833 14.4479999542236 14.3439998626709 14.5089998245239 14.5699996948242
15.8120002746582 15.8909997940063 15.951000213623 15.8210000991821 15.6909999847412 15.581000328064 15.4799995422363 15.460000038147 15.4799995422363 15.5699996948242 15.6000003814697 15.8000001907349 15.5690002441406 15.4689998626709 15.378999710083 15.418999671936 15.3489999771118 15.3590002059937 15.8579998016357 16.0480003356934 15.5380001068115 14.2679996490479 14.7480001449585 16.0069999694824 15.9969997406006 15.4849996566772 15.456000328064 15.1190004348755 14.8109998703003 14.503999710083 14.1960000991821 13.9930000305176 14 14.0369997024536 14.1730003356934 14.1079998016357 14.3959999084473 14.4700002670288 14.4449996948242 14.418999671936 14.4029998779297 14.4119997024536 14.4209995269775 14.1560001373291 14.4549999237061 14.5159997940063 14.5780000686646
15.7019996643066 16.0419998168945 15.7519998550415 15.7119998931885 15.5109996795654 15.5410003662109 15.4809999465942 15.3909997940063 15.5609998703003 15.6099996566772 15.6300001144409 15.75 15.6300001144409 15.5 15.3999996185303 15.5590000152588 15.7089996337891 15.4890003204346 15.2790002822876 15.4589996337891 15.9779996871948 16.1480007171631 15.4779996871948 14.5480003356934 14.9779996871948 15.8579998016357 16.0069999694824 15.3643751144409 15.4790000915527 15.1359996795654 14.7919998168945 14.4490003585815 14.1199998855591 13.9680004119873 14.0930004119873 14.0749998092651 14.2550001144409 14.4910001754761 14.5129995346069 14.4799995422363 14.4219999313354 14.3929996490479 14.4020004272461 14.2580003738403 14.4820003509521 14.5539999008179 14.6199998855591
15.8529996871948 15.9720001220703 15.8120002746582 15.9219999313354 15.5419998168945 15.5920000076294 15.3409996032715 15.5609998703003 15.621000289917 15.6309995651245 15.7609996795654 15.6809997558594 15.710000038147 15.539999961853 15.460000038147 15.4399995803833 15.5200004577637 15.4799995422363 15.5389995574951 15.5690002441406 15.2889995574951 15.5690002441406 16.0590000152588 15.9779996871948 15.5579996109009 14.5380001068115 14.7480001449585 15.3680000305176 15.9270000457764 15.3461246490479 15.5010004043579 15.1579999923706 14.8149995803833 14.05 14.0530004501343 13.9469995498657 14.0769996643066 14.3299999237061 14.5469999313354 14.5139999389648 14.4589996337891 14.4010000228882 14.0839996337891 14.4079999923706 14.5010004043579 14.5860004425049 14.66100025177
15.6829996109009 15.9329996109009 15.8830003738403 15.7329998016357 15.7220001220703 15.6820001602173 15.5319995880127 15.6319999694824 15.8319997787476 15.621000289917 15.9409999847412 15.6809997558594 15.5710000991821 15.5410003662109 15.3109998703003 15.6199998855591 15.3999996185303 15.3900003433228 15.5699996948242 15.5699996948242 15.5089998245239 15.4289999008179 15.3090000152588 15.548999786377 15.878999710083 15.9890003204346 15.3979997634888 14.6680002212524 14.6579999923706 15.2880001068115 15.9879999160767 15.3665714263916 15.0981998443604 14.05 14.420599937439 14.4280004501343 13.9799995422363 13.9259996414185 14.1350002288818 14.2620000839233 14.3579998016357 14.3629999160767 14.1719999313354 14.414999961853 14.4759998321533 14.5819997787476 14.6909999847412
16.0440006256104 16.0330009460449 15.8629999160767 15.6630001068115 15.6529998779297 15.7530002593994 15.4820003509521 15.6219997406006 15.6619997024536 15.9919996261597 15.9219999313354 15.8219995498657 15.4610004425049 15.4209995269775 15.41100025177 15.451000213623 15.5109996795654 15.4809999465942 15.4899997711182 15.4700002670288 15.4499998092651 15.5699996948242 15.8000001907349 15.2690000534058 15.1890001296997 15.2189998626709 15.8489999771118 16.0990009307861 15.3579998016357 14.5480003356934 15.0579996109009 15.1680002212524 14.05 14.05 15.2642498016357 15.2030000686646 14.8020000457764 14.335000038147 13.9320001602173 13.9209995269775 14.0450000762939 14.0129995346069 14.3610000610352 14.4219999313354 14.4829998016357 14.543999671936 14.6569995880127
15.8739995956421 15.9040002822876 15.8039999008179 15.5740003585815 15.6630001068115 15.3929996490479 15.5229997634888 15.5830001831055 15.7130002975464 15.7620000839233 16.0319995880127 15.6120004653931 15.5220003128052 15.4519996643066 15.2419996261597 15.41100025177 15.4209995269775 15.5209999084473 15.5710000991821 15.5410003662109 15.5609998703003 15.4200000762939 15.3800001144409 15.4899997711182 15.4200000762939 15.4300003051758 15.1789999008179 15.128999710083 15.7589998245239 15.8889999389648 15.4790000915527 14.05 14.05 15.5679998397827 15.8579998016357 15.3078336715698 15.0651998519897 14.7242498397827 14.5682001113892 15.0550003051758 14.164999961853 14.0749998092651 14.3730001449585 14.4289999008179 14.4899997711182 14.5509996414185 14.6120004653931
15.7150001525879 15.7740001678467 15.6140003204346 15.4739999771118 15.4540004730225 15.46399974823 15.5839996337891 15.6429996490479 15.6129999160767 16.0230007171631 15.7130002975464 15.5229997634888 15.4619998931885 15.4320001602173 15.0719995498657 15.6319999694824 15.4219999313354 15.7620000839233 15.4809999465942 15.5909996032715 15.4409999847412 15.701000213623 15.6110000610352 15.5100002288818 15.2399997711182 15.3299999237061 15.460000038147 15.2799997329712 15.048999786377 15.0989999771118 15.6190004348755 15.9090003967285 15.6590003967285 14.5389995574951 14.9980001449585 15.1579999923706 15.8280000686646 15.3007497787476 15.277250289917 15.5979995727539 14 14.3459997177124 14.4289999008179 14.5349998474121 14.6319999694824 14.6309995651245 14.628999710083
15.6450004577637 15.664999961853 15.5150003433228 15.664999961853 15.0539999008179 15.5139999389648 15.6140003204346 15.6239995956421 15.7239999771118 15.8730001449585 15.6730003356934 15.5329999923706 15.4630002975464 15.3830003738403 15.3229999542236 15.2720003128052 15.5819997787476 15.7620000839233 15.4619998931885 15.4919996261597 15.451000213623 15.4709997177124 15.5109996795654 15.4910001754761 15.201000213623 15.3610000610352 15.5699996948242 15.3599996566772 15.1599998474121 15.3100004196167 15.25 15.1800003051758 15.5089998245239 16.0090007781982 15.7290000915527 14.8290004730225 14.918999671936 14.7180004119873 15.7379999160767 14 14 15.1284999847412 15.1006660461426 15.0183334350586 14.9901666641235 14.9440002441406 14.8918333053589
15.6660003662109 15.6149997711182 15.5050001144409 15.5649995803833 15.2550001144409 15.4949998855591 15.5539999008179 15.8039999008179 15.7639999389648 15.8339996337891 15.6639995574951 15.5740003585815 15.5729999542236 15.3830003738403 15.5229997634888 15.3929996490479 15.6129999160767 15.8229999542236 15.7119998931885 15.5920000076294 15.5920000076294 15.5019998550415 15.8819999694824 15.451000213623 15.2910003662109 15.4709997177124 15.6110000610352 15.2510004043579 15.3999996185303 15.210000038147 15.4399995803833 15.3299999237061 15.2600002288818 15.289999961853 15.6890001296997 15.9790000915527 15.9390001296997 15.2489995956421 14 14 15.7480001449585 16.0179996490479 15.8479995727539 15.4280004501343 15.2379999160767 15.4770002365112 15.0570001602173
15.5659999847412 15.5260000228882 15.4860000610352 15.2559995651245 15.2749996185303 15.5550003051758 15.5349998474121 15.8549995422363 15.9549999237061 15.8039999008179 15.6239995956421 15.543999671936 15.4440002441406 15.4739999771118 15.3640003204346 15.4930000305176 15.5129995346069 15.6330003738403 15.7729997634888 15.6230001449585 15.5620002746582 15.4420003890991 15.3819999694824 15.3819999694824 15.4820003509521 15.6820001602173 15.451000213623 15.3109998703003 15.4209995269775 15.2910003662109 15.0609998703003 15.41100025177 15.3999996185303 15.4399995803833 15.289999961853 15.460000038147 15.9200000762939 16.0590000152588 15.8090000152588 14.7489995956421 14.4090003967285 14.668999671936 15.9280004501343 15.9079999923706 15.7679996490479 15.5080003738403 15.4180002212524
15.4870004653931 15.4259996414185 15.6260004043579 14.9359998703003 15.3760004043579 15.4759998321533 15.496000289917 15.6549997329712 15.9549999237061 15.7250003814697 15.6750001907349 15.5550003051758 15.3339996337891 15.503999710083 15.3839998245239 15.5139999389648 15.5640001296997 15.8439998626709 15.9029998779297 15.4829998016357 15.4930000305176 15.2530002593994 15.2629995346069 15.4020004272461 15.5620002746582 15.6619997024536 15.6219997406006 15.4820003509521 15.3109998703003 15.2510004043579 15.4709997177124 15.3909997940063 15.371000289917 15.331000328064 15.3500003814697 15.3900003433228 15.3999996185303 15.460000038147 16.1100006103516 16.0699996948242 14.9790000915527 14.3990001678467 14.548999786377 15.6090002059937 15.9689998626709 15.8680000305176 15.5679998397827
15.5369997024536 15.5069999694824 15.4169998168945 15.1269998550415 15.5059995651245 15.496000289917 15.5559997558594 15.7360000610352 15.78600025177 15.5649995803833 15.7849998474121 15.5150003433228 15.4350004196167 15.414999961853 15.4849996566772 15.5740003585815 15.4940004348755 15.71399974823 15.6639995574951 15.6339998245239 15.3439998626709 15.1330003738403 15.3629999160767 15.5530004501343 15.5629997253418 15.6129999160767 15.4820003509521 15.5419998168945 15.3719997406006 15.1520004272461 15.3219995498657 15.3920001983643 15.5109996795654 15.371000289917 15.451000213623 15.451000213623 15.5109996795654 15.4700002670288 15.460000038147 16.0400009155273 15.5500001907349 14.4700002670288 14.4689998626709 15.4490003585815 15.1090002059937 15.58899974823 15.6389999389648
15.4479999542236 15.2969999313354 15.3870000839233 15.1770000457764 15.4870004653931 15.5869998931885 15.4770002365112 15.8459997177124 15.6359996795654 15.5459995269775 15.5159997940063 15.4860000610352 15.4949998855591 15.4049997329712 15.3950004577637 15.4750003814697 15.5550003051758 15.6450004577637 15.4739999771118 15.6440000534058 15.21399974823 15.1639995574951 15.3339996337891 15.6440000534058 15.6429996490479 15.5629997253418 15.6129999160767 15.3430004119873 15.3129997253418 15.2519998550415 15.3120002746582 15.3219995498657 15.5019998550415 15.4919996261597 15.3319997787476 15.4309997558594 15.4709997177124 15.4809999465942 15.5010004043579 16.0109996795654 15.289999961853 14.3800001144409 15.2299995422363 15.4200000762939 15.0699996948242 15.1190004348755 15.1789999008179
15.288000106811500 15.2679996490479 15.0679998397827 15.1379995346069 15.3669996261597 15.4670000076294 15.4569997787476 15.7569999694824 15.5369997024536 15.5869998931885 15.7159996032715 15.3559999465942 15.6359996795654 15.3859996795654 15.6359996795654 15.5749998092651 15.6549997329712 15.7150001525879 15.3850002288818 15.4549999237061 15.2650003433228 15.1940002441406 15.6040000915527 15.7239999771118 15.8339996337891 15.4440002441406 15.2930002212524 15.3730001449585 15.3529996871948 15.3730001449585 15.3229999542236 15.4930000305176 15.5719995498657 15.5220003128052 15.4919996261597 15.4619998931885 15.5220003128052 15.6110000610352 15.8009996414185 16.0310001373291 14.9610004425049 14.3210000991821 15.289999961853 15.5900001525879 15.1199998855591 15.460000038147 15.3800001144409
15.2790002822876 15.2880001068115 15.1780004501343 15.2779998779297 15.4280004501343 15.5480003356934 15.4479999542236 15.5369997024536 15.3870000839233 15.4770002365112 15.4069995880127 15.5670003890991 15.456000328064 15.6660003662109 15.6960000991821 15.576000213623 15.6459999084473 15.496000289917 15.4449996948242 15.2849998474121 15.1350002288818 15.2250003814697 15.5450000762939 15.6440000534058 15.7040004730225 15.3940000534058 15.3540000915527 15.2840003967285 15.2239999771118 15.4040002822876 15.3529996871948 15.4429998397827 15.5329999923706 15.3830003738403 15.5530004501343 15.5419998168945 15.5620002746582 15.5319995880127 15.9020004272461 15.3319997787476 14.5209999084473 15.2110004425049 15.7309999465942 15.6009998321533 15.2110004425049 15.1599998474121 15.1599998474121
15.1789999008179 15.1490001678467 15.0989999771118 15.4090003967285 15.3680000305176 15.3780002593994 15.4980001449585 15.6180000305176 15.3780002593994 15.4169998168945 15.3170003890991 15.4770002365112 15.3570003509521 15.5869998931885 15.4370002746582 15.5260000228882 15.576000213623 15.4860000610352 15.4060001373291 15.1059999465942 15.2659997940063 15.2849998474121 15.4849996566772 15.7749996185303 15.6450004577637 15.4250001907349 15.3839998245239 15.2639999389648 15.2440004348755 15.253999710083 15.4139995574951 15.5240001678467 15.5430002212524 15.3430004119873 15.6029996871948 15.6330003738403 15.5430002212524 15.9320001602173 15.9119997024536 14.7419996261597 14.7519998550415 15.7519998550415 15.5509996414185 15.331000328064 15.1909999847412 15.2709999084473 15.2410001754761
15.1400003433228 14.8690004348755 15.1090002059937 15.2690000534058 15.298999786377 15.3590002059937 15.5190000534058 15.3280000686646 15.3979997634888 15.6079998016357 15.3579998016357 15.0579996109009 15.3870000839233 15.4569997787476 15.4670000076294 15.4270000457764 15.6169996261597 15.3870000839233 15.4259996414185 15.0159997940063 15.1560001373291 15.4160003662109 15.576000213623 15.9549999237061 15.4350004196167 15.3050003051758 15.2749996185303 15.2049999237061 15.4049997329712 15.3950004577637 15.4940004348755 15.46399974823 15.4040002822876 15.3839998245239 15.5740003585815 15.6129999160767 15.5530004501343 15.9530000686646 15.6529998779297 14.3430004119873 15.7419996261597 15.7419996261597 15.4519996643066 15.4119997024536 15.3020000457764 15.3409996032715 15.2510004043579
