Inputs/valletta/valletta_clipped.asc
ncols        72
nrows        61
xllcorner    643971.868999999948
yllcorner    5000266.247999999672
cellsize     5.000000000000
NODATA_value  -9999
[rows 36 to 53 of 61, columns 0 to 40 of 72]
15.508000373840332031 15.578000068664550781 15.758000373840332031 15.838000297546386719 16.246999740600585938 16.256999969482421875 14.586999893188476563 14.876999855041503906 15.506999969482421875 15.956000328063964844 15.555999755859375 15.716500282287597656 15.515250205993652344 15.4160003662109375 15.196999549865722656 14.977999687194824219 14.725999832153320313 14.418999671936035156 14.100999832153320313 14.076000213623046875 14.218000411987304688 14.248999595642089844 14.413000106811523438 14.135000228881835938 14.470999717712402344 14.463999748229980469 14.465000152587890625 14.467000007629394531 14.468000411987304688 14.468999862670898438 14.468999862670898438 14.454999923706054688 14.430999755859375 14.407999992370605469 14.383999824523925781 14.359999656677246094 14.336000442504882813 14.366999626159667969 14.449999809265136719 14.352000236511230469 14.539999961853027344
15.598999977111816406 15.628000259399414063 15.697999954223632813 15.727999687194824219 15.817999839782714844 16.34799957275390625 16.41699981689453125 16.107000350952148438 15.366999626159667969 14.786999702453613281 15.637000083923339844 15.887000083923339844 15.786000251770019531 15.670000076293945313 15.532999992370605469 15.239500045776367188 14.901999473571777344 14.95800018310546875 14.651000022888183594 14.3339996337890625 14.076999664306640625 14.2779998779296875 14.378999710083007813 14.432000160217285156 14.435999870300292969 14.428999900817871094 14.430999755859375 14.432000160217285156 14.432999610900878906 14.435000419616699219 14.435999870300292969 14.437000274658203125 14.425000190734863281 14.401000022888183594 14.378000259399414063 14.354000091552734375 14.331000328063964844 14.413999557495117188 14.496999740600585938 14.310000419616699219 14.522000312805175781
15.619000434875488281 15.63899993896484375 15.678999900817871094 15.869000434875488281 15.828000068664550781 15.548000335693359375 15.487999916076660156 15.878000259399414063 16.478000640869140625 16.107000350952148438 14.866999626159667969 14.687000274658203125 15.546999931335449219 16.017000198364257813 16.05699920654296875 15.956999778747558594 15.640250205993652344 15.428999900817871094 15.189999580383300781 14.883000373840332031 14.574999809265136719 14.256999969482421875 14.059000015258789063 14.241000175476074219 14.293999671936035156 14.380999565124511719 14.395999908447265625 14.397000312805175781 14.399000167846679688 14.399999618530273438 14.401000022888183594 14.40200042724609375 14.404000282287597656 14.395000457763671875 14.371999740600585938 14.34799957275390625 14.378000259399414063 14.454999923706054688 14.2220001220703125 14.496999740600585938 14.503000259399414063
15.659999847412109375 15.659000396728515625 15.758999824523925781 15.609000205993652344 15.88899993896484375 15.798999786376953125 15.498000144958496094 15.307999610900878906 15.248000144958496094 15.447999954223632813 16.06800079345703125 16.058000564575195313 15.16699981689453125 14.446999549865722656 15.5970001220703125 16.086999893188476563 16.086999893188476563 15.602832794189453125 15.467200279235839844 15.193750381469726563 14.773599624633789063 14.807000160217285156 14.510999679565429688 14.184000015258789063 14.064999580383300781 14.171999931335449219 14.251000404357910156 14.276000022888183594 14.300999641418457031 14.324999809265136719 14.350000381469726563 14.368000030517578125 14.369000434875488281 14.369999885559082031 14.364999771118164063 14.342000007629394531 14.411000251770019531 14.461999893188476563 14.357000350952148438 14.477999687194824219 14.484999656677246094
15.609999656677246094 15.779999732971191406 15.829999923706054688 15.710000038146972656 15.63899993896484375 15.548999786376953125 15.468999862670898438 15.348999977111816406 15.529000282287597656 15.397999763488769531 15.197999954223632813 15.418000221252441406 16.158000946044921875 15.947999954223632813 15.887999534606933594 14.637000083923339844 15.076999664306640625 15.706999778747558594 16.127000808715820313 15.692000389099121094 15.479249954223632813 15.345999717712402344 15.08300018310546875 14.758000373840332031 14.432999610900878906 14.121999740600585938 14.060000419616699219 14.121999740600585938 14.145999908447265625 14.170999526977539063 14.19499969482421875 14.220000267028808594 14.244999885559082031 14.272000312805175781 14.305999755859375 14.366999626159667969 14.418999671936035156 14.116999626159667969 14.453000068664550781 14.456999778747558594 14.465000152587890625
15.920999526977539063 15.770000457763671875 15.890000343322753906 15.699999809265136719 15.560000419616699219 15.550000190734863281 15.590000152587890625 15.439000129699707031 15.428999900817871094 15.588999748229980469 15.548999786376953125 15.449000358581542969 15.2779998779296875 15.407999992370605469 15.897999763488769531 16.128000259399414063 15.428000450134277344 14.687999725341796875 14.876999855041503906 15.656999588012695313 16.107000350952148438 15.50966644287109375 15.416200637817382813 15.149666786193847656 14.994999885559082031 14.654999732971191406 14.34799957275390625 14.067999839782714844 14.022999763488769531 14.057000160217285156 14.090000152587890625 14.123999595642089844 14.157999992370605469 14.192000389099121094 14.227999687194824219 14.375 14.296999931335449219 14.418999671936035156 14.432999610900878906 14.437000274658203125 14.444000244140625
15.880999565124511719 15.751000404357910156 15.751000404357910156 15.770999908447265625 15.689999580383300781 15.520000457763671875 15.489999771118164063 15.329999923706054688 15.449999809265136719 15.399000167846679688 15.569000244140625 15.609000205993652344 15.508999824523925781 15.279000282287597656 15.288999557495117188 15.407999992370605469 16.0279998779296875 16.077999114990234375 15.447999954223632813 14.807999610900878906 14.628000259399414063 15.767000198364257813 16.127000808715820313 15.562666893005371094 15.501999855041503906 15.19499969482421875 14.887000083923339844 14.579000473022460938 14.272000312805175781 14.020999908447265625 14.010000228881835938 14.043999671936035156 14.078000068664550781 14.114000320434570313 14.185999870300292969 14.381999969482421875 14.071999549865722656 14.409999847412109375 14.413999557495117188 14.41699981689453125 14.423000335693359375
15.812000274658203125 15.890999794006347656 15.951000213623046875 15.821000099182128906 15.690999984741210938 15.581000328063964844 15.479999542236328125 15.460000038146972656 15.479999542236328125 15.56999969482421875 15.600000381469726563 15.800000190734863281 15.569000244140625 15.468999862670898438 15.378999710083007813 15.418999671936035156 15.348999977111816406 15.359000205993652344 15.857999801635742188 16.048000335693359375 15.538000106811523438 14.267999649047851563 14.748000144958496094 16.006999969482421875 15.996999740600585938 15.484999656677246094 15.456000328063964844 15.119000434875488281 14.810999870300292969 14.503999710083007813 14.196000099182128906 13.993000030517578125 14 14.036999702453613281 14.173000335693359375 14.107999801635742188 14.395999908447265625 14.470000267028808594 14.44499969482421875 14.418999671936035156 14.4029998779296875
15.701999664306640625 16.04199981689453125 15.751999855041503906 15.711999893188476563 15.510999679565429688 15.5410003662109375 15.480999946594238281 15.390999794006347656 15.560999870300292969 15.609999656677246094 15.630000114440917969 15.75 15.630000114440917969 15.5 15.399999618530273438 15.559000015258789063 15.7089996337890625 15.489000320434570313 15.279000282287597656 15.4589996337890625 15.977999687194824219 16.148000717163085938 15.477999687194824219 14.548000335693359375 14.977999687194824219 15.857999801635742188 16.006999969482421875 15.364375114440917969 15.479000091552734375 15.135999679565429688 14.79199981689453125 14.449000358581542969 14.119999885559082031 13.968000411987304688 14.093000411987304688 14.074999809265136719 14.255000114440917969 14.491000175476074219 14.512999534606933594 14.479999542236328125 14.421999931335449219
15.852999687194824219 15.9720001220703125 15.812000274658203125 15.921999931335449219 15.54199981689453125 15.592000007629394531 15.340999603271484375 15.560999870300292969 15.621000289916992188 15.630999565124511719 15.760999679565429688 15.680999755859375 15.710000038146972656 15.539999961853027344 15.460000038146972656 15.439999580383300781 15.520000457763671875 15.479999542236328125 15.538999557495117188 15.569000244140625 15.288999557495117188 15.569000244140625 16.059000015258789063 15.977999687194824219 15.557999610900878906 14.538000106811523438 14.748000144958496094 15.368000030517578125 15.927000045776367188 15.346124649047851563 15.501000404357910156 15.157999992370605469 14.814999580383300781 14.4720001220703125 14.053000450134277344 13.946999549865722656 14.076999664306640625 14.329999923706054688 14.546999931335449219 14.51399993896484375 14.4589996337890625
15.682999610900878906 15.932999610900878906 15.883000373840332031 15.732999801635742188 15.7220001220703125 15.682000160217285156 15.531999588012695313 15.631999969482421875 15.831999778747558594 15.621000289916992188 15.940999984741210938 15.680999755859375 15.571000099182128906 15.5410003662109375 15.310999870300292969 15.619999885559082031 15.399999618530273438 15.390000343322753906 15.56999969482421875 15.56999969482421875 15.508999824523925781 15.428999900817871094 15.309000015258789063 15.548999786376953125 15.878999710083007813 15.989000320434570313 15.397999763488769531 14.668000221252441406 14.657999992370605469 15.288000106811523438 15.987999916076660156 15.366571426391601563 15.098199844360351563 14.804500579833984375 14.420599937438964844 14.428000450134277344 13.979999542236328125 13.925999641418457031 14.135000228881835938 14.262000083923339844 14.357999801635742188
16.044000625610351563 16.033000946044921875 15.862999916076660156 15.663000106811523438 15.6529998779296875 15.753000259399414063 15.482000350952148438 15.621999740600585938 15.661999702453613281 15.991999626159667969 15.921999931335449219 15.821999549865722656 15.461000442504882813 15.420999526977539063 15.411000251770019531 15.451000213623046875 15.510999679565429688 15.480999946594238281 15.489999771118164063 15.470000267028808594 15.449999809265136719 15.56999969482421875 15.800000190734863281 15.269000053405761719 15.189000129699707031 15.218999862670898438 15.848999977111816406 16.099000930786132813 15.357999801635742188 14.548000335693359375 15.057999610900878906 15.168000221252441406 15.878000259399414063 15.41049957275390625 15.264249801635742188 15.203000068664550781 14.802000045776367188 14.335000038146972656 13.932000160217285156 13.920999526977539063 14.045000076293945313
15.873999595642089844 15.904000282287597656 15.803999900817871094 15.574000358581542969 15.663000106811523438 15.392999649047851563 15.522999763488769531 15.58300018310546875 15.713000297546386719 15.762000083923339844 16.031999588012695313 15.612000465393066406 15.522000312805175781 15.451999664306640625 15.241999626159667969 15.411000251770019531 15.420999526977539063 15.520999908447265625 15.571000099182128906 15.5410003662109375 15.560999870300292969 15.420000076293945313 15.380000114440917969 15.489999771118164063 15.420000076293945313 15.43000030517578125 15.178999900817871094 15.128999710083007813 15.758999824523925781 15.88899993896484375 15.479000091552734375 14.809000015258789063 14.338000297546386719 15.567999839782714844 15.857999801635742188 15.307833671569824219 15.065199851989746094 14.724249839782714844 14.568200111389160156 15.05500030517578125 14.164999961853027344
15.715000152587890625 15.774000167846679688 15.614000320434570313 15.473999977111816406 15.454000473022460938 15.463999748229980469 15.5839996337890625 15.642999649047851563 15.612999916076660156 16.023000717163085938 15.713000297546386719 15.522999763488769531 15.461999893188476563 15.432000160217285156 15.071999549865722656 15.631999969482421875 15.421999931335449219 15.762000083923339844 15.480999946594238281 15.590999603271484375 15.440999984741210938 15.701000213623046875 15.61100006103515625 15.510000228881835938 15.239999771118164063 15.329999923706054688 15.460000038146972656 15.279999732971191406 15.048999786376953125 15.098999977111816406 15.619000434875488281 15.909000396728515625 15.659000396728515625 14.538999557495117188 14.998000144958496094 15.157999992370605469 15.828000068664550781 15.300749778747558594 15.277250289916992188 15.59799957275390625 14.381999969482421875
15.645000457763671875 15.664999961853027344 15.515000343322753906 15.664999961853027344 15.053999900817871094 15.51399993896484375 15.614000320434570313 15.623999595642089844 15.723999977111816406 15.873000144958496094 15.673000335693359375 15.532999992370605469 15.463000297546386719 15.383000373840332031 15.322999954223632813 15.272000312805175781 15.581999778747558594 15.762000083923339844 15.461999893188476563 15.491999626159667969 15.451000213623046875 15.470999717712402344 15.510999679565429688 15.491000175476074219 15.201000213623046875 15.36100006103515625 15.56999969482421875 15.359999656677246094 15.159999847412109375 15.310000419616699219 15.25 15.18000030517578125 15.508999824523925781 16.009000778198242188 15.729000091552734375 14.829000473022460938 14.918999671936035156 14.718000411987304688 15.737999916076660156 15.144000053405761719 15.1035003662109375
15.6660003662109375 15.614999771118164063 15.505000114440917969 15.564999580383300781 15.255000114440917969 15.494999885559082031 15.553999900817871094 15.803999900817871094 15.76399993896484375 15.8339996337890625 15.663999557495117188 15.574000358581542969 15.572999954223632813 15.383000373840332031 15.522999763488769531 15.392999649047851563 15.612999916076660156 15.822999954223632813 15.711999893188476563 15.592000007629394531 15.592000007629394531 15.501999855041503906 15.881999969482421875 15.451000213623046875 15.2910003662109375 15.470999717712402344 15.61100006103515625 15.251000404357910156 15.399999618530273438 15.210000038146972656 15.439999580383300781 15.329999923706054688 15.260000228881835938 15.289999961853027344 15.689000129699707031 15.979000091552734375 15.939000129699707031 15.248999595642089844 14.869000434875488281 14.529000282287597656 15.748000144958496094
15.565999984741210938 15.526000022888183594 15.48600006103515625 15.255999565124511719 15.274999618530273438 15.55500030517578125 15.534999847412109375 15.854999542236328125 15.954999923706054688 15.803999900817871094 15.623999595642089844 15.543999671936035156 15.444000244140625 15.473999977111816406 15.364000320434570313 15.493000030517578125 15.512999534606933594 15.633000373840332031 15.772999763488769531 15.623000144958496094 15.562000274658203125 15.442000389099121094 15.381999969482421875 15.381999969482421875 15.482000350952148438 15.682000160217285156 15.451000213623046875 15.310999870300292969 15.420999526977539063 15.2910003662109375 15.060999870300292969 15.411000251770019531 15.399999618530273438 15.439999580383300781 15.289999961853027344 15.460000038146972656 15.920000076293945313 16.059000015258789063 15.809000015258789063 14.748999595642089844 14.409000396728515625
15.487000465393066406 15.425999641418457031 15.626000404357910156 14.935999870300292969 15.376000404357910156 15.475999832153320313 15.496000289916992188 15.654999732971191406 15.954999923706054688 15.725000381469726563 15.675000190734863281 15.55500030517578125 15.3339996337890625 15.503999710083007813 15.383999824523925781 15.51399993896484375 15.564000129699707031 15.843999862670898438 15.9029998779296875 15.482999801635742188 15.493000030517578125 15.253000259399414063 15.262999534606933594 15.40200042724609375 15.562000274658203125 15.661999702453613281 15.621999740600585938 15.482000350952148438 15.310999870300292969 15.251000404357910156 15.470999717712402344 15.390999794006347656 15.371000289916992188 15.331000328063964844 15.350000381469726563 15.390000343322753906 15.399999618530273438 15.460000038146972656 16.1100006103515625 16.06999969482421875 14.979000091552734375
