Inputs/valletta/valletta_clipped.asc
ncols        72
nrows        61
xllcorner    643971.868999999948
yllcorner    5000266.247999999672
cellsize     5.000000000000
NODATA_value  -9999
[rows 0 to 17 of 61, columns 0 to 40 of 72]
20.670000076293945313 20.809999465942382813 20.909999847412109375 21.009000778198242188 21.038999557495117188 21.128999710083007813 21.169000625610351563 21.24900054931640625 21.27899932861328125 21.417999267578125 21.45800018310546875 21.488000869750976563 21.437999725341796875 21.31800079345703125 21.466999053955078125 21.476999282836914063 21.517000198364257813 21.517000198364257813 21.547000885009765625 21.627000808715820313 21.615999221801757813 21.535999298095703125 21.615999221801757813 21.676000595092773438 21.766000747680664063 21.725000381469726563 21.754999160766601563 21.83499908447265625 21.815000534057617188 21.844999313354492188 21.91500091552734375 22.143999099731445313 22.26399993896484375 22.444000244140625 22.51399993896484375 22.684000015258789063 22.812999725341796875 22.812999725341796875 22.982999801635742188 23.072999954223632813 22.993000030517578125
20.620000839233398438 20.68000030517578125 20.739999771118164063 20.81999969482421875 20.8899993896484375 20.95999908447265625 20.979000091552734375 21.108999252319335938 21.198999404907226563 21.288999557495117188 21.24900054931640625 21.218000411987304688 21.2779998779296875 21.247999191284179688 21.288000106811523438 21.308000564575195313 21.437999725341796875 21.586999893188476563 21.476999282836914063 21.496999740600585938 21.55699920654296875 21.5970001220703125 21.5970001220703125 21.645999908447265625 21.676000595092773438 21.795999526977539063 21.766000747680664063 21.715999603271484375 21.6660003662109375 21.774999618530273438 21.80500030517578125 21.815000534057617188 22.094999313354492188 22.254999160766601563 22.434000015258789063 22.563999176025390625 22.673999786376953125 22.704000473022460938 22.794000625610351563 22.94300079345703125 22.982999801635742188
20.510999679565429688 20.551000595092773438 20.621000289916992188 20.729999542236328125 20.760000228881835938 20.879999160766601563 20.909999847412109375 20.950000762939453125 21.120000839233398438 21.099000930786132813 21.099000930786132813 21.099000930786132813 21.108999252319335938 21.089000701904296875 21.148000717163085938 21.228000640869140625 21.257999420166015625 21.298000335693359375 21.337999343872070313 21.478000640869140625 21.406999588012695313 21.41699981689453125 21.476999282836914063 21.506999969482421875 21.52700042724609375 21.635999679565429688 21.59600067138671875 21.606000900268554688 21.6660003662109375 21.715999603271484375 21.6959991455078125 21.635000228881835938 21.704999923706054688 22.05500030517578125 22.174999237060546875 22.30500030517578125 22.40399932861328125 22.503999710083007813 22.483999252319335938 22.884000778198242188 22.884000778198242188
20.350999832153320313 20.461000442504882813 20.531000137329101563 20.590999603271484375 20.621000289916992188 20.72100067138671875 20.79000091552734375 20.799999237060546875 20.950000762939453125 20.899999618530273438 20.8899993896484375 20.979999542236328125 20.9589996337890625 20.989000320434570313 20.989000320434570313 21.059000015258789063 21.089000701904296875 21.187999725341796875 21.197999954223632813 21.20800018310546875 21.257999420166015625 21.437999725341796875 21.5279998779296875 21.427000045776367188 21.406999588012695313 21.447000503540039063 21.466999053955078125 21.466999053955078125 21.476999282836914063 21.545999526977539063 21.525999069213867188 21.525999069213867188 21.465999603271484375 21.545999526977539063 21.674999237060546875 21.965000152587890625 22.135000228881835938 22.254999160766601563 22.215000152587890625 22.15399932861328125 22.294000625610351563
20.281999588012695313 20.36199951171875 20.451999664306640625 20.461000442504882813 20.510999679565429688 20.580999374389648438 20.61100006103515625 20.690999984741210938 20.701000213623046875 20.729999542236328125 20.770000457763671875 20.799999237060546875 20.850000381469726563 20.799999237060546875 20.809000015258789063 20.9290008544921875 20.878999710083007813 20.948999404907226563 21.038999557495117188 21.059000015258789063 21.077999114990234375 21.128000259399414063 21.158000946044921875 21.197999954223632813 21.427999496459960938 21.476999282836914063 21.517000198364257813 21.377000808715820313 21.386999130249023438 21.377000808715820313 21.386999130249023438 21.455999374389648438 21.475999832153320313 21.455999374389648438 21.516000747680664063 21.475999832153320313 21.576000213623046875 21.545000076293945313 21.475000381469726563 21.725000381469726563 21.745000839233398438
20.142999649047851563 20.261999130249023438 20.302000045776367188 20.36199951171875 20.412000656127929688 20.441999435424804688 20.50099945068359375 20.520999908447265625 20.461000442504882813 20.410999298095703125 20.5709991455078125 20.600999832153320313 20.590000152587890625 20.649999618530273438 20.739999771118164063 20.75 20.799999237060546875 20.798999786376953125 20.739000320434570313 20.878999710083007813 20.878999710083007813 21.009000778198242188 20.989000320434570313 21.048000335693359375 21.077999114990234375 21.20800018310546875 21.187999725341796875 21.197999954223632813 21.20800018310546875 21.316999435424804688 21.256999969482421875 21.297000885009765625 21.326999664306640625 21.357000350952148438 21.365999221801757813 21.356000900268554688 21.395999908447265625 21.356000900268554688 21.356000900268554688 21.354999542236328125 21.465000152587890625
19.863000869750976563 20.072999954223632813 20.183000564575195313 20.271999359130859375 20.271999359130859375 20.36199951171875 20.341999053955078125 20.18199920654296875 20.031999588012695313 19.731000900268554688 19.350999832153320313 19.160999298095703125 19.211000442504882813 16.246000289916992188 15.88899993896484375 15.548000335693359375 15.355999946594238281 15.586000442504882813 16.004999160766601563 16.424999237060546875 16.593000411987304688 16.503999710083007813 20.759000778198242188 20.788999557495117188 20.858999252319335938 20.878000259399414063 20.878000259399414063 20.868000030517578125 20.937999725341796875 21.007999420166015625 20.978000640869140625 21.0970001220703125 21.23699951171875 21.297000885009765625 21.427000045776367188 21.27700042724609375 21.285999298095703125 21.246000289916992188 21.256000518798828125 21.23600006103515625 21.266000747680664063
19.702999114990234375 19.783000946044921875 19.872999191284179688 20.023000717163085938 20.122999191284179688 20.163000106811523438 20.101999282836914063 19.802000045776367188 19.61199951171875 19.281999588012695313 18.951999664306640625 18.65200042724609375 17.108999252319335938 16.12400054931640625 15.826000213623046875 15.619000434875488281 15.413000106811523438 15.26399993896484375 15.213000297546386719 15.574999809265136719 15.944000244140625 15.866000175476074219 15.875 15.836000442504882813 17.707427978515625 18.014833450317382813 18.02483367919921875 18.176713943481445313 18.909000396728515625 19.738000869750976563 19.878000259399414063 20.507999420166015625 20.7779998779296875 20.697999954223632813 20.716999053955078125 20.886999130249023438 21.05699920654296875 21.127000808715820313 21.177000045776367188 21.156000137329101563 21.12599945068359375
19.003999710083007813 19.26399993896484375 19.923999786376953125 19.613000869750976563 19.503000259399414063 19.892999649047851563 19.613000869750976563 19.353000640869140625 18.952999114990234375 18.552000045776367188 17.80716705322265625 15.800999641418457031 15.826000213623046875 15.850999832153320313 15.83300018310546875 15.690999984741210938 15.484999656677246094 15.2779998779296875 15.170999526977539063 15.119999885559082031 15.135000228881835938 15.2910003662109375 15.274000167846679688 15.234999656677246094 15.196999549865722656 15.157999992370605469 15.119000434875488281 15.248000144958496094 15.27700042724609375 15.30500030517578125 15.345000267028808594 15.435000419616699219 15.524000167846679688 15.614000320434570313 15.604999542236328125 19.747999191284179688 20.726999282836914063 20.756999969482421875 20.937000274658203125 21.076999664306640625 20.836999893188476563
15.194000244140625 17.15399932861328125 17.743999481201171875 18.743999481201171875 19.704000473022460938 18.40399932861328125 19.023000717163085938 18.853000640869140625 18.433000564575195313 17.028499603271484375 16.022832870483398438 15.604000091552734375 15.628999710083007813 15.654999732971191406 15.630000114440917969 15.602000236511230469 15.517999649047851563 15.350000381469726563 15.142999649047851563 15.079000473022460938 15.038999557495117188 15.048000335693359375 15.022999763488769531 14.994999885559082031 14.97299957275390625 14.956999778747558594 14.939999580383300781 14.991999626159667969 15.081999778747558594 15.170999526977539063 15.262000083923339844 15.359999656677246094 15.45800018310546875 15.555999755859375 15.359999656677246094 15.022999763488769531 16.038000106811523438 17.994249343872070313 18.747999191284179688 20.816999435424804688 20.566999435424804688
16.284999847412109375 16.795000076293945313 16.80500030517578125 16.8339996337890625 17.40399932861328125 18.663999557495117188 17.684000015258789063 17.604000091552734375 15.460000038146972656 15.390999794006347656 15.381999969482421875 15.406999588012695313 15.432000160217285156 15.454000473022460938 15.425999641418457031 15.399000167846679688 15.371999740600585938 15.314999580383300781 15.185000419616699219 15.036999702453613281 15.010999679565429688 15.017000198364257813 14.991000175476074219 14.965999603271484375 14.939999580383300781 14.911999702453613281 14.88899993896484375 14.913000106811523438 15.010000228881835938 15.107999801635742188 15.204999923706054688 15.303000450134277344 15.401000022888183594 15.468000411987304688 15.140999794006347656 14.904000282287597656 14.869999885559082031 15.687000274658203125 16.190000534057617188 16.482999801635742188 18.648000717163085938
16.245000839233398438 16.575000762939453125 16.614999771118164063 15.975000381469726563 16.545000076293945313 16.045000076293945313 16.673999786376953125 17.354000091552734375 15.399000167846679688 15.329999923706054688 15.260999679565429688 15.210000038146972656 15.23600006103515625 15.25 15.22299957275390625 15.196000099182128906 15.168000221252441406 15.140999794006347656 15.112999916076660156 14.987000465393066406 14.987000465393066406 14.982000350952148438 14.961999893188476563 14.939000129699707031 14.911999702453613281 14.885000228881835938 14.862000465393066406 14.920999526977539063 14.984000205993652344 15.050000190734863281 15.147999763488769531 15.246000289916992188 15.340000152587890625 15.262999534606933594 15.015999794006347656 14.980999946594238281 14.946999549865722656 14.913000106811523438 15.168999671936035156 15.461000442504882813 15.753000259399414063
16.086000442504882813 16.016000747680664063 16.1959991455078125 16.7350006103515625 17.05500030517578125 16.395000457763671875 16.424999237060546875 15.406000137329101563 15.336999893188476563 15.267999649047851563 15.199999809265136719 15.130999565124511719 15.062000274658203125 15.046999931335449219 15.020000457763671875 14.996999740600585938 14.993000030517578125 14.989000320434570313 14.984000205993652344 14.921999931335449219 14.869999885559082031 14.753000259399414063 14.781999588012695313 14.810999870300292969 14.840000152587890625 14.855999946594238281 14.864999771118164063 14.925000190734863281 14.984999656677246094 15.052000045776367188 15.119000434875488281 15.189000129699707031 15.246999740600585938 15.128000259399414063 15.093000411987304688 15.048000335693359375 14.982999801635742188 14.918000221252441406 14.854999542236328125 14.913000106811523438 15.04199981689453125
16.187000274658203125 16.055999755859375 16.076000213623046875 15.935999870300292969 16.1959991455078125 16.62599945068359375 16.7649993896484375 15.345000267028808594 15.276000022888183594 15.206999778747558594 15.137999534606933594 15.069000244140625 15 14.980999946594238281 14.977000236511230469 14.97299957275390625 14.968999862670898438 14.965000152587890625 14.961000442504882813 14.937000274658203125 14.753999710083007813 14.524000167846679688 14.553000450134277344 14.630999565124511719 14.767000198364257813 14.798000335693359375 14.869999885559082031 14.927000045776367188 14.989999771118164063 15.052000045776367188 15.112999916076660156 15.173999786376953125 15.187000274658203125 15.123000144958496094 15.057999610900878906 14.993000030517578125 14.928999900817871094 14.866000175476074219 14.802000045776367188 14.843999862670898438 14.904000282287597656
16.197000503540039063 16.05699920654296875 16.017000198364257813 15.956000328063964844 15.815999984741210938 15.935999870300292969 15.746000289916992188 15.321000099182128906 15.213999748229980469 15.145000457763671875 15.076999664306640625 15.008000373840332031 14.944000244140625 14.951000213623046875 14.953000068664550781 14.949000358581542969 14.94499969482421875 14.940999984741210938 14.859999656677246094 14.887000083923339844 14.687999725341796875 14.517000198364257813 14.534000396728515625 14.6660003662109375 14.802000045776367188 14.786999702453613281 14.873000144958496094 14.932000160217285156 14.989000320434570313 15.045999526977539063 15.109000205993652344 15.125 15.131999969482421875 15.067000389099121094 15.003999710083007813 14.939999580383300781 14.876999855041503906 14.812999725341796875 14.75 14.774999618530273438 14.835000038146972656
16.05699920654296875 16.066999435424804688 15.946999549865722656 15.887000083923339844 16.117000579833984375 15.5970001220703125 15.635999679565429688 15.352000236511230469 15.1529998779296875 15.0839996337890625 15.015000343322753906 14.946000099182128906 14.913999557495117188 14.920999526977539063 14.928000450134277344 14.925999641418457031 14.921999931335449219 14.91699981689453125 14.817000389099121094 14.871000289916992188 14.784000396728515625 14.696999549865722656 14.590000152587890625 14.715000152587890625 14.770000457763671875 14.822999954223632813 14.876999855041503906 14.93000030517578125 14.982999801635742188 15.043000221252441406 15.102000236511230469 15.093999862670898438 15.078000068664550781 15.015000343322753906 14.951000213623046875 14.887999534606933594 14.824000358581542969 14.760999679565429688 14.696999549865722656 14.706000328063964844 14.765999794006347656
15.897999763488769531 15.918000221252441406 15.84799957275390625 15.876999855041503906 15.696999549865722656 15.626999855041503906 15.687000274658203125 15.383000373840332031 15.090999603271484375 15.022000312805175781 14.954000473022460938 14.885000228881835938 14.883999824523925781 14.890999794006347656 14.897999763488769531 14.90200042724609375 14.897999763488769531 14.873999595642089844 14.897999763488769531 14.815999984741210938 14.751000404357910156 14.699999809265136719 14.647999763488769531 14.744000434875488281 14.699999809265136719 14.826000213623046875 14.876000404357910156 14.925000190734863281 14.980999946594238281 15.036999702453613281 15.057000160217285156 15.086999893188476563 15.024999618530273438 14.961999893188476563 14.899000167846679688 14.835000038146972656 14.772000312805175781 14.70800018310546875 14.645000457763671875 14.637000083923339844 14.696999549865722656
15.848999977111816406 15.807999610900878906 15.7779998779296875 15.687999725341796875 15.678000450134277344 15.477999687194824219 15.557000160217285156 15.413999557495117188 15.029999732971191406 14.961000442504882813 14.892000198364257813 14.8470001220703125 14.854000091552734375 14.86100006103515625 14.868000030517578125 14.875 14.873999595642089844 14.732000350952148438 14.873000144958496094 14.855999946594238281 14.814000129699707031 14.762999534606933594 14.711000442504882813 14.772000312805175781 14.746999740600585938 14.826000213623046875 14.871999740600585938 14.923999786376953125 14.975999832153320313 15.02700042724609375 14.984999656677246094 15.032999992370605469 14.970999717712402344 14.909000396728515625 14.845999717712402344 14.782999992370605469 14.718999862670898438 14.656000137329101563 14.592000007629394531 14.567999839782714844 14.628000259399414063
