Inputs/valletta/valletta_clipped.asc
ncols        72
nrows        61
xllcorner    643971.868999999948
yllcorner    5000266.247999999672
cellsize     5.000000000000
NODATA_value  -9999
[rows 18 to 35 of 61, columns 0 to 40 of 72]
15.769000053405761719 15.838999748229980469 15.718999862670898438 15.798000335693359375 15.657999992370605469 15.508000373840332031 15.498000144958496094 15.788000106811523438 14.993000030517578125 14.899000167846679688 14.831000328063964844 14.817000389099121094 14.824000358581542969 14.831000328063964844 14.838000297546386719 14.845000267028808594 14.850000381469726563 14.741000175476074219 14.845999717712402344 14.829000473022460938 14.812000274658203125 14.793999671936035156 14.774000167846679688 14.656000137329101563 14.779999732971191406 14.822999954223632813 14.871000289916992188 14.918999671936035156 14.965000152587890625 15.017999649047851563 14.998000144958496094 14.979000091552734375 14.91699981689453125 14.854999542236328125 14.79199981689453125 14.729999542236328125 14.66699981689453125 14.602999687194824219 14.539999961853027344 14.498999595642089844 14.559000015258789063
15.880000114440917969 15.739000320434570313 15.869000434875488281 15.848999977111816406 15.559000015258789063 15.399000167846679688 15.338000297546386719 15.607999801635742188 15.024000167846679688 14.838000297546386719 14.779000282287597656 14.786999702453613281 14.793999671936035156 14.800999641418457031 14.807999610900878906 14.817000389099121094 14.737000465393066406 14.83300018310546875 14.817999839782714844 14.802000045776367188 14.786999702453613281 14.770999908447265625 14.753999710083007813 14.619999885559082031 14.7779998779296875 14.821999549865722656 14.864999771118164063 14.907999992370605469 14.956000328063964844 14.907999992370605469 14.984999656677246094 14.925000190734863281 14.862000465393066406 14.800000190734863281 14.737999916076660156 14.675999641418457031 14.614000320434570313 14.550999641418457031 14.487000465393066406 14.43000030517578125 14.489000320434570313
15.899999618530273438 15.720000267028808594 15.649999618530273438 15.939999580383300781 15.369000434875488281 15.338999748229980469 15.279000282287597656 15.63899993896484375 15.05500030517578125 14.77700042724609375 14.748999595642089844 14.756999969482421875 14.76399993896484375 14.774999618530273438 14.786999702453613281 14.800000190734863281 14.609999656677246094 14.805999755859375 14.79199981689453125 14.7779998779296875 14.76399993896484375 14.746999740600585938 14.701999664306640625 14.73600006103515625 14.77700042724609375 14.815999984741210938 14.854999542236328125 14.899999618530273438 14.94499969482421875 14.857999801635742188 14.927000045776367188 14.859999656677246094 14.800999641418457031 14.741000175476074219 14.682000160217285156 14.621999740600585938 14.559000015258789063 14.496999740600585938 14.435000419616699219 14.371000289916992188 14.418999671936035156
15.751000404357910156 15.630000114440917969 15.380000114440917969 15.25 15.239999771118164063 15.239999771118164063 15.178999900817871094 15.659000396728515625 15.003000259399414063 14.715000152587890625 14.720999717712402344 14.732999801635742188 14.744999885559082031 14.758000373840332031 14.770000457763671875 14.781999588012695313 14.718999862670898438 14.779999732971191406 14.767000198364257813 14.755000114440917969 14.739999771118164063 14.723999977111816406 14.548999786376953125 14.734999656677246094 14.770999908447265625 14.805999755859375 14.8470001220703125 14.88899993896484375 14.909999847412109375 14.935000419616699219 14.869999885559082031 14.798999786376953125 14.734999656677246094 14.675999641418457031 14.616000175476074219 14.557000160217285156 14.496999740600585938 14.437999725341796875 14.378000259399414063 14.319000244140625 14.357999801635742188
15.670999526977539063 15.560999870300292969 15.36100006103515625 15.81999969482421875 15.56999969482421875 15.220000267028808594 15.68000030517578125 15.770000457763671875 14.949000358581542969 14.701999664306640625 14.703000068664550781 14.715000152587890625 14.727999687194824219 14.739999771118164063 14.753000259399414063 14.559000015258789063 14.765999794006347656 14.755000114440917969 14.743000030517578125 14.729999542236328125 14.715999603271484375 14.703000068664550781 14.576000213623046875 14.729999542236328125 14.762000083923339844 14.798999786376953125 14.836999893188476563 14.875 14.758999824523925781 14.883000373840332031 14.812000274658203125 14.741000175476074219 14.670000076293945313 14.61100006103515625 14.550999641418457031 14.491999626159667969 14.432000160217285156 14.373000144958496094 14.312999725341796875 14.286000251770019531 14.345000267028808594
15.581999778747558594 15.440999984741210938 15.201000213623046875 15.520999908447265625 15.661000251770019531 15.741000175476074219 15.770000457763671875 15.215000152587890625 14.894000053405761719 14.718000411987304688 14.685999870300292969 14.697999954223632813 14.710000038146972656 14.72299957275390625 14.734999656677246094 14.520000457763671875 14.739999771118164063 14.730999946594238281 14.718999862670898438 14.706000328063964844 14.69499969482421875 14.572999954223632813 14.692999839782714844 14.7220001220703125 14.755000114440917969 14.789999961853027344 14.821999549865722656 14.859999656677246094 14.758999824523925781 14.826000213623046875 14.755000114440917969 14.682999610900878906 14.612000465393066406 14.545000076293945313 14.48600006103515625 14.425999641418457031 14.366999626159667969 14.307000160217285156 14.284000396728515625 14.265999794006347656 14.288999557495117188
15.442000389099121094 15.461999893188476563 15.54199981689453125 15.680999755859375 15.590999603271484375 15.390999794006347656 15.300999641418457031 15.159999847412109375 14.795999526977539063 14.732999801635742188 14.670999526977539063 14.68000030517578125 14.692999839782714844 14.704999923706054688 14.661000251770019531 14.723999977111816406 14.715999603271484375 14.706000328063964844 14.69499969482421875 14.685000419616699219 14.673000335693359375 14.447999954223632813 14.685999870300292969 14.715000152587890625 14.744999885559082031 14.774000167846679688 14.807999610900878906 14.746999740600585938 14.826999664306640625 14.767999649047851563 14.696999549865722656 14.626000404357910156 14.55500030517578125 14.484000205993652344 14.420000076293945313 14.36100006103515625 14.300999641418457031 14.281999588012695313 14.26399993896484375 14.246000289916992188 14.232999801635742188
15.47299957275390625 15.671999931335449219 15.592000007629394531 15.15200042724609375 15.161999702453613281 15.241999626159667969 15.425999641418457031 15.105999946594238281 14.812000274658203125 14.748999595642089844 14.685999870300292969 14.663000106811523438 14.675000190734863281 14.687999725341796875 14.420999526977539063 14.633999824523925781 14.661999702453613281 14.682000160217285156 14.673999786376953125 14.663999557495117188 14.6529998779296875 14.578000068664550781 14.68000030517578125 14.704999923706054688 14.729999542236328125 14.760000228881835938 14.7910003662109375 14.612000465393066406 14.710000038146972656 14.654999732971191406 14.600000381469726563 14.545000076293945313 14.489999771118164063 14.425999641418457031 14.354999542236328125 14.298999786376953125 14.281000137329101563 14.262999534606933594 14.244999885559082031 14.227000236511230469 14.20800018310546875
15.352999687194824219 15.512999534606933594 15.262999534606933594 15.312999725341796875 15.571999549865722656 15.192000389099121094 15.371999740600585938 14.965999603271484375 14.826999664306640625 14.765000343322753906 14.701999664306640625 14.645000457763671875 14.657999992370605469 14.670000076293945313 14.487000465393066406 14.5279998779296875 14.491000175476074219 14.519000053405761719 14.545999526977539063 14.581000328063964844 14.414999961853027344 14.647000312805175781 14.668999671936035156 14.690999984741210938 14.715999603271484375 14.744999885559082031 14.772999763488769531 14.706000328063964844 14.592000007629394531 14.545000076293945313 14.5 14.454999923706054688 14.409999847412109375 14.364999771118164063 14.326000213623046875 14.2910003662109375 14.260999679565429688 14.243000030517578125 14.225000381469726563 14.206999778747558594 14.189000129699707031
15.404000282287597656 15.392999649047851563 15.692999839782714844 15.873000144958496094 15.963000297546386719 15.692999839782714844 15.317000389099121094 14.906000137329101563 14.843000411987304688 14.779999732971191406 14.718000411987304688 14.654999732971191406 14.640000343322753906 14.470999717712402344 14.628999710083007813 14.430999755859375 14.350000381469726563 14.432000160217285156 14.512999534606933594 14.595000267028808594 14.380999565124511719 14.637000083923339844 14.654999732971191406 14.677000045776367188 14.701999664306640625 14.725999832153320313 14.557999610900878906 14.687000274658203125 14.59799957275390625 14.553000450134277344 14.508999824523925781 14.465999603271484375 14.428000450134277344 14.390999794006347656 14.352999687194824219 14.314999580383300781 14.281000137329101563 14.251000404357910156 14.220999717712402344 14.189999580383300781 14.168999671936035156
15.604000091552734375 15.553999900817871094 15.76399993896484375 15.83300018310546875 15.83300018310546875 15.892999649047851563 15.184000015258789063 14.920999526977539063 14.859000205993652344 14.795999526977539063 14.732999801635742188 14.670000076293945313 14.623000144958496094 14.303000450134277344 14.531999588012695313 14.434000015258789063 14.392999649047851563 14.446000099182128906 14.5279998779296875 14.54199981689453125 14.609999656677246094 14.623999595642089844 14.642000198364257813 14.663999557495117188 14.682999610900878906 14.704999923706054688 14.496000289916992188 14.65200042724609375 14.607000350952148438 14.569000244140625 14.531000137329101563 14.493000030517578125 14.454999923706054688 14.41699981689453125 14.378999710083007813 14.340999603271484375 14.303000450134277344 14.272000312805175781 14.241999626159667969 14.211000442504882813 14.180999755859375
15.425000190734863281 15.623999595642089844 15.644000053405761719 15.944000244140625 15.894000053405761719 15.529000282287597656 15.015999794006347656 14.937000274658203125 14.873999595642089844 14.810999870300292969 14.748999595642089844 14.685999870300292969 14.609000205993652344 14.517000198364257813 14.564000129699707031 14.522999763488769531 14.482999801635742188 14.461000442504882813 14.543000221252441406 14.298999786376953125 14.59799957275390625 14.612000465393066406 14.628999710083007813 14.642999649047851563 14.661999702453613281 14.642999649047851563 14.682999610900878906 14.670000076293945313 14.633000373840332031 14.595000267028808594 14.557000160217285156 14.519000053405761719 14.480999946594238281 14.444000244140625 14.406000137329101563 14.368000030517578125 14.329999923706054688 14.293999671936035156 14.262999534606933594 14.232999801635742188 14.201999664306640625
15.625 15.69499969482421875 15.854999542236328125 15.923999786376953125 15.984000205993652344 15.4029998779296875 15.015000343322753906 14.953000068664550781 14.890000343322753906 14.826999664306640625 14.73600006103515625 14.644000053405761719 14.258999824523925781 14.590999603271484375 14.588999748229980469 14.586000442504882813 14.571999549865722656 14.531999588012695313 14.557999610900878906 14.376999855041503906 14.586000442504882813 14.5970001220703125 14.609000205993652344 14.623000144958496094 14.640999794006347656 14.394000053405761719 14.654000282287597656 14.630999565124511719 14.607999801635742188 14.585000038146972656 14.562999725341796875 14.539999961853027344 14.508000373840332031 14.470000267028808594 14.432000160217285156 14.394000053405761719 14.355999946594238281 14.317999839782714844 14.284000396728515625 14.253999710083007813 14.303999900817871094
15.565999984741210938 15.595000267028808594 15.614999771118164063 15.654999732971191406 15.534999847412109375 15.234000205993652344 15.031000137329101563 14.956000328063964844 14.862999916076660156 14.770999908447265625 14.678999900817871094 14.586999893188476563 14.225999832153320313 14.493000030517578125 14.534999847412109375 14.564999580383300781 14.564000129699707031 14.559000015258789063 14.366000175476074219 14.562000274658203125 14.56999969482421875 14.578000068664550781 14.588999748229980469 14.602999687194824219 14.618000030517578125 14.421999931335449219 14.614000320434570313 14.592000007629394531 14.569000244140625 14.545999526977539063 14.522999763488769531 14.5 14.477999687194824219 14.454999923706054688 14.432000160217285156 14.409000396728515625 14.383000373840332031 14.345000267028808594 14.307000160217285156 14.276000022888183594 14.413999557495117188
15.435999870300292969 15.795999526977539063 15.755999565124511719 15.69499969482421875 15.614999771118164063 15.348999977111816406 15.131999969482421875 14.918000221252441406 14.829000473022460938 14.739999771118164063 14.651000022888183594 14.560999870300292969 14.362999916076660156 14.404999732971191406 14.390999794006347656 14.434000015258789063 14.475999832153320313 14.517999649047851563 14.199000358581542969 14.548000335693359375 14.552000045776367188 14.559000015258789063 14.56999969482421875 14.581000328063964844 14.440999984741210938 14.600000381469726563 14.59799957275390625 14.574999809265136719 14.550999641418457031 14.52700042724609375 14.503000259399414063 14.479000091552734375 14.456000328063964844 14.432000160217285156 14.407999992370605469 14.385000228881835938 14.36100006103515625 14.336999893188476563 14.312999725341796875 14.362000465393066406 14.487999916076660156
15.536999702453613281 15.446000099182128906 15.576000213623046875 15.406000137329101563 15.696000099182128906 16.285999298095703125 15.412833213806152344 15.053000450134277344 15.192000389099121094 14.996999740600585938 14.802000045776367188 14.607999801635742188 14.199999809265136719 14.220999717712402344 14.246999740600585938 14.288999557495117188 14.373999595642089844 14.517999649047851563 14.428999900817871094 14.529999732971191406 14.532999992370605469 14.5410003662109375 14.545999526977539063 14.553999900817871094 14.237999916076660156 14.567999839782714844 14.567999839782714844 14.567000389099121094 14.545000076293945313 14.520999908447265625 14.496999740600585938 14.47299957275390625 14.449999809265136719 14.425999641418457031 14.40200042724609375 14.378000259399414063 14.354999542236328125 14.331000328063964844 14.309000015258789063 14.411999702453613281 14.538000106811523438
15.517000198364257813 15.536999702453613281 15.456999778747558594 15.487000465393066406 16.106000900268554688 16.1660003662109375 14.626000404357910156 15.314666748046875 15.621000289916992188 15.40200042724609375 15.184000015258789063 14.965000152587890625 14.746000289916992188 14.543999671936035156 14.164999961853027344 14.187000274658203125 14.279999732971191406 14.173999786376953125 14.395000457763671875 14.489999771118164063 14.515000343322753906 14.515999794006347656 14.520000457763671875 14.52700042724609375 14.411999702453613281 14.532999992370605469 14.534999847412109375 14.534999847412109375 14.534000396728515625 14.515000343322753906 14.491000175476074219 14.467000007629394531 14.442999839782714844 14.420000076293945313 14.395999908447265625 14.371999740600585938 14.348999977111816406 14.324999809265136719 14.355999946594238281 14.461999893188476563 14.496000289916992188
15.718000411987304688 15.66699981689453125 15.677000045776367188 15.866999626159667969 16.297000885009765625 15.887000083923339844 14.937000274658203125 15.776000022888183594 15.73600006103515625 15.565999984741210938 15.412600517272949219 15.112750053405761719 14.928600311279296875 14.9720001220703125 14.753000259399414063 14.494999885559082031 14.130999565124511719 14.133999824523925781 14.076999664306640625 14.338000297546386719 14.369000434875488281 14.399999618530273438 14.430999755859375 14.2089996337890625 14.505000114440917969 14.498999595642089844 14.5 14.501000404357910156 14.503000259399414063 14.501999855041503906 14.484999656677246094 14.461000442504882813 14.437000274658203125 14.413999557495117188 14.390000343322753906 14.366000175476074219 14.342000007629394531 14.31999969482421875 14.4029998779296875 14.512999534606933594 14.3339996337890625
