Outputs/initial_cond/5_metri/H_ev.asc
ncols 286
nrows 262
xllcorner 528670
yllcorner 5.07688e+06
cellsize 35
NODATA_value -9999
[rows 140 to 174 of 262, columns 77 to 153 of 286]
0 0 0 0 0 0 0 0 0 0 0 0 0 0 0 0 0 0 0 0 0 0 0 0 0 0 0 0 0 0 0 0 0 0 0 0 0 0 0 0 0 0 4.16331e-05 6.01735e-05 9.82969e-05 9.79089e-05 9.64759e-05 0.000104385 0.000122124 0.000140302 0.000148549 0.000173777 0.743065 0.00021021 0.000181438 0.000181406 0.000185729 0.000188268 0.000193758 0.000206231 0.000198941 0.000172163 0.00015885 0.000155082 0.000156043 0.000147769 0.00013778 0.000128469 0.000123255 0.000116703 9.52671e-05 7.68411e-05 8.48664e-05 0.000516013 0.000262572 0.000182666 0.000104029
0 0 0 0 0 0 0 0 0 0 0 0 0 0 0 0 0 0 0 0 0 0 0 0 0 0 0 0 0 0 0 0 0 0 0 0 0 0 0 0 0 0 2.98622e-05 5.25721e-05 8.43477e-05 7.90948e-05 8.79811e-05 0.00010173 0.000115364 0.000125627 0.000139514 0.00015094 0.0233635 0.0393878 0.000215728 0.000210378 0.000213869 0.00020695 0.000195649 0.00019035 0.000209994 0.000200006 0.000180807 0.00017881 0.000176408 0.00016827 0.000162164 0.000153486 0.000155478 0.000171359 0.000180001 0.000203495 0.000285649 0.000414073 0.000198615 0.000149078 0.000101804
0 0 0 0 0 0 0 0 0 0 0 0 0 0 0 0 0 0 0 0 0 0 0 0 0 0 0 0 0 0 0 0 0 0 0 0 0 0 0 0 0 0 0 4.5891e-05 6.57936e-05 6.73747e-05 7.92279e-05 9.32142e-05 0.000104484 0.000114152 0.000117207 0.000120241 0.000142129 4.03473 0.000296417 0.000239105 0.000235627 0.000228366 0.000212448 0.000204388 0.000212564 0.000232598 0.00022056 0.000212795 0.000203015 0.00019564 0.000195304 0.000192369 0.000207763 0.000254145 0.000289616 0.000316005 0.000357751 0.000346415 0.000200222 0.00016641 0.000133589
0 0 0 0 0 0 0 0 0 0 0 0 0 0 0 0 0 0 0 0 0 0 0 0 0 0 0 0 0 0 0 0 0 0 0 0 0 0 0 0 0 0 0 3.88817e-05 5.1055e-05 5.51144e-05 6.78999e-05 8.1285e-05 9.03872e-05 9.59399e-05 9.86094e-05 0.000109673 0.000119775 0.0237229 0.0245851 0.000252494 0.000238709 0.000241847 0.00023461 0.000233838 0.000237967 0.00027064 0.000278903 0.000248101 0.000235503 0.000232614 0.000239324 0.000243765 0.000272107 0.000359859 0.000386807 0.000379887 0.000369401 0.000297343 0.000195792 0.000160241 0.000131525
0 0 0 0 0 0 0 0 0 0 0 0 0 0 0 0 0 0 0 0 0 0 0 0 0 0 0 0 0 0 0 0 0 0 0 0 0 0 0 0 0 0 0 2.56341e-05 3.47573e-05 4.12242e-05 5.87601e-05 6.76127e-05 6.87218e-05 6.86778e-05 7.64167e-05 8.17472e-05 9.05289e-05 0.000106753 0.0273391 0.00026452 0.000261209 0.000262001 0.000259037 0.000264674 0.000270731 0.000287149 0.000312254 0.000284216 0.000274185 0.000276849 0.000282136 0.000318398 0.00035734 0.000434267 0.000396288 0.000337796 0.000288986 0.000261073 0.000205 0.000185162 0.000205016
0 0 0 0 0 0 0 0 0 0 0 0 0 0 0 0 0 0 0 0 0 0 0 0 0 0 0 0 0 0 0 0 0 0 0 0 0 0 0 0 0 0 0 0 1.6369e-05 2.17715e-05 4.41998e-05 4.22399e-05 4.34022e-05 4.47839e-05 4.98642e-05 6.07535e-05 7.63518e-05 8.75535e-05 0.0296695 0.0280404 0.000300513 0.000294748 0.000288092 0.000291806 0.000301237 0.000322552 0.000319575 0.000313447 0.000321751 0.000330854 0.000353538 0.000396433 0.00044712 0.000476049 0.000396237 0.000322044 0.000258698 0.000226616 0.000191316 0.000167167 0.000142798
0 0 0 0 0 0 0 0 0 0 0 0 0 0 0 0 0 0 0 0 0 0 0 0 0 0 0 0 0 0 0 0 0 0 0 0 0 0 0 0 0 0 0 0 2.61019e-05 4.00372e-05 4.18663e-05 1.35781e-05 1.73632e-05 1.99524e-05 3.49872e-05 4.37734e-05 5.93781e-05 6.6367e-05 7.55032e-05 1.64694 0.0255739 0.000337879 0.000320225 0.000320438 0.000343392 0.000362256 0.000358877 0.000373074 0.000460289 0.000536199 0.000663541 0.000838201 0.00102977 0.000853957 0.000680372 0.000510191 0.00026715 0.000206813 0.000165527 0.000111556 0.000436421
0 0 0 0 0 0 0 0 0 0 0 0 0 0 0 0 0 0 0 0 0 0 0 0 0 0 0 0 0 0 0 0 0 0 0 0 0 0 0 0 0 0 0 0 3.28665e-05 5.42222e-05 5.28435e-05 5.47811e-05 5.10795e-05 4.87287e-05 3.71159e-05 3.19025e-05 4.94097e-05 4.17914e-05 3.6475e-05 3.05214e-05 0.0231557 0.000399017 0.000345372 0.000359911 0.000413253 0.000419296 0.000430897 0.000483998 0.000608933 0.000738659 0.00082517 0.000800602 0.000177392 0.000214147 0.000260081 0.000326618 0.000399853 0.000277055 0.000145136 7.60819e-05 0.000586283
0 0 0 0 0 0 0 0 0 0 0 0 0 0 0 0 0 0 0 0 0 0 0 0 0 0 0 0 0 0 0 0 0 0 0 0 0 0 0 0 0 0 0 2.25732e-05 4.16813e-05 6.4792e-05 7.29427e-05 7.18817e-05 7.45819e-05 7.45764e-05 6.60486e-05 6.13848e-05 4.62104e-05 5.06849e-05 5.20489e-05 5.50956e-05 0.0233432 0.000399464 0.000384459 0.000421483 0.000485953 0.000493867 0.00052126 0.000589398 0.000679643 0.000738589 0.000617823 2.79572e-05 3.06896e-05 3.4612e-05 3.66259e-05 3.94617e-05 4.39033e-05 5.91598e-05 8.36956e-05 8.49276e-05 0.000692594
0 0 0 0 0 0 0 0 0 0 0 0 0 0 0 0 0 0 0 0 0 0 0 0 0 0 0 0 0 0 0 0 0 0 0 0 0 0 0 0 0 0 2.06141e-05 3.87428e-05 5.55024e-05 7.57974e-05 9.06394e-05 8.90207e-05 9.68367e-05 9.55144e-05 9.06621e-05 8.72874e-05 8.08725e-05 8.3106e-05 8.45893e-05 9.74072e-05 0.0239949 0.000422337 0.000440553 0.000497193 0.000539837 0.000563046 0.000592086 0.000644053 0.00068066 0.000688257 0.000464742 0.000103467 0.000123539 0.000139194 0.000162067 0.000126695 6.90043e-05 6.14632e-05 5.70597e-05 8.81137e-05 0.000780006
0 0 0 0 0 0 0 0 0 0 0 0 0 0 0 0 0 0 0 0 0 0 0 0 0 0 0 0 0 0 0 0 0 0 0 0 0 0 0 2.39804e-05 5.31945e-05 1.75065e-05 3.06317e-05 4.7076e-05 7.18459e-05 8.94267e-05 0.000106288 0.000107746 0.000119614 0.000114018 0.000112496 0.000108576 0.000104719 0.0001111 0.00011256 0.0130871 0.0193084 0.000466079 0.000501349 0.000563147 0.000602888 0.000612886 0.000650565 0.000699562 0.000717521 0.000663663 0.000478856 0.000132222 0.00012328 0.000108674 6.59181e-05 8.16995e-05 0.000104091 4.35328e-05 6.22293e-05 0.00010205 0.000937419
0 0 0 0 0 0 0 0 0 0 0 0 0 0 0 0 0 0 0 0 0 0 0 0 0 0 0 0 0 0 0 0 0 2.32791e-05 6.52732e-05 3.89473e-05 3.76462e-05 2.82857e-05 1.61224e-05 3.78378e-05 6.28015e-05 5.86254e-05 4.99115e-05 5.47008e-05 7.30057e-05 9.864e-05 0.000123091 0.000128116 0.000132499 0.000133938 0.000133541 0.000142165 0.000145564 0.000143945 0.000144484 0.0173407 0.0156421 0.00052139 0.000576389 0.000645632 0.000652683 0.000682274 0.000689532 0.000733391 0.000772066 0.000636108 0.000204202 0.00014251 0.000132235 0.000109637 7.40396e-05 5.74542e-05 2.67729e-05 3.23075e-05 6.19156e-05 0.00102185 0.00103574
0 0 0 0 0 0 0 0 0 0 0 0 0 0 0 0 0 0 0 0 0 0 0 0 0 0 0 0 0 0 5.95861e-05 2.99506e-05 1.30134e-05 3.54759e-05 0.0001074 3.96789e-05 8.87086e-05 4.04377e-05 2.13476e-05 4.84324e-05 6.86266e-05 7.83722e-05 7.37946e-05 7.69031e-05 8.42983e-05 0.000102358 0.000135075 0.0001588 0.000153101 0.000150296 0.000153659 0.000163168 0.000174412 0.000176089 0.000181941 0.0202278 0.0114399 0.000582519 0.000640708 0.000715561 0.000711644 0.000676525 0.000677575 0.000722423 0.000550658 0.000141201 0.000207771 0.000305653 0.000245977 0.00018165 0.00011712 5.34669e-05 2.19405e-05 3.87375e-05 6.95664e-05 0.00110974 5.43286e-05
0 0 0 0 0 0 0 0 0 0 0 0 0 0 0 0 0 0 0 0 0 0 0 0 0 0 0 0 0 8.665e-05 6.03069e-05 2.96932e-05 3.54318e-05 5.06306e-05 0.000168235 6.34467e-05 0.000101042 4.83242e-05 2.42124e-05 5.51784e-05 7.62118e-05 8.73268e-05 9.42196e-05 9.71195e-05 0.000105159 0.000117445 0.000125813 0.0001526 0.000173326 0.000174717 0.000175631 0.000180534 0.000197733 0.000206968 0.000219019 0.0228668 0.00787686 0.000623931 0.000687848 0.000724114 0.000685009 0.000658178 0.000686583 0.000649602 0.000399334 0.000144985 0.00013486 4.75597e-05 5.26445e-05 4.68355e-05 4.22061e-05 5.30887e-05 2.30253e-05 4.39504e-05 0.000780749 0.000790167 3.24708e-05
0 0 0 0 0 0 0 0 0 0 0 0 0 0 0 0 0 0 0 0 0 0 0 0 0 0 0 0 0.000111782 9.28395e-05 6.02472e-05 2.99842e-05 4.83066e-05 6.62685e-05 0.000230095 0.000101097 0.000104303 5.41738e-05 2.74458e-05 5.9159e-05 8.3522e-05 9.67775e-05 0.000108646 0.000116054 0.000119357 0.000130791 0.000136535 0.000154971 0.000184385 0.000202103 0.000200299 0.000195596 0.000217826 0.000250198 0.000316008 0.0235744 0.00518206 0.000705762 0.000727074 0.00069316 0.000655881 0.000726492 0.000597336 0.00053603 0.000294044 0.000136103 0.000104195 4.97356e-05 2.98777e-05 2.4535e-05 3.41898e-05 9.38907e-05 2.83154e-05 5.14772e-05 0.00116328 0.000525107 5.7012e-05
0 0 0 0 0 0 0 0 0 0 0 0 0 0 0 0 0 0 0 0 0 0 0 0 0 0 0 0 0.00017349 9.39667e-05 6.02239e-05 2.9928e-05 5.46797e-05 7.83558e-05 0.00028666 7.97513e-05 0.000153592 4.67891e-05 5.04333e-05 6.77798e-05 8.91753e-05 0.000108565 0.000121577 0.000130716 0.000130792 0.000136813 0.000152494 0.000175618 0.000195203 0.000213784 0.000222749 0.000223583 0.000224326 0.000251089 0.0178625 0.0178501 0.00352377 0.000764859 0.000706348 0.000672676 0.000666359 0.000674016 0.000603955 0.000418716 0.000231849 0.000127368 9.45066e-05 5.14166e-05 3.26805e-05 2.1959e-05 4.19574e-05 0.000133168 3.96505e-05 0.0008133 0.000778805 0.00034755 7.61206e-05
0 0 0 0 0 0 0 0 0 0 0 0 0 0 0 0 0 0 0 0 0 0 0 0 0 0 0 0.00016629 0.000161318 9.44306e-05 6.41647e-05 2.93076e-05 5.83391e-05 0.000250167 0.000241513 5.99411e-05 0.000193845 4.16794e-05 6.25102e-05 8.00216e-05 9.24929e-05 0.000117098 0.000131689 0.000144048 0.000144063 0.000150376 0.000171428 0.000192839 0.000216369 0.000233712 0.000224891 0.000247228 0.00025161 0.000253766 0.013654 0.025447 0.00254421 0.000739757 0.000648199 0.000534903 0.000398478 0.000993562 0.000580387 0.000329652 0.000190708 0.000123575 8.98137e-05 5.85156e-05 4.02513e-05 2.12592e-05 4.72394e-05 0.000121518 0.000740308 0.000755495 0.000564604 0.000267253 7.90939e-05
0 0 0 0 0 0 0 0 0 0 0 0 0 0 0 0 0 0 0 0 0 0 0 0 0 0 0 0.000246209 0.000152453 9.5283e-05 6.90475e-05 2.9243e-05 6.14861e-05 0.000348124 0.000200535 4.66014e-05 0.000233681 3.92378e-05 6.61595e-05 9.1857e-05 9.835e-05 0.000122356 0.000139223 0.000154252 0.000162327 0.00017239 0.000196347 0.000213515 0.000238098 0.000377633 0.000147505 0.00020176 0.000248094 0.000258463 0.000167888 0.0301082 0.00315137 0.00276195 0.00366511 0.00500921 0.00715063 0.00869258 0.00734897 0.0129879 0.0175522 0.0140884 0.000113386 6.90859e-05 4.34733e-05 2.09876e-05 4.91108e-05 0.0213423 1.24991 0.0201326 0.0190118 0.0196653 0.020198
0 0 0 0 0 0 0 0 0 0 0 0 0 0 0 0 0 0 0 0 0 0 0 0 0 0 0 0.000316804 0.000147593 9.49121e-05 7.25253e-05 3.02224e-05 6.27331e-05 0.000422807 0.000166515 3.86062e-05 0.000191777 0.000136617 0.000113741 0.00011489 0.000118339 0.00013385 0.000147898 0.000160912 0.000179148 0.000190194 0.000210251 0.000235946 0.000267588 0.000527447 0.000158757 0.000121781 0.000197018 0.000250568 0.000221262 0.0175216 0.0285535 0.00603849 0.00514627 0.00345005 2.18224e-05 1.50564e-05 0.00558743 0.0206122 0.0105658 0.0136182 4.51688 4.12921 4.62775e-05 2.14592e-05 6.11908e-05 6.27384 0.000106131 4.2239e-05 2.71852e-05 0.000517388 0.000644045
0 0 0 0 0 0 0 0 0 0 0 0 0 0 0 0 0 0 0 0 0 0 0 0 0 0 0 0.00038412 0.000151307 0.000104013 8.55592e-05 5.3541e-05 5.36637e-05 0.000465382 0.000117004 8.01347e-05 0.000161476 0.000161627 0.000151835 0.000142765 0.000152838 0.000160025 0.000160526 0.000167821 0.000190925 0.000204619 0.000209002 0.000234155 0.000273094 0.000485286 0.000477443 9.49251e-05 0.000143883 0.000214129 0.00023344 0.0125169 1.28117 0.00100715 0.00123909 0.00205825 2.35275e-05 3.32239e-05 0.0150016 0.0132635 3.06295e-05 3.4238e-05 2.43038e-05 0.0205772 0.264509 0.0203567 0.0231844 0.0192131 9.71395e-05 3.42588e-05 2.7018e-05 3.91299e-05 6.34758e-05
0 0 0 0 0 0 0 0 0 0 0 0 0 0 0 0 0 0 0 0 0 0 0 0 0 0 0 0.000462881 0.000176674 0.000131485 0.000141647 0.000160585 0.000249389 0.000399422 8.35293e-05 9.00354e-05 0.000139485 0.000168067 0.000181758 0.000179914 0.000192664 0.000285395 0.000114896 0.00015353 0.000181932 0.00021638 0.000222032 0.000226358 0.000260635 0.000408804 0.000686093 0.000105868 9.06805e-05 0.000159336 0.000209534 0.0211245 0.0167059 0.000704842 0.00121309 0.00132442 0.000601405 0.0203236 0.0225775 0.0113063 4.39853e-05 2.77651e-05 2.8496e-05 4.74431e-05 9.21258e-05 0.000435221 0.000275947 0.000222767 0.000131093 2.41078e-05 2.85484e-05 2.63424e-05 4.99063e-05
0 0 0 0 0 0 0 0 0 0 0 0 0 0 0 0 0 0 0 0 0 0 0 0 0 0 0 0.000350024 0.000319256 0.000324455 0.000200904 0.000248605 0.000312769 0.000322523 6.10109e-05 8.89169e-05 0.000128486 0.00016224 0.000196803 0.000213729 0.000221509 0.000301273 0.000193441 0.000183813 0.00019019 0.000219629 0.00024786 0.000239495 0.000252862 0.000349721 0.000830228 0.000111995 6.39605e-05 0.0001257 0.000178585 0.0232914 0.00968328 0.000625764 0.00071879 0.00107793 0.0238377 0.0227713 0.000428107 0.000332554 0.000223834 5.7322e-05 5.79699e-05 5.52027e-05 9.99215e-05 0.000281513 0.000226929 0.000255171 0.000222011 3.47015e-05 2.45769e-05 2.54774e-05 3.29599e-05
0 0 0 0 0 0 0 0 0 0 0 0 0 0 0 0 0 0 0 0 0 0 0 0 0 0 0 0.000259167 0.000324261 0.000366381 0.000278582 0.000481784 0.000310782 0.000241557 4.54795e-05 8.13154e-05 0.000117601 0.000152283 0.000190633 0.000230774 0.00026957 0.000405492 0.000131768 0.000181557 0.000200851 0.000212615 0.000249641 0.000264751 0.000264667 0.000319597 0.000687734 0.00066335 4.98219e-05 0.000108979 0.000171404 0.030396 0.0101961 0.0096876 0.0148165 0.382686 0.0224957 0.000512214 0.000470449 0.000386457 0.000264098 0.000109914 0.000117024 0.000131936 0.000155248 0.000147991 0.000163072 0.000221831 0.000266578 0.000312057 0.000233737 0.000172386 0.000114989
0 0 0 0 0 0 0 0 0 0 0 0 0 0 0 0 0 0 0 0 0 0 0 0 0 0 0 0.000173278 0.00026307 0.000348475 0.000330785 0.000665999 0.000282049 0.000179793 3.51343e-05 7.43401e-05 0.000112089 0.000144968 0.000179536 0.000231733 0.000501271 0.000316407 8.27303e-05 0.000155452 0.000202924 0.000215353 0.000242066 0.000280202 0.000283517 0.00031554 0.000569933 0.000704378 0.000407625 0.000323293 1.03153 0.0387974 0.0216003 0.0199884 0.0155219 0.000590692 0.00049427 0.00050242 0.000506759 0.000466537 0.000356701 0.00016454 0.000168973 0.000188421 0.000165422 0.000137434 0.000116057 0.000110739 0.000120228 0.000117573 0.000116608 9.99834e-05 8.05604e-05
0 0 0 0 0 0 0 0 0 0 0 0 0 0 0 0 0 0 0 0 0 0 0 0 0 0 2.60304e-05 0.000125086 0.000211742 0.000304377 0.000353701 0.000845208 0.000249249 0.000142263 3.12448e-05 6.86513e-05 0.000105941 0.000146434 0.000181163 0.000232447 0.000645454 0.000237378 5.5227e-05 0.000122293 0.000187305 0.000221333 0.000239252 0.000276228 0.000298844 0.000319708 0.000492969 0.000656716 0.0380757 0.855135 0.0379255 0.00049621 0.000488794 0.00051122 0.000485962 0.000455522 0.000452581 0.000466705 0.000496329 0.000548227 0.0006238 0.000604646 0.000402558 0.000207712 0.000179078 0.00014799 0.000111753 8.24162e-05 8.54927e-05 8.84478e-05 8.7578e-05 8.67299e-05 7.82609e-05
0 0 0 0 0 0 0 0 0 0 0 0 0 0 0 0 0 0 0 0 0 0 0 0 6.82407e-05 3.46976e-05 2.71733e-05 9.7031e-05 0.00017551 0.000269774 0.000363263 0.00103023 0.000203651 0.000113434 3.06312e-05 6.66662e-05 9.45406e-05 0.000144524 0.000193973 0.000240503 0.000773887 0.000194793 4.35365e-05 0.000100109 0.000160293 0.000213484 0.000237623 0.000263144 0.000301729 0.000348007 0.000469937 0.0412021 0.0426848 0.000468913 0.00047921 0.000515386 0.000490906 0.000486999 0.000477966 0.000461191 0.000452448 0.000428164 0.000414805 0.000399829 0.000403119 0.000379557 0.000396476 0.000365135 0.000199927 0.000183262 0.000122619 5.42506e-05 5.77549e-05 6.30332e-05 6.56369e-05 6.84858e-05 6.44976e-05
0 0 0 0 0 0 0 0 0 0 0 0 0 0 0 0 0 0 0 0 0 0 0.00010815 6.87647e-05 7.35692e-05 4.77003e-05 2.75204e-05 8.08899e-05 0.000146192 0.000233334 0.000884717 0.000840677 0.000161254 7.48789e-05 6.55043e-05 8.89158e-05 8.99958e-05 0.000116871 0.00023459 0.000280401 0.000683386 0.000604402 3.71448e-05 8.7406e-05 0.000138359 0.000196932 0.000235612 0.00026549 0.000320458 0.00037605 0.0387707 0.497512 0.00032824 0.000336573 0.000367732 0.000447736 0.000477131 0.000481574 0.000501816 0.000496147 0.000443543 0.000412123 0.000401457 0.000391367 0.00034274 0.000265563 0.000222296 0.000246152 0.000236942 0.000227205 0.000175336 2.57837e-05 2.83127e-05 3.34429e-05 4.12621e-05 5.49517e-05 4.78911e-05
0 0 0 0 0 0 0 0 0 0 0 0 0 0 0 8.53716e-05 5.34009e-05 5.13269e-05 4.49907e-05 3.96529e-05 3.61451e-05 2.44e-05 0.000187327 0.000298568 8.9021e-05 5.66965e-05 2.73013e-05 7.22162e-05 0.000127011 0.000200438 0.00115451 0.000546639 0.000125479 5.14749e-05 6.98839e-05 9.96524e-05 0.000103259 0.000111345 7.57722e-05 0.000174068 0.000510058 0.000863178 3.91491e-05 8.38775e-05 0.000126174 0.00017349 0.000220038 0.000270505 0.000344498 0.000406562 0.043962 0.000262563 0.000240657 0.000248277 0.000276314 0.000349229 0.000392081 0.000408248 0.0004314 0.000443147 0.000453981 0.000413176 0.000408783 0.000377896 0.000348917 0.000284674 0.000143414 0.000200589 0.000205009 0.000209057 0.000231178 0.000257107 0.000174043 9.62388e-05 9.30691e-05 4.34348e-05 2.74802e-05
0 0 0 0 0 0 0 0 0 0 0 0 8.9637e-05 7.99698e-05 9.15381e-05 0.000104972 8.51629e-05 7.83242e-05 7.38429e-05 6.17094e-05 5.09492e-05 3.9207e-05 1.41004e-05 0.000336671 0.07046 8.31031e-05 2.92189e-05 6.8854e-05 0.000118558 0.000195718 0.00133379 0.000421138 0.000107548 6.54024e-05 4.05885e-05 8.89503e-05 0.000117182 0.000122529 0.000105599 0.000149385 0.000351456 0.000717602 0.000536151 0.000466956 9.02014e-05 0.000145304 0.000185195 0.000222181 0.000312374 0.0454233 0.0418381 0.000216056 0.000191138 0.000190396 0.00021307 0.000268453 0.000317099 0.000341194 0.000355041 0.000369103 0.000395814 0.000409816 0.00038747 0.000350669 0.00036333 0.000384383 0.000382573 0.000241769 0.000205057 0.00017964 0.000154053 0.000146999 0.000163213 0.000155011 3.31817e-05 3.88292e-05 4.77735e-05
0 0 0 0 0 0 0 0 0 0 0 0.000137255 0.000124712 0.000121278 0.000132353 0.000131814 0.000114055 0.000104693 9.6324e-05 7.85166e-05 6.16264e-05 4.518e-05 2.60635e-05 3.02224e-05 0.000243623 0.000397758 0.000382942 0.000406661 0.000439405 0.000496017 0.00162092 0.00156643 0.000100751 6.38228e-05 3.50514e-05 7.78986e-05 0.000118271 0.000135565 0.000128427 0.000149305 0.000269547 0.000527969 0.000616509 0.000621862 0.000380857 0.000291306 0.000255228 0.000249824 0.000330298 1.15912 0.00035975 0.00020198 0.000163188 0.000137769 0.000164197 0.00019877 0.000270724 0.000294111 0.000304675 0.000326325 0.00034006 0.000353808 0.000364624 0.000324973 0.000301227 0.000295926 0.000268954 0.000231388 0.000222855 0.000204095 0.000152133 8.27736e-05 9.00618e-05 0.00010824 0.000119904 6.46975e-05 6.32224e-05
0 0 0 0 0 0 0 0 0 0.000155573 0.000122058 0.000161889 0.000156383 0.000159985 0.000168024 0.000158583 0.000141439 0.000129366 0.000113891 0.000101051 8.52827e-05 7.87473e-05 9.00728e-05 0.000117993 0.000157827 1.60605e-05 2.44027e-05 2.71213e-05 3.03758e-05 5.15705e-05 6.86804e-05 0.440462 0.000111306 6.42438e-05 3.24864e-05 7.10941e-05 0.000110782 0.000144428 0.000148442 0.000159084 0.000236759 0.000395075 0.000718031 0.000815837 0.000633375 0.000503359 0.000417271 0.000348315 0.305728 0.0414871 0.000448589 0.000244569 0.00018525 7.34542e-05 9.74082e-05 0.000141388 0.000235246 0.000251721 0.000262511 0.000285496 0.000307548 0.000318994 0.000329889 0.000297894 0.000262517 0.000256434 0.000239957 0.000223867 0.000256391 0.000245817 0.000187895 3.41716e-05 3.7457e-05 4.986e-05 6.90699e-05 9.65849e-05 9.10589e-05
0 0 0 0 0 0 0 0 0.000196814 0.000177168 0.000177842 0.000193263 0.000198391 0.000199417 0.000199263 0.000182138 0.000162158 0.000150064 0.000135669 0.000126444 0.000116089 0.000115976 0.000126158 0.000125107 9.65331e-05 7.16392e-05 6.42584e-05 5.81055e-05 5.62637e-05 4.25376e-05 3.53846e-05 0.00159961 0.00181727 0.00129186 0.0007746 0.000503533 0.000358671 0.000279118 0.000241761 0.000210897 0.000248575 0.00032468 0.000201088 0.000833712 0.000806279 0.000679003 0.000569432 0.0478042 0.0426697 0.000862786 0.000563468 0.000268585 0.00033637 0.000362661 0.000278706 0.000161028 0.000217714 0.000213778 0.00022431 0.000248811 0.000278568 0.000311042 0.000322486 0.00029673 0.000259086 0.000232802 0.000220454 0.000207281 0.000247407 0.000270919 0.000279378 0.000291343 0.000364851 0.000466378 0.000412861 0.000346928 0.00027505
0 0 0 0 0 0 0 0.000242718 0.000208677 0.000212468 0.000210471 0.000205205 0.000174557 0.000131108 0.000345625 0.000209072 0.000180449 0.0001673 0.000159867 0.000153637 0.000144704 0.000140764 0.000141435 0.000118779 6.73086e-05 8.06897e-05 8.79458e-05 8.44528e-05 8.35441e-05 7.79279e-05 7.46019e-05 5.56927e-05 8.84718e-05 0.00129846 0.00164475 0.00174962 0.00140334 0.00103464 0.000800721 0.000563371 0.000443284 0.000541185 0.00011863 7.39153e-05 0.000574458 0.000654993 0.0416482 0.0422443 0.000764446 0.000959654 0.000789037 8.29255e-05 0.000123227 0.0001817 0.000224244 0.000267427 0.00016018 0.000153984 0.000174041 0.000202708 0.000238285 0.000300688 0.000334538 0.00031526 0.000265931 0.000209017 0.000148058 0.000103533 0.000152577 0.000179306 0.000208063 0.000335975 0.000376626 0.000133447 0.000143779 0.00013889 0.000128462
0 0 0 0 0 0 0.00028556 0.000254749 0.000229971 0.000227733 0.000213277 0.00019973 0.000144268 8.02487e-05 0.000452857 0.000238731 0.00019871 0.000184319 0.000174745 0.000167392 0.000157903 0.000150306 0.000144518 0.000107608 5.2735e-05 7.79754e-05 0.000104692 0.000112989 0.000110511 0.000109288 0.000112513 0.000103585 9.22411e-05 8.54209e-05 8.23895e-05 7.78983e-05 0.0011816 0.00164664 0.00190187 0.00217067 0.00158073 0.00160392 7.70958e-05 9.41108e-05 0.000410402 0.000703134 0.153771 0.000428887 0.000668159 0.00104585 0.00114193 0.0011398 9.63454e-05 4.23959e-05 4.75776e-05 7.72331e-05 9.98579e-05 5.15825e-05 8.15916e-05 0.000108408 0.00016131 0.000261792 0.000324358 0.000323511 0.000289938 0.000235307 0.000176572 0.000101275 8.60403e-05 0.000135615 0.000227989 0.000261442 7.4607e-05 7.83545e-05 8.98812e-05 9.89602e-05 0.000104123
0 0 0 0 0 0.000349192 0.000294232 0.000274832 0.000247815 0.000239481 0.000235272 0.000246934 0.00024126 0.000285902 0.000394912 0.00025157 0.000217804 0.000196108 0.000177711 0.000170199 0.000168636 0.000159306 0.000155624 0.000104956 4.52074e-05 7.54433e-05 0.000103359 0.000127464 0.000141754 0.000221726 0.000114716 7.24818e-05 5.10103e-05 3.78142e-05 3.13441e-05 2.89089e-05 2.77694e-05 2.74363e-05 2.72267e-05 3.05414e-05 0.00118174 0.00205733 5.75542e-05 8.44056e-05 0.000316316 0.0339249 0.0299233 0.00177457 0.00141387 0.00098787 0.00106396 0.00120418 0.00136165 0.000982337 0.000609522 0.000111584 0.000111963 0.000146741 0.000141531 0.00015983 0.000178522 0.000187261 0.000297701 0.000298677 0.000285187 0.000258449 0.000204173 0.000144871 0.00017782 0.000226321 0.0002901 0.000301056 3.51887e-05 4.27679e-05 5.86361e-05 7.60876e-05 8.51986e-05
