Outputs/initial_cond/5_metri/H_ev.asc
ncols 286
nrows 262
xllcorner 528670
yllcorner 5.07688e+06
cellsize 35
NODATA_value -9999
[rows 70 to 104 of 262, columns 154 to 230 of 286]
0.00014516 0.000143824 0.000143544 0.000137097 0.000136575 0.000129653 0.00012351 0.000104868 9.40849e-05 8.78338e-05 8.90916e-05 9.23561e-05 0.000100707 0.000104728 0.000112083 0.000120293 0.000133304 0 0 0 0 0 0 0 0 0 0 0 0 0 0 0 0 0 0 0 0 0 0 0 0 0 0 0 0 0 0 0 0 0 0 0 0 0 0 0 0 0 0 0 0 0 0 0 0 0 0 0 0 0 0 0 0 0 0 0 0
0.000122195 0.000108173 0.00010039 9.57514e-05 8.61179e-05 8.26242e-05 8.75861e-05 8.63023e-05 7.58618e-05 6.18085e-05 5.74858e-05 4.92463e-05 6.58961e-05 6.88537e-05 7.35893e-05 8.14032e-05 9.34309e-05 0.000112395 0 0 0 0 0 0 0 0 0 0 0 0 0 0 0 0 0 0 0 0 0 0 0 0 0 0 0 0 0 0 0 0 0 0 0 0 0 0 0 0 0 0 0 0 0 0 0 0 0 0 0 0 0 0 0 0 0 0 0
0.000106363 9.85462e-05 8.30724e-05 7.39299e-05 6.58589e-05 5.5994e-05 5.55053e-05 5.68706e-05 5.35296e-05 2.95853e-05 3.41177e-05 4.89545e-05 2.80291e-05 2.90675e-05 3.16276e-05 3.78322e-05 4.94579e-05 6.75228e-05 8.12123e-05 0 0 0 0 0 0 0 0 0 0 0 0 0 0 0 0 0 0 0 0 0 0 0 0 0 0 0 0 0 0 0 0 0 0 0 0 0 0 0 0 0 0 0 0 0 0 0 0 0 0 0 0 0 0 0 0 0 0
8.79084e-05 7.98972e-05 6.60957e-05 5.37636e-05 4.61224e-05 2.866e-05 2.92334e-05 3.37021e-05 4.01302e-05 6.65183e-05 6.98675e-05 6.7624e-05 6.0932e-05 6.35495e-05 6.03392e-05 5.54631e-05 4.68811e-05 2.97586e-05 3.28308e-05 0 0 0 0 0 0 0 0 0 0 0 0 0 0 0 0 0 0 0 0 0 0 0 0 0 0 0 0 0 0 0 0 0 0 0 0 0 0 0 0 0 0 0 0 0 0 0 0 0 0 0 0 0 0 0 0 0 0
8.08412e-05 6.50183e-05 5.21933e-05 3.70678e-05 4.76888e-05 6.30171e-05 6.77991e-05 7.37156e-05 8.25403e-05 9.87249e-05 9.26582e-05 8.96798e-05 8.7992e-05 8.25195e-05 7.61992e-05 6.87998e-05 5.72409e-05 4.13695e-05 2.78286e-05 3.05823e-05 0 0 0 0 0 0 0 0 0 0 0 0 0 0 0 0 0 0 0 0 0 0 0 0 0 0 0 0 0 0 0 0 0 0 0 0 0 0 0 0 0 0 0 0 0 0 0 0 0 0 0 0 0 0 0 0 0
6.7193e-05 5.50861e-05 5.0036e-05 8.05583e-05 9.02004e-05 9.64702e-05 0.000102654 0.000110316 0.000117389 0.000123627 0.000115782 0.00011929 0.000113507 0.00010277 9.61528e-05 8.53936e-05 7.42425e-05 6.79994e-05 6.44854e-05 6.09583e-05 5.23917e-05 0 0 0 0 0 0 0 0 0 0 0 0 0 0 0 0 0 0 0 0 0 0 0 0 0 0 0 0 0 0 0 0 0 0 0 0 0 0 0 0 0 0 0 0 0 0 0 0 0 0 0 0 0 0 0 0
4.23924e-05 3.04014e-05 3.5723e-05 0.000177707 0.000130284 0.000134302 0.000154174 0.000176778 0.000199338 0.000231264 0.00028216 0.000347942 0.000407861 0.000348979 0.000299251 0.000242576 0.000175567 9.72069e-05 7.88458e-05 5.39707e-05 1.74852e-05 0 0 0 0 0 0 0 0 0 0 0 0 0 0 0 0 0 0 0 0 0 0 0 0 0 0 0 0 0 0 0 0 0 0 0 0 0 0 0 0 0 0 0 0 0 0 0 0 0 0 0 0 0 0 0 0
2.56534e-05 2.73967e-05 4.52658e-05 0.000333076 0.000238058 0.000300397 0.000428582 0.00055138 0.000683575 0.00059258 0.000488008 0.000342156 0.000108261 9.76894e-05 8.83577e-05 9.24223e-05 9.76382e-05 9.39259e-05 6.50499e-05 4.38632e-05 2.07029e-05 5.95459e-05 0 0 0 0 0 0 0 0 0 0 0 0 0 0 0 0 0 0 0 0 0 0 0 0 0 0 0 0 0 0 0 0 0 0 0 0 0 0 0 0 0 0 0 0 0 0 0 0 0 0 0 0 0 0 0
4.11741e-05 2.59356e-05 0.000349775 0.00047911 0.000460688 0.000598282 0.000721826 0.000503482 0.000118137 0.000115323 0.000111938 0.00010577 9.27498e-05 6.48574e-05 4.37732e-05 4.3774e-05 5.59692e-05 8.08308e-05 7.29114e-05 6.09548e-05 5.31897e-05 5.43687e-05 0 0 0 0 0 0 0 0 0 0 0 0 0 0 0 0 0 0 0 0 0 0 0 0 0 0 0 0 0 0 0 0 0 0 0 0 0 0 0 0 0 0 0 0 0 0 0 0 0 0 0 0 0 0 0
5.0183e-05 2.98936e-05 0.000688083 0.000536159 0.000510503 0.000423875 5.74062e-05 7.51939e-05 7.68974e-05 8.19685e-05 7.82034e-05 7.11452e-05 6.91316e-05 5.67797e-05 7.35084e-05 8.22664e-05 9.22609e-05 9.75428e-05 9.00117e-05 7.72387e-05 6.20051e-05 4.34497e-05 0.00504141 0 0 0 0 0 0 0 0 0 0 0 0 0 0 0 0 0 0 0 0 0 0 0 0 0 0 0 0 0 0 0 0 0 0 0 0 0 0 0 0 0 0 0 0 0 0 0 0 0 0 0 0 0 0
0.000274587 0.000476794 0.000650555 0.00048204 0.000374217 0.000247245 6.21976e-05 4.29654e-05 4.60325e-05 6.23289e-05 5.85708e-05 4.45876e-05 6.01887e-05 9.16519e-05 0.00010487 0.000113872 0.000114998 0.000114741 0.000105662 8.75179e-05 6.98819e-05 4.94162e-05 2.19927e-05 0 0 0 0 0 0 0 0 0 0 0 0 0 0 0 0 0 0 0 0 0 0 0 0 0 0 0 0 0 0 0 0 0 0 0 0 0 0 0 0 0 0 0 0 0 0 0 0 0 0 0 0 0 0
0.00047203 0.00062948 0.000629038 0.00054266 0.000530427 0.000330652 0.000160892 0.000104933 5.569e-05 4.33191e-05 5.95131e-05 8.8549e-05 0.000106502 0.000129716 0.000137333 0.000140466 0.000138711 0.000138338 0.000124638 0.000106356 9.01281e-05 7.24591e-05 5.98691e-05 0 0 0 0 0 0 0 0 0 0 0 0 0 0 0 0 0 0 0 0 0 0 0 0 0 0 0 0 0 0 0 0 0 0 0 0 0 0 0 0 0 0 0 0 0 0 0 0 0 0 0 0 0 0
0.00123187 0.00106128 0.000795801 0.000504405 0.000128217 9.7972e-05 6.86496e-05 5.46538e-05 7.85047e-05 8.32298e-05 0.000111532 0.000137568 0.000160802 0.000183854 0.000198081 0.000218453 0.000238474 0.00026265 0.000283426 0.000201304 0.000137498 6.8187e-05 3.15217e-05 0.00477078 0 0 0 0 0 0 0 0 0 0 0 0 0 0 0 0 0 0 0 0 0 0 0 0 0 0 0 0 0 0 0 0 0 0 0 0 0 0 0 0 0 0 0 0 0 0 0 0 0 0 0 0 0
5.00252e-05 5.6864e-05 7.27437e-05 9.24902e-05 9.55829e-05 8.96597e-05 6.68818e-05 0.000102232 0.000130602 0.000153205 0.000190577 0.000226389 0.000265531 0.00030454 0.000345443 0.000377009 0.000409834 0.000299375 0.000131583 3.94147e-05 4.63084e-05 5.69927e-05 3.13261e-05 3.95857e-05 0 0 0 0 0 0 0 0 0 0 0 0 0 0 0 0 0 0 6.02865e-05 3.9517e-05 3.67717e-05 2.44684e-05 0 0 0 0 0 0 0 0 0 0 0 0 0 0 0 0 0 0 0 0 0 0 0 0 0 0 0 0 0 0 0
0.0013111 7.62756e-05 6.57963e-05 5.03368e-05 6.94529e-05 0.00010221 0.0001647 0.000216153 0.000283403 0.000358655 0.000447637 0.000527962 0.000654263 0.000743482 0.000592958 0.000267618 8.42201e-05 0.000115292 0.000173221 0.000252918 0.00019737 0.00014396 8.43639e-05 3.10946e-05 0 0 0 0 0 0 0 0 0 0 0 0 0 0 0 2.45039e-05 3.47143e-05 4.52692e-05 0.000126986 6.89222e-05 5.28942e-05 2.6401e-05 3.42352e-05 7.81512e-05 3.9738e-05 3.78761e-05 3.34234e-05 2.46454e-05 0 0 0 0 0 0 0 0 0 0 0 0 0 0 0 0 0 0 0 0 0 0 0 0 0
0.00139389 0.00166307 0.00118518 0.000307663 0.000396094 0.000532174 0.000731876 0.000993551 0.00125962 0.00113055 0.00100138 0.000864687 0.000640941 0.000334515 0.000359877 0.000485995 0.000381764 0.000320643 0.000244595 0.00012666 0.000105103 7.32008e-05 4.72731e-05 2.17504e-05 0.00526788 0 0 0 0 0 0 0 0 0 0 0 0 2.34189e-05 3.32853e-05 4.32831e-05 5.5205e-05 6.44108e-05 0.000120692 0.000184785 6.11611e-05 2.83937e-05 4.83595e-05 0.000141701 6.3887e-05 6.40909e-05 5.71779e-05 4.57036e-05 3.7621e-05 3.35318e-05 2.33133e-05 0 0 0 0 0 0 0 0 0 0 0 0 0 0 0 0 0 0 0 0 0 0
0.000644542 0.000904219 0.00122095 0.00155148 0.0014452 0.00139895 0.00122251 0.000899763 0.000240837 0.000216928 0.000192535 0.000171963 0.000159695 0.000153754 0.000150171 0.000142665 0.000130978 0.000113743 9.61324e-05 8.74082e-05 7.85876e-05 6.03096e-05 3.99565e-05 1.85734e-05 1.80929e-05 6.00442e-05 9.15163e-05 8.28995e-05 7.14106e-05 6.31717e-05 5.82936e-05 5.56448e-05 5.40048e-05 5.10745e-05 4.82524e-05 4.84816e-05 5.07986e-05 5.70414e-05 6.43328e-05 7.17829e-05 8.20387e-05 8.83371e-05 0.000110264 0.000244687 5.18468e-05 5.06184e-05 6.72208e-05 0.000209517 9.12123e-05 8.58139e-05 7.70747e-05 6.59898e-05 6.03424e-05 5.24431e-05 4.49284e-05 4.04994e-05 3.50467e-05 2.42593e-05 0 0 0 0 0 0 0 0 0 0 0 0 0 0 0 0 0 0 0
0.000237552 0.000246316 0.000255741 0.000264337 0.000261089 0.000257414 0.000258686 0.000247343 0.000225624 0.000206486 0.000187133 0.000164482 0.000140508 0.000125433 0.000120443 0.000119434 0.000111949 9.72297e-05 8.38229e-05 7.46748e-05 6.35857e-05 4.89592e-05 3.10674e-05 1.28979e-05 3.37609e-05 3.18509e-05 3.05035e-05 0.000112452 0.000114193 0.000108759 0.000101054 9.3491e-05 9.17282e-05 9.05107e-05 8.6922e-05 8.42629e-05 8.29981e-05 8.57108e-05 9.36936e-05 0.000113094 0.000123789 0.000130574 0.000129561 0.000228848 0.000204335 4.07303e-05 7.01509e-05 0.000271511 0.00012197 0.000106562 9.20131e-05 8.26731e-05 6.46673e-05 4.19996e-05 0.000108097 7.50886e-05 5.68609e-05 4.67705e-05 4.16962e-05 3.88148e-05 3.38969e-05 2.83712e-05 1.95283e-05 7.8906e-05 4.66474e-05 4.03126e-05 3.35229e-05 2.49313e-05 0 0 0 0 0 0 0 0 0
0.000178833 0.000198132 0.000208249 0.000221282 0.000229059 0.000220858 0.000221244 0.000229042 0.000224595 0.000201568 0.000178795 0.00015779 0.00013364 0.000108927 9.20349e-05 9.35887e-05 9.30344e-05 8.18095e-05 7.2627e-05 6.55688e-05 5.34243e-05 3.84918e-05 1.98104e-05 3.03997e-05 4.58254e-05 5.26905e-05 5.54613e-05 4.73893e-05 9.65139e-05 0.000118485 0.000124961 0.000126689 0.000131643 0.000136735 0.000137652 0.000132384 0.000120644 0.000112822 0.000111858 0.000109398 0.000123061 0.000151535 0.000159419 0.000327174 0.000146452 0.000105959 0.000114574 0.000343522 0.000147525 0.000121112 0.000100006 8.04009e-05 4.92274e-05 5.87283e-05 0.000183133 8.88268e-05 7.38235e-05 7.59411e-05 7.30718e-05 6.80451e-05 6.59901e-05 6.95811e-05 8.36688e-05 0.000100224 7.14641e-05 5.98625e-05 4.84414e-05 3.39164e-05 0 0 0 0 0 0 0 0 0
0.000124262 0.000146982 0.000157304 0.000177379 0.000193832 0.000193452 0.000183694 0.000186368 0.000194617 0.000194688 0.00018 0.000154456 0.00012605 9.76909e-05 6.50213e-05 6.66972e-05 6.89078e-05 6.91379e-05 5.71893e-05 4.5743e-05 4.10869e-05 3.0446e-05 1.47432e-05 3.79335e-05 5.62371e-05 7.04917e-05 8.13453e-05 8.17544e-05 0.000104292 0.00013385 0.000372402 0.000505351 0.000613884 0.000682591 0.000740061 0.000833636 0.000686176 0.000511181 0.00039237 0.000287286 0.000217541 0.000198802 0.000212061 0.000326355 0.000259298 0.00021206 0.000152174 0.000446325 0.000157473 0.000122254 0.000108166 7.27181e-05 3.74586e-05 0.000178452 0.000177899 7.96517e-05 4.62371e-05 0.000163382 0.000105208 0.00010064 0.000105209 0.000114468 0.000133049 0.000128485 0.000128685 0.000148073 8.84641e-05 3.23922e-05 6.16013e-05 0 0 0 0 0 0 0 0
7.15483e-05 0.000102309 0.00012018 0.000144452 0.000153804 0.000164743 0.000163753 0.00015288 0.000156798 0.000163923 0.000166747 0.000167254 0.000152358 0.000112798 3.07647e-05 3.45504e-05 3.92681e-05 4.76192e-05 4.0047e-05 2.23359e-05 1.99184e-05 1.41109e-05 3.1669e-05 5.03799e-05 6.85463e-05 8.84998e-05 0.000207812 0.000294668 0.00037438 0.000432771 0.000348623 0.000275753 0.000223306 0.000197672 0.000197216 0.000188797 0.000579763 0.000802992 0.000952377 0.00105263 0.000813782 0.00100129 0.00111765 0.00127621 0.00102363 0.000746107 0.000758481 0.000369313 0.000150673 0.000129765 0.000110761 6.76528e-05 3.26528e-05 0.000269523 0.000174827 0.00010306 0.000127185 0.000198943 0.000151342 0.000162498 0.000193757 0.000228932 0.000255538 0.000249658 0.000170411 5.54619e-05 2.9067e-05 2.86261e-05 9.10727e-05 0 0 0 0 0 0 0 0
8.01185e-05 5.62447e-05 7.71801e-05 0.000116353 0.000121184 0.000128993 0.000138856 0.000131747 0.0001231 0.000123642 0.000126252 0.000130088 0.000143547 0.000162605 0.000175338 0.000128928 7.72772e-05 2.8304e-05 3.23858e-05 4.23016e-05 3.49578e-05 2.03414e-05 3.89992e-05 9.78263e-05 0.000154278 0.000207492 0.000189433 0.000157082 0.000128105 0.000104765 8.90031e-05 8.23404e-05 9.65774e-05 0.000122188 0.000137403 0.000140337 0.000138397 0.000125031 0.000107723 0.000108041 0.000698154 0.000543285 0.00034718 0.000229861 0.000736072 0.000836788 0.00119366 0.000295744 0.000153959 0.000144057 0.000100746 5.18806e-05 5.05382e-05 0.000353136 0.000148757 6.79744e-05 0.000126954 0.000394601 0.000291403 0.000362705 0.000440283 0.000335511 0.000207478 5.67677e-05 4.78003e-05 3.42501e-05 4.24938e-05 2.16404e-05 8.06025e-05 0.000100817 0 0 0 0 0 0 0
0.000297522 0.000231128 0.000157876 0.000100811 9.71619e-05 9.78743e-05 0.000106276 0.000107935 9.97898e-05 9.21053e-05 8.65616e-05 7.90807e-05 7.22626e-05 6.87644e-05 6.48482e-05 6.20701e-05 4.74625e-05 5.92592e-05 6.37087e-05 6.38547e-05 5.18844e-05 3.7289e-05 3.14055e-05 4.584e-05 5.50067e-05 5.77423e-05 5.85779e-05 4.34559e-05 3.50745e-05 3.18663e-05 3.25413e-05 3.31884e-05 8.41933e-05 0.000114407 0.000125635 0.000114101 0.000100672 7.75109e-05 5.80483e-05 6.13024e-05 6.3805e-05 6.90598e-05 0.000228839 0.000225066 0.000458198 0.000686782 0.0014788 0.000259044 0.000156163 0.000117038 5.95748e-05 7.06795e-05 0.000309382 0.000290903 0.000119876 4.78054e-05 0.000115385 0.000566756 0.000324238 0.000282333 5.99587e-05 5.65431e-05 4.63828e-05 3.02007e-05 3.34287e-05 4.2666e-05 3.92277e-05 4.18312e-05 7.83347e-05 0.000158993 2.53693e-05 0 0 0 0 0 0
0.000111673 9.91548e-05 7.57038e-05 6.90574e-05 7.14393e-05 7.363e-05 7.83073e-05 8.00207e-05 7.78038e-05 7.19519e-05 6.45453e-05 5.72127e-05 4.92266e-05 4.41128e-05 3.81956e-05 5.523e-05 8.90022e-05 9.31135e-05 9.06543e-05 7.77612e-05 6.05739e-05 5.24342e-05 4.14573e-05 1.91857e-05 3.05726e-05 2.89414e-05 3.17112e-05 5.07434e-05 5.85051e-05 6.4521e-05 7.33833e-05 0.000126837 0.000140073 0.000130864 0.000117991 7.60651e-05 5.60162e-05 6.35789e-05 6.78377e-05 5.02815e-05 3.84623e-05 3.44843e-05 0.000137735 0.000189399 0.000344805 0.00061307 0.00163316 0.000213389 0.000137033 9.4971e-05 4.27864e-05 7.8108e-05 0.000450043 0.000238644 9.77034e-05 4.00296e-05 0.000475483 0.00054799 0.000287111 0.000154256 3.10667e-05 3.51478e-05 3.91205e-05 4.81465e-05 4.52901e-05 3.84969e-05 8.66802e-05 3.47411e-05 7.54794e-05 0.000212283 4.2062e-05 2.37223e-05 0 0 0 0 0
8.54497e-05 0.000122605 3.31326e-05 3.33455e-05 3.74801e-05 4.38132e-05 5.37786e-05 5.27714e-05 5.26552e-05 4.9886e-05 4.48882e-05 3.68578e-05 2.38639e-05 2.49167e-05 2.88588e-05 0.000148462 0.000132565 0.000117836 9.9378e-05 8.16926e-05 7.3215e-05 6.5264e-05 4.27394e-05 1.23484e-05 1.91917e-05 3.96493e-05 8.35662e-05 9.26165e-05 9.60017e-05 9.76302e-05 9.96059e-05 7.47671e-05 8.58259e-05 5.99199e-05 4.25459e-05 7.51106e-05 7.634e-05 8.79594e-05 9.06932e-05 8.29121e-05 7.42004e-05 6.82815e-05 0.000106721 0.000154333 0.000263151 0.00132581 0.00116801 0.000179293 0.000127306 8.5254e-05 3.54131e-05 0.000378715 0.000384335 0.000176825 6.30982e-05 6.37392e-05 0.000705752 0.000422336 0.000189424 0.000116578 5.87715e-05 5.68519e-05 4.99759e-05 3.90506e-05 5.75815e-05 0.000124582 8.32601e-05 3.05839e-05 7.56019e-05 0.000275791 5.87498e-05 3.88337e-05 2.31951e-05 0 0 0 0
0.000277217 0.000235764 0.00025561 0.000212376 0.000152516 4.88891e-05 2.66035e-05 2.44218e-05 2.47983e-05 2.36984e-05 2.35449e-05 2.6518e-05 2.63379e-05 6.39505e-05 2.7366e-05 0.000233532 0.000146676 0.000113251 9.81763e-05 9.99332e-05 9.60479e-05 7.22642e-05 4.49524e-05 1.79943e-05 3.20805e-05 4.55648e-05 4.01659e-05 7.73737e-05 0.000102259 0.000116769 0.00011719 0.000104904 7.20959e-05 8.15375e-05 7.83443e-05 8.82708e-05 8.98276e-05 9.27002e-05 0.000103755 0.000111207 0.000105513 8.83599e-05 0.000102346 0.000132201 0.000230271 0.00186664 0.000976456 0.000173599 0.000117598 5.77233e-05 5.75768e-05 0.000536027 0.000281452 0.000121912 4.4015e-05 0.000528961 0.000650093 0.000310136 0.000161966 0.000110668 7.52822e-05 6.61064e-05 5.46202e-05 3.48656e-05 6.84265e-05 0.000186564 7.65976e-05 3.20052e-05 0.000239701 0.000214993 7.23388e-05 6.64909e-05 6.50174e-05 6.3592e-05 6.04537e-05 0 0
4.30672e-05 5.61774e-05 7.90943e-05 0.000113799 0.000162095 0.000174122 0.000131816 8.98644e-05 4.4892e-05 3.54609e-05 2.32194e-05 3.95807e-05 0.00013739 0.000141457 0.000152931 0.000236784 0.000152651 0.00012219 0.000120421 0.00012096 9.69542e-05 6.66236e-05 3.33894e-05 4.03779e-05 5.39967e-05 6.3035e-05 5.82064e-05 7.21966e-05 9.93129e-05 0.000122395 0.000136182 0.000149353 0.000114843 0.000112885 0.000115148 0.000117167 0.000117449 0.000109126 0.000120327 0.000135516 0.000134801 0.000125564 0.000121927 0.000138808 0.000195848 0.00120746 0.0017359 0.000156156 9.3723e-05 4.12334e-05 6.83638e-05 0.00060711 0.00020791 8.33934e-05 6.8884e-05 0.000852304 0.000496826 0.000233612 0.000148633 0.000112572 8.98236e-05 7.48374e-05 5.77696e-05 3.14775e-05 0.000182354 0.000162165 6.16116e-05 0.000227388 0.000263426 0.000187972 0.00010263 9.48086e-05 7.58321e-05 4.99614e-05 1.93169e-05 0 0
8.45273e-05 9.30996e-05 9.89588e-05 8.15072e-05 3.33438e-05 4.05119e-05 4.96102e-05 4.49889e-05 3.60462e-05 5.06793e-05 8.29105e-05 3.75565e-05 0.000251432 0.000197909 0.000211353 0.000220343 0.000151358 0.000145398 0.000149653 0.000128338 9.68779e-05 6.35224e-05 2.78723e-05 4.74991e-05 6.83022e-05 8.35268e-05 7.97622e-05 8.33494e-05 9.87994e-05 0.000117784 0.00013088 0.000149596 0.000149218 0.000137592 0.000140509 0.00015164 0.00016318 0.000150584 0.000159817 0.000175754 0.000181693 0.000175192 0.000165406 0.000169928 0.000196313 0.000809595 0.00192209 0.000139408 8.15544e-05 3.3381e-05 0.000486792 0.000562833 0.000332398 0.000441619 0.000805388 0.00105914 0.000411781 0.000198131 0.000145439 0.00011997 9.78033e-05 7.895e-05 6.24349e-05 3.16705e-05 0.000272192 0.000179775 0.000205029 0.00031844 0.000321363 0.000250091 0.000121914 9.05544e-05 7.23592e-05 5.062e-05 3.34936e-05 2.6198e-05 0
0.000184652 0.000208509 0.000144155 7.44023e-05 4.73405e-05 3.87117e-05 1.98474e-05 1.34882e-05 4.0318e-05 6.19572e-05 0.00010253 0.00025624 0.000278614 0.000241115 0.000229094 0.000199117 0.000163358 0.000168419 0.000147444 0.000112103 7.9615e-05 3.99059e-05 4.49635e-05 6.257e-05 8.51414e-05 0.000102806 0.000105166 0.000100961 9.97921e-05 0.000115946 0.000133831 0.000156864 0.000193392 0.000152021 0.000156498 0.00016796 0.000178709 0.000189532 0.000196212 0.000200166 0.000504748 0.000644888 0.000552285 0.000755377 0.00087809 0.00132859 0.00233965 0.00168404 7.72834e-05 3.05311e-05 0.000868758 0.000548364 0.000474804 0.000620958 0.000668506 0.000274624 0.000295452 0.00018454 0.000145033 0.000118938 8.50878e-05 5.93265e-05 8.1757e-05 0.00021797 0.000258391 0.000128887 0.00043847 0.000367587 0.000309857 7.70738e-05 0.000103035 9.12634e-05 7.84412e-05 6.08812e-05 4.55506e-05 3.41784e-05 0
0.000201998 6.5423e-05 5.36816e-05 8.64697e-05 6.12217e-05 4.92412e-05 3.29556e-05 1.87573e-05 4.5747e-05 7.04438e-05 0.000120017 0.000418182 0.00029572 0.000258516 0.000225327 0.000196241 0.000177613 0.000162273 0.000129899 0.000104881 7.04282e-05 2.94042e-05 5.40555e-05 0.000112828 0.000120632 0.00013223 0.000192099 7.48021e-05 9.21807e-05 0.000108828 0.000128477 0.000159454 0.000296035 0.000108049 0.000137638 0.000149932 0.00017193 0.000207586 0.000380409 0.000500588 0.000385743 0.000347527 0.000614311 0.00052491 0.000412684 0.000336347 0.00177605 0.0027111 0.000502062 0.00072226 0.000937443 0.000314072 0.0008874 0.000708576 0.000622075 0.000188262 0.000230365 0.000186925 0.00015106 0.00011994 8.98683e-05 6.99309e-05 6.2541e-05 0.000358957 0.000313426 0.000305538 0.000420987 0.000264694 6.74789e-05 0.00010454 0.000113898 0.000108329 9.28866e-05 7.06691e-05 6.0068e-05 4.55845e-05 2.32709e-05
7.41437e-05 5.35921e-05 9.4477e-05 9.82323e-05 7.48203e-05 6.03772e-05 4.17636e-05 2.24308e-05 5.07213e-05 7.88439e-05 0.000385442 0.000424323 0.000307114 0.000276326 0.000245948 0.000223265 0.000211823 0.000198419 0.000186818 0.000189378 8.47228e-05 4.52991e-05 4.74198e-05 4.13902e-05 0.000157981 0.000179148 0.000227432 0.000140363 0.000119963 0.000124682 0.000138835 0.000161826 0.00028248 0.00021058 0.000171975 0.000165226 0.00026223 0.000346411 0.000278308 0.000229426 0.000190442 0.000164728 0.000146694 0.000128853 0.000101045 6.9426e-05 5.2096e-05 0.00194133 0.00289415 0.000741968 0.000106908 0.000191504 0.00124032 0.000692899 5.37843e-05 6.51268e-05 0.000139452 0.000303675 0.000159521 0.000121141 9.99617e-05 7.54539e-05 4.90949e-05 0.000508467 0.000364025 0.000376145 0.00035368 0.000204747 0.000117303 0.000128607 0.000133171 0.000120464 9.4708e-05 8.73957e-05 8.18879e-05 5.68718e-05 3.77179e-05
5.60726e-05 9.50957e-05 0.000126334 0.000104219 8.14308e-05 6.34571e-05 4.52756e-05 2.5942e-05 5.62839e-05 8.96729e-05 0.000586408 0.000423854 0.00034538 0.000343487 0.000357001 0.000396964 0.000437667 0.000339659 0.000241952 0.000125435 0.000124717 7.65624e-05 1.41109e-05 6.90788e-05 6.73967e-05 0.000192568 0.000240165 0.000203953 0.000183205 0.00017088 0.000161178 0.000164803 0.000240215 0.000260751 0.000301967 9.31987e-05 6.14306e-05 5.51533e-05 5.87634e-05 7.11706e-05 8.52441e-05 8.61165e-05 8.3718e-05 6.35898e-05 4.52391e-05 6.11372e-05 6.74251e-05 0.00142559 3.0589 6.30393e-05 6.84274e-05 0.00130399 0.00131488 4.78709e-05 5.72694e-05 4.21313e-05 0.000111618 0.000393621 0.000181621 0.000161082 0.000180207 0.000219788 0.000302996 0.000501089 0.000439495 0.000374625 0.00028223 0.000188226 0.00014061 0.000143453 0.000130139 9.49031e-05 5.92493e-05 0.000168752 9.62349e-05 6.49207e-05 5.23222e-05
0.000101237 0.000133983 0.000130467 0.000108646 8.41189e-05 6.69435e-05 5.09627e-05 2.85277e-05 6.25087e-05 0.000527165 0.000588958 0.000463992 0.000452902 0.000490642 0.000524024 0.000351117 7.16483e-05 6.70455e-05 5.82745e-05 3.95357e-05 2.79513e-05 1.22137e-05 2.67554e-05 2.51285e-05 2.2238e-05 2.37038e-05 0.000260423 0.000381165 0.000336051 0.000284371 0.00023608 0.000224478 0.000250385 0.000457352 0.000252457 8.79629e-05 5.77509e-05 1.3094e-05 3.89689e-05 5.92445e-05 7.18562e-05 5.78223e-05 4.7163e-05 6.83588e-05 7.1751e-05 8.08901e-05 9.07308e-05 0.00287582 0.00219241 1.52835e-05 5.93366e-05 0.0013774 4.82349e-05 6.03086e-05 5.57656e-05 3.07815e-05 9.5911e-05 0.000496987 0.000219203 0.000232401 0.000287543 0.000351102 0.000413028 0.000494526 0.000451024 0.000358982 0.000238292 0.000178673 0.000165322 0.000162303 0.000128424 8.10526e-05 4.33465e-05 0.000231199 9.5408e-05 7.49471e-05 5.56085e-05
0.000156951 0.000164573 0.000142115 0.000115605 9.08343e-05 7.51756e-05 5.47908e-05 3.01463e-05 0.000506072 0.000639657 0.000593235 0.000525997 0.000513741 0.000445172 6.09718e-05 5.17254e-05 4.57816e-05 4.29526e-05 3.96236e-05 2.89919e-05 1.15256e-05 2.59069e-05 4.02397e-05 4.63892e-05 4.40845e-05 4.76722e-05 6.24765e-05 6.92713e-05 0.000320441 0.000457859 0.000393679 0.00036393 0.000354085 0.000657687 0.000204834 8.63413e-05 5.91811e-05 1.99858e-05 3.29896e-05 4.70545e-05 5.88332e-05 6.90186e-05 7.62178e-05 9.06787e-05 0.000233191 0.000345637 0.000450775 1.46011 0.00108901 1.99034e-05 6.00552e-05 0.00140987 7.07451e-05 7.04044e-05 5.56684e-05 2.78015e-05 8.48387e-05 0.000589301 0.000197539 0.000147832 0.000585526 0.000447066 0.000546989 0.000664735 0.000585581 0.000307303 0.000272139 0.000269974 0.000312753 0.00020886 0.000108759 5.48156e-05 6.28633e-05 0.000290154 0.000102546 8.19957e-05 5.6335e-05
0.000195432 0.000162125 0.000142601 0.000118038 9.64009e-05 7.29726e-05 4.06535e-05 4.99302e-05 0.000864978 0.000658611 0.000581502 0.000510658 0.000414657 5.14646e-05 2.76626e-05 2.51426e-05 2.27709e-05 2.03082e-05 1.91612e-05 1.29669e-05 2.78845e-05 4.13932e-05 5.67637e-05 6.55864e-05 6.69022e-05 6.75593e-05 4.79832e-05 4.07318e-05 3.62778e-05 3.36161e-05 0.000267212 0.000337619 0.000395193 0.0008901 0.00018464 9.0621e-05 6.40021e-05 3.34859e-05 1.39901e-05 3.40901e-05 4.63568e-05 0.000111927 0.00018024 0.000243415 0.000231258 0.000204252 0.000181671 0.00311547 0.00313742 2.1946e-05 0.000783869 0.00112486 8.15751e-05 7.56176e-05 4.53383e-05 4.49778e-05 0.000424676 0.000500905 0.000119705 0.000481371 0.000653591 0.000486143 0.000598686 0.000468344 0.000224332 0.000387531 0.000417428 0.000281361 6.83887e-05 5.24006e-05 6.83899e-05 3.83913e-05 7.10428e-05 0.000341182 0.000110166 8.57242e-05 5.67186e-05
