Outputs/initial_cond/5_metri/H_ev.asc
ncols 286
nrows 262
xllcorner 528670
yllcorner 5.07688e+06
cellsize 35
NODATA_value -9999
[rows 105 to 139 of 262, columns 77 to 153 of 286]
0 0 0 0 0 0 0 0 0 0 0 0 0 0 0 0 0 0 0 0 0 0 0 0 0 0 0 0 0 0 0 0 6.56012e-05 8.37581e-05 9.41286e-05 0.000100179 0.000106718 0.000114752 0.000128054 0.00154652 0.00199141 0.0035706 0.00123808 0.00169737 0.00224831 0.00435594 0.00370209 0.0031832 0.0121895 0.00865968 0.00079103 0.000179497 0.000150696 0.000137601 0.000128488 0.000116593 0.000105032 0.000104412 9.0358e-05 6.22286e-05 4.22741e-05 2.33747e-05 0.000109558 0.000206548 0.000172324 0.000129242 0.000112181 0.000107628 0.000117033 0.000127341 0.000141415 0.000158761 0.000183568 0.000222898 0.000207652 0.000181347 0.000173201
0 0 0 0 0 0 0 0 0 0 0 0 0 0 0 0 0 0 0 0 0 0 0 0 0 0 0 0 0 0 0 0 6.18207e-05 9.23833e-05 0.000110029 0.000120157 0.000134929 0.000158883 0.00017529 0.00108597 0.00165597 0.00295009 0.00201023 0.00186263 0.00215564 0.00344258 0.00354523 0.0134616 0.0122766 0.00921786 0.00063108 0.000741826 0.00020031 0.000188354 0.000178151 0.0001597 0.000141291 0.000123914 0.000105106 7.53192e-05 4.78772e-05 2.53145e-05 0.000242853 0.000222695 0.000183572 0.000153015 0.000142372 0.000142302 0.000159643 0.000180118 0.000196376 0.000213109 0.000232017 0.000259867 0.000238558 0.000216543 0.000195646
0 0 0 0 0 0 0 0 0 0 0 0 0 0 0 0 0 0 0 0 0 0 0 0 0 0 0 0 0 0 0 0 5.92285e-05 9.61041e-05 0.000123567 0.000142029 0.000160766 0.000187869 0.000207763 0.000787959 0.00128207 0.00233835 0.00230373 0.00194547 0.00211322 0.00307893 0.0031276 0.0183486 0.0108405 0.000671217 0.000410211 0.000597326 0.00102904 0.00136657 0.00183547 0.00246018 0.00337611 0.00415469 0.00386011 0.00352861 0.00284793 0.000229345 0.000273534 0.000239665 0.000207174 0.000183655 0.000180586 0.000194114 0.000245422 0.000257956 0.000265169 0.000286354 0.000308616 0.000292712 0.000255539 0.000233157 0.000225971
0 0 0 0 0 0 0 0 0 0 0 0 0 0 0 0 0 0 0 0 0 0 0 0 0 0 0 0 0 0 0 0 0.00011029 0.000110935 0.000132643 0.000152757 0.000168464 0.000191859 0.000229022 0.000597554 0.00110122 0.00362314 0.00145994 0.00188256 0.00204349 0.00854899 0.00918542 0.0123925 0.000493771 0.000760366 0.00132142 0.00168842 0.00202152 0.00232243 0.00296873 0.00375915 0.00254531 0.000944551 0.0012858 0.00182584 0.00286249 0.00434993 0.00398717 0.00390726 0.00368651 0.00346064 0.00333957 0.00322245 0.00305446 0.00270791 0.00242141 0.00179421 0.000300104 0.000272945 0.000263753 0.000260654 0.000284965
0 0 0 0 0 0 0 0 0 0 0 0 0 0 0 0 0 0 0 0 0 0 0 0 0 0 0 0 0 0 0 0 0 0.000142201 0.000153609 0.000173454 0.000186707 0.000193653 0.000242798 0.000447419 0.000764237 0.00236833 0.00211472 0.0017176 0.00272362 0.0108751 0.01096 0.00851145 0.0017172 0.00259471 0.00335003 0.00278248 0.0020774 0.00220131 0.00200324 4.45989e-05 4.85501e-05 6.62806e-05 9.87001e-05 0.000150514 0.00023437 0.000330466 0.000382345 0.000416437 0.000460322 0.000515239 0.000608739 0.000720824 0.000865792 0.0011027 0.00150903 0.00207161 0.00245623 0.00181663 0.000481706 0.000564392 0.000723239
0 0 0 0 0 0 0 0 0 0 0 0 0 0 0 0 0 0 0 0 0 0 0 0 0 0 0 0 0 0 0 0 0 0 0.000122108 0.000164865 0.000199073 0.000216666 0.000257071 0.000388545 0.000648964 0.00158706 0.00202993 0.00326482 0.00167277 0.0139529 0.00973867 0.00601471 0.00247444 0.00277573 0.000709386 0.00110701 0.00183089 0.00183282 0.00145062 0.000110767 0.000111968 0.000127016 0.000142521 0.000152552 0.000154818 0.000251278 0.000311492 0.000324405 0.000335094 0.000358233 0.000384706 0.000431847 0.000474728 0.000545608 0.000670356 0.000929147 0.00143891 0.00200815 0.00257423 0.00231855 0.00207512
0 0 0 0 0 0 0 0 0 0 0 0 0 0 0 0 0 0 0 0 0 0 0 0 0 0 0 0 0 0 0 0 0 0 9.89644e-05 0.000151454 0.00022611 0.000246809 0.000276219 0.000364824 0.000578434 0.00126652 0.00164662 0.00261341 0.00197019 0.0156067 0.00766094 0.00487715 0.00198134 0.00071458 0.00116017 0.00143725 0.00170869 0.00149104 0.000998454 0.000184016 0.000176446 0.000181149 0.000176748 0.00021487 0.000192968 0.000187178 0.00027729 0.000290734 0.000301414 0.000311397 0.000319589 0.00033712 0.000352003 0.000348323 0.000331671 0.000337663 0.000370185 0.000398599 0.000460019 0.000507298 0.00047638
0 0 0 0 0 0 0 0 0 0 0 0 0 0 0 0 0 0 0 0 0 0 0 0 0 0 0 0 0 0 0 0 0 0 0.000115052 0.000236123 0.000218248 0.00024881 0.000286679 0.000355244 0.000522978 0.00106493 0.00127856 0.00218611 0.00223067 0.0172876 0.00650057 0.00405414 0.00146136 0.00106568 0.00133999 0.00153044 0.00156551 0.00123425 0.0008027 0.000523184 0.000658932 0.00080446 0.000723552 0.000623229 0.000522238 0.000397328 0.000265549 0.000261155 0.000270355 0.000276403 0.000280671 0.000301797 0.000323592 0.000334525 0.000323886 0.000315335 0.000330848 0.000355346 0.000376417 0.000407741 0.000420142
0 0 0 0 0 0 0 0 0 0 0 0 0 0 0 0 0 0 0 0 0 0 0 0 0 0 0 0 0 0 0 0 0 0 0 2.68575e-05 0.000243867 0.00027101 0.000297496 0.000365485 0.000392987 0.000864058 0.00103681 0.00169539 0.0105916 0.0119766 0.00960718 0.00282761 0.00132811 0.00132899 0.00147833 0.00153526 0.00150945 0.00136283 0.00123112 0.000843923 0.000606293 0.000220493 0.000219372 0.00022002 0.000220738 0.000225324 0.000221401 0.000219348 0.000229399 0.000238837 0.00024373 0.000264763 0.000277219 0.000290301 0.000294417 0.0002947 0.00030936 0.000331146 0.000351087 0.000374196 0.00040706
0 0 0 0 0 0 0 0 0 0 0 0 0 0 0 0 0 0 0 0 0 0 0 0 0 0 0 0 0 0 0 0 0 0 0 3.8578e-05 0.00016497 0.000246107 0.000286761 0.000364857 0.000424847 0.000627492 0.000883927 0.0100096 0.0112048 0.00964931 0.00677284 0.00207019 0.00137828 0.00146476 0.00155361 0.00146027 0.00131824 0.000967064 0.00012205 0.000121995 0.000138313 0.000161325 0.000186369 0.000202289 0.00018417 0.000161377 0.000171892 0.000180564 0.000189756 0.000206667 0.000219321 0.000233994 0.000240509 0.000246921 0.000255869 0.000253122 0.000258768 0.000285689 0.000311277 0.00034161 0.000375466
0 0 0 0 0 0 0 0 0 0 0 0 0 0 0 0 0 0 0 0 0 0 0 0 0 0 0 0 0 0 0 0 0 0 3.19558e-05 5.43607e-05 0.000133877 0.000219976 0.000298349 0.000359481 0.000371462 0.000506956 0.000781426 0.0123449 0.00650178 0.0127697 0.00511861 0.00173152 0.00144337 0.00151704 0.00151974 0.00136362 0.00108846 0.000653419 4.59769e-05 5.32219e-05 6.78345e-05 9.14614e-05 0.000131734 0.000190633 0.000194312 0.000129085 0.000130258 0.000136915 0.000150977 0.000164565 0.000181941 0.000202432 0.000210329 0.000211762 0.000218125 0.000221878 0.0002102 0.000222623 0.000247152 0.000279903 0.000323582
0 0 0 0 0 0 0 0 0 0 0 0 0 0 0 0 0 0 0 0 0 0 0 0 0 0 0 0 0 0 0 0 0 0 4.34536e-05 6.60546e-05 0.000122167 0.000196691 0.000290187 0.000334366 0.000365557 0.000468742 0.000671213 0.00887315 0.00785433 0.0103082 0.0116144 0.00167463 0.00152484 0.00151095 0.00148854 0.00138065 0.0013208 0.00134952 0.00153 0.0012539 0.000898905 0.000170645 0.000180447 0.000184283 0.000250559 0.000100425 0.000103321 9.5235e-05 0.000106152 0.000120703 0.000139311 0.000163878 0.000174777 0.000175309 0.000176042 0.00018524 0.000180086 0.000174488 0.000186016 0.000207302 0.000238232
0 0 0 0 0 0 0 0 0 0 0 0 0 0 0 0 0 0 0 0 0 0 0 0 0 0 0 0 0 0 0 0 0 0 5.30001e-05 8.18166e-05 0.000126375 0.000191779 0.00023926 0.000301223 0.00037367 0.000470574 0.00060156 0.00566831 0.0076309 0.00878361 0.0146174 0.00167082 0.00163413 0.00158997 0.0015116 0.00151912 0.00168432 0.00165271 0.000837178 0.000959927 0.00115224 0.0013186 0.001098 0.000803027 0.000426864 5.14117e-05 6.39887e-05 4.80455e-05 5.39171e-05 7.1801e-05 9.81727e-05 0.000132076 0.000134908 0.000135335 0.000137084 0.000142786 0.000141688 0.000132279 0.000130602 0.000136934 0.00015561
0 0 0 0 0 0 0 0 0 0 0 0 0 0 0 0 0 0 0 0 0 0 0 0 0 0 0 0 0 0 0 0 0 0 5.72369e-05 9.14905e-05 0.000120038 0.000168046 0.000213374 0.000268642 0.000354692 0.000476931 0.000531512 0.0038467 0.00598649 0.00763623 0.0168616 0.00162882 0.00160763 0.00160981 0.00149923 0.00148015 0.00125928 0.000563006 0.000532374 0.000524564 0.00058939 0.00064937 0.000704784 0.000745147 0.000707187 0.000559716 8.13577e-05 0.000106175 0.000119398 0.000137838 0.000154496 9.35532e-05 9.53008e-05 0.000101257 0.000107676 0.000111723 0.000115057 0.0001051 8.67761e-05 6.72753e-05 8.75009e-05
0 0 0 0 0 0 0 0 0 0 0 0 0 0 0 0 0 0 0 0 0 0 0 0 0 0 0 0 0 0 0 0 0 0 6.22299e-05 9.52784e-05 0.000117529 0.000148901 0.00021571 0.00028152 0.000347789 0.000460916 0.000507759 0.00262887 0.00476448 0.00728148 0.0214682 0.00170866 0.00160316 0.0016481 0.0016961 0.00175132 0.00148322 0.000431995 0.000389097 0.000449187 0.000506314 0.000561416 0.000612335 0.000671057 0.000710947 0.000675137 0.000572198 0.000278429 0.000205166 0.000106164 3.58069e-05 3.86053e-05 4.57291e-05 6.06002e-05 7.9751e-05 8.47184e-05 9.41592e-05 9.60965e-05 9.60815e-05 8.32381e-05 7.57446e-05
0 0 0 0 0 0 0 0 0 0 0 0 0 0 0 0 0 0 0 0 0 0 0 0 0 0 0 0 0 0 0 0 0 0 9.56748e-05 0.000111353 0.000133243 0.00016079 0.000230711 0.000474696 0.000226465 0.000363256 0.000439034 0.00186627 0.00380487 0.00604735 0.021566 0.00185165 0.00173797 0.00205335 0.00209948 0.00193231 0.000639592 0.000418563 0.000205419 0.000249478 0.000320244 0.000416443 0.000521703 0.000620666 0.00069175 0.00065354 0.000488424 0.000103885 0.000109852 0.00010282 6.97195e-05 6.83825e-05 6.37307e-05 5.4858e-05 3.29198e-05 3.29017e-05 4.7479e-05 5.51201e-05 7.56792e-05 0.000105818 9.65599e-05
0 0 0 0 0 0 0 0 0 0 0 0 0 0 0 0 0 0 0 0 0 0 0 0 0 0 0 0 0 0 0 0 0 0 0 8.3709e-05 0.000135346 0.000171014 0.000245705 0.000654511 0.000136868 0.00030947 0.000411694 0.00142344 0.0030089 0.00493119 0.0149055 0.0138201 0.001873 0.00213589 0.00205218 0.000757868 0.000790158 0.000614075 6.48549e-05 8.27723e-05 0.000123317 0.000190182 0.00029376 0.000465247 0.00071706 0.000802153 0.000705179 5.12961e-05 6.97795e-05 9.60796e-05 0.000106299 9.44683e-05 8.66618e-05 8.01396e-05 7.68271e-05 8.48515e-05 8.83774e-05 9.95853e-05 0.000114276 0.000124926 0.00011662
0 0 0 0 0 0 0 0 0 0 0 0 0 0 0 0 0 0 0 0 0 0 0 0 0 0 0 0 0 0 0 0 0 0 0 6.77311e-05 0.000123204 0.000165576 0.000243516 0.000562942 0.000403229 0.000399887 0.000437712 0.00113288 0.00201437 0.00411268 0.0119562 0.0175567 0.00159541 0.00141095 0.000354339 0.000577823 0.000844379 0.00100223 0.00120239 0.00115111 0.00107186 0.000869575 0.000487864 0.000539932 0.000627848 0.000997015 0.0012462 0.00161271 0.00159461 0.00153164 0.00148764 0.00139538 0.00122994 0.000993867 0.000559826 0.000660398 0.000883237 0.00114755 0.00109227 0.00100434 0.000887618
0 0 0 0 0 0 0 0 0 0 0 0 0 0 0 0 0 0 0 0 0 0 0 0 0 0 0 0 0 0 0 0 0 0 0 6.10665e-05 0.00012661 0.000172539 0.000253836 0.000470475 0.000464066 0.000441908 0.000449152 0.000943728 0.00133887 0.0032362 0.00789868 0.0144385 0.0139421 0.00102751 0.000401663 0.000392498 0.000157796 0.000221049 0.000283706 0.000376898 0.000501345 0.000683424 0.000937383 0.000794162 0.000570908 0.000127953 0.000134987 0.000159276 0.000191412 0.000245545 0.000328273 0.000450177 0.000629141 0.000874855 0.00118712 0.00106594 0.000829242 0.000229883 0.000246013 0.000291281 0.000361464
0 0 0 0 0 0 0 0 0 0 0 0 0 0 0 0 0 0 0 0 0 0 0 0 0 0 0 0 0 0 0 0 0 0 0 0.00412119 9.2204e-05 0.000243588 0.000432016 0.000385258 0.000466909 0.000478394 0.000506977 0.000755478 0.00107258 0.00239815 0.00552601 0.00995096 0.210253 0.000777644 0.000373277 0.000298902 0.000101238 2.85659e-05 2.76533e-05 2.80071e-05 3.29896e-05 4.14175e-05 5.50441e-05 7.22027e-05 6.21523e-05 4.69874e-05 3.1334e-05 3.17471e-05 3.60974e-05 4.38762e-05 5.35779e-05 4.84906e-05 3.8949e-05 5.25161e-05 7.4828e-05 8.10212e-05 8.96374e-05 0.000100756 0.000114693 0.00013002 0.000144062
0 0 0 0 0 0 0 0 0 0 0 0 0 0 0 0 0 0 0 0 0 0 0 0 0 0 0 0 0 0 0 0 0 0 0 0 2.95415e-05 6.45765e-05 0.000101378 0.00071343 0.000602284 0.000613913 0.000610469 0.000688967 0.000910144 0.00184069 0.004064 0.0169636 0.0152379 0.00085187 0.000840507 0.0010375 0.000102197 5.5297e-05 5.28746e-05 6.30542e-05 6.54577e-05 6.68689e-05 6.41568e-05 5.05502e-05 4.60508e-05 3.85762e-05 4.92083e-05 5.12611e-05 4.91108e-05 4.3308e-05 3.29838e-05 4.28134e-05 5.93908e-05 5.58614e-05 3.12133e-05 3.06885e-05 3.61607e-05 4.55925e-05 6.23898e-05 8.56176e-05 9.91799e-05
0 0 0 0 0 0 0 0 0 0 0 0 0 0 0 0 0 0 0 0 0 0 0 0 0 0 0 0 0 0 0 0 0 0 0 0 0 4.11069e-05 0.000114169 0.000223853 0.000707093 0.000993013 0.00156429 0.00112855 0.00100874 0.00149291 0.00337769 0.0201885 0.00924679 0.000938589 0.000938665 0.000830018 0.000121304 8.97916e-05 8.661e-05 9.00199e-05 8.34111e-05 7.1382e-05 5.25128e-05 2.41225e-05 2.4856e-05 3.18224e-05 0.000115113 8.18354e-05 7.99862e-05 7.19439e-05 6.44221e-05 7.25644e-05 8.27078e-05 6.8675e-05 5.7017e-05 6.28202e-05 6.23304e-05 5.97332e-05 5.43681e-05 3.57123e-05 4.69382e-05
0 0 0 0 0 0 0 0 0 0 0 0 0 0 0 0 0 0 0 0 0 0 0 0 0 0 0 0 0 0 0 0 0 0 0 0 0 3.54848e-05 0.000112217 0.000203175 0.000324137 0.000380174 0.000400904 0.000875207 0.000948407 0.00124908 0.0154828 0.0152306 0.00648307 0.00121819 0.00137502 0.00163555 0.00207461 0.00190847 0.00164855 0.00121118 0.000219524 0.00023433 0.000289272 0.000385018 0.000544762 0.000888393 0.00132421 0.00100713 0.000705013 0.000109929 0.000101232 0.00010449 0.000107526 9.13576e-05 8.94749e-05 9.61327e-05 9.05473e-05 8.63684e-05 8.04108e-05 7.6012e-05 8.5573e-05
0 0 0 0 0 0 0 0 0 0 0 0 0 0 0 0 0 0 0 0 0 0 0 0 0 0 0 0 0 0 0 0 0 0 0 0 0 2.86541e-05 0.000140782 0.000242363 0.000354868 0.000378315 0.000347481 0.000992629 0.00102757 0.00114204 0.0156884 0.0233891 0.00499514 0.00131933 0.00127004 0.000906594 0.000614211 0.000817998 0.00106632 0.00133269 0.001742 0.00168502 0.00158518 0.00144821 0.00135126 0.00114534 0.000601266 0.000745103 0.000890857 0.001104 0.00106674 0.00101217 0.000942193 0.000867164 0.000807983 0.000745298 0.000675602 0.000610294 0.000544663 0.000478469 0.000399416
0 0 0 0 0 0 0 0 0 0 0 0 0 0 0 0 0 0 0 0 0 0 0 0 0 0 0 0 0 0 0 0 0 0 0 0 0 0 0.000199441 0.000281648 0.000340258 0.000248124 0.000186832 0.000192967 0.00104652 0.000927746 0.000585853 0.0268381 0.1935 0.00137261 0.000723511 0.000119369 0.000132306 0.000163997 0.000220538 0.000201445 0.000199656 0.000198361 0.000188546 0.000184731 0.000187762 0.000189571 0.000196874 0.000218243 0.000222925 0.000223696 0.000202488 0.000191406 0.000186257 0.000184246 0.00018459 0.000186599 0.000185624 0.000189376 0.000193992 0.000208152 0.000235271
0 0 0 0 0 0 0 0 0 0 0 0 0 0 0 0 0 0 0 0 0 0 0 0 0 0 0 0 0 0 0 0 0 0 0 0 0 0 0.000362633 0.000312046 0.000300356 2.83791e-05 5.81317e-05 9.91681e-05 0.000154065 0.00131912 0.00149922 0.000890485 2.34572 2.09167 0.000476251 5.58917e-05 7.17027e-05 0.000103289 0.000168477 0.000165075 0.000166922 0.000168823 0.00016793 0.000170046 0.00017178 0.000172371 0.000173983 0.000179468 0.000178521 0.000183504 0.000184022 0.000174934 0.000157654 0.000142617 0.000132618 0.000127607 0.000126702 0.000119253 0.000111555 0.000108111 0.000113319
0 0 0 0 0 0 0 0 0 0 0 0 0 0 0 0 0 0 0 0 0 0 0 0 0 0 0 0 0 0 0 0 0 0 0 0 0 0 0.000474779 0.000142665 6.43129e-05 2.58404e-05 5.62897e-05 9.39435e-05 0.000137389 0.000193875 0.000249323 0.00194932 2.5093 3.37563 0.000488066 0.000324704 0.000280411 0.000218287 0.000136896 0.000141808 0.000143668 0.000140868 0.000141454 0.000145 0.000147048 0.000150769 0.000151599 0.000151383 0.000152495 0.00014931 0.000148367 0.000148345 0.000145932 0.000130847 0.000113584 0.000101373 9.63787e-05 9.55998e-05 8.24253e-05 7.23686e-05 6.69279e-05
0 0 0 0 0 0 0 0 0 0 0 0 0 0 0 0 0 0 0 0 0 0 0 0 0 0 0 0 0 0 0 0 0 0 0 0 0 0 0.00037093 0.000149835 6.78065e-05 2.61917e-05 6.00285e-05 9.70107e-05 0.00013025 0.000173455 0.000208991 0.000234015 1.59533 4.47304 0.000689783 0.000113368 0.000109859 0.000114663 0.000118214 0.000120404 0.00012125 0.000120371 0.000116874 0.000114222 0.000114974 0.00011677 0.000118952 0.000120983 0.000122708 0.000124079 0.000123196 0.000117986 0.000115191 0.000110849 9.94709e-05 8.67756e-05 7.46394e-05 7.09468e-05 6.49007e-05 5.34027e-05 4.02348e-05
0 0 0 0 0 0 0 0 0 0 0 0 0 0 0 0 0 0 0 0 0 0 0 0 0 0 0 0 0 0 0 0 0 0 0 0 0 0 0.000316613 0.000168579 7.95668e-05 2.89379e-05 6.13093e-05 9.64002e-05 0.000131379 0.000179151 0.000196448 0.000190834 0.000277299 5.57605 4.98083e-05 4.31789e-05 5.13089e-05 6.17742e-05 8.25717e-05 8.99199e-05 9.23753e-05 9.10715e-05 8.94593e-05 8.75128e-05 8.60796e-05 8.56988e-05 8.60276e-05 8.86904e-05 9.51832e-05 9.66943e-05 9.89785e-05 9.79237e-05 9.20166e-05 8.52042e-05 7.84019e-05 7.19362e-05 6.38794e-05 5.11332e-05 4.52716e-05 3.82551e-05 2.5366e-05
0 0 0 0 0 0 0 0 0 0 0 0 0 0 0 0 0 0 0 0 0 0 0 0 0 0 0 0 0 0 0 0 0 0 0 0 0 0 0.000228129 0.00018215 8.53273e-05 3.04935e-05 6.25931e-05 9.30016e-05 0.000129678 0.000185993 0.000186382 0.000174601 0.000203271 4.19236 0.0395972 7.18052e-05 6.98677e-05 5.96432e-05 4.36069e-05 5.91235e-05 6.03193e-05 5.95208e-05 5.858e-05 5.79014e-05 5.72417e-05 5.58434e-05 5.29085e-05 4.71825e-05 6.28597e-05 6.61807e-05 6.91786e-05 7.30919e-05 7.26155e-05 6.40951e-05 5.43763e-05 4.42845e-05 3.69187e-05 2.7228e-05 2.51046e-05 2.3245e-05 2.37346e-05
0 0 0 0 0 0 0 0 0 0 0 0 0 0 0 0 0 0 0 0 0 0 0 0 0 0 0 0 0 0 0 0 0 0 0 0 0 0 0 0.000215304 9.45076e-05 3.2823e-05 6.29832e-05 9.14026e-05 0.000126969 0.000186701 0.000174426 0.000165426 0.000174184 0.000245358 3.5562 9.63103e-05 8.01906e-05 6.59016e-05 4.26103e-05 2.21737e-05 2.40973e-05 2.49366e-05 2.43441e-05 2.43512e-05 2.51117e-05 2.69359e-05 3.3099e-05 4.34225e-05 2.37688e-05 2.48778e-05 2.95702e-05 3.82569e-05 5.12649e-05 4.62675e-05 3.80549e-05 2.26138e-05 1.39499e-05 7.06723e-05 3.36407e-05 2.32167e-05 4.13581e-05
0 0 0 0 0 0 0 0 0 0 0 0 0 0 0 0 0 0 0 0 0 0 0 0 0 0 0 0 0 0 0 0 0 0 0 0 0 0 0 0.000151372 0.000112561 3.76599e-05 6.00106e-05 8.57454e-05 0.000121163 0.000184145 0.000152183 0.000142381 0.000150564 0.000176348 4.17368 0.000156177 9.53028e-05 7.94009e-05 5.98096e-05 4.7349e-05 4.51701e-05 4.15335e-05 4.29542e-05 4.16043e-05 3.56886e-05 2.58582e-05 8.33196e-05 7.00621e-05 5.06794e-05 4.91078e-05 4.64619e-05 3.77496e-05 2.11477e-05 2.36506e-05 2.59344e-05 3.02653e-05 1.81138e-05 0.000110204 4.27677e-05 2.67262e-05 0.000383083
0 0 0 0 0 0 0 0 0 0 0 0 0 0 0 0 0 0 0 0 0 0 0 0 0 0 0 0 0 0 0 0 0 0 0 0 0 0 0 0 0.000143006 4.63404e-05 5.21701e-05 7.743e-05 0.000113414 0.000180801 0.000121569 0.000121782 0.000142155 0.000156682 0.0237764 0.0385847 0.000109831 9.41866e-05 8.25723e-05 7.6439e-05 7.36508e-05 6.92591e-05 7.12836e-05 7.1909e-05 7.75618e-05 8.64852e-05 0.000101308 9.32927e-05 7.92771e-05 7.5262e-05 6.84038e-05 5.66565e-05 4.40743e-05 4.32568e-05 4.74809e-05 3.93929e-05 2.23874e-05 0.000143552 3.43758e-05 0.000298317 0.000287966
0 0 0 0 0 0 0 0 0 0 0 0 0 0 0 0 0 0 0 0 0 0 0 0 0 0 0 0 0 0 0 0 0 0 0 0 0 0 0 0 9.8705e-05 6.41227e-05 3.21071e-05 6.69325e-05 0.00010904 0.000181515 7.44014e-05 0.000107843 0.00012592 0.000145558 0.000190094 1.89729 0.000147185 0.000113869 0.000108688 0.000106382 0.000105687 0.000104767 0.000106793 0.000112506 0.000123294 0.000136499 0.00012812 0.000117684 0.000110231 0.000100798 9.49632e-05 8.65054e-05 8.18148e-05 8.08413e-05 8.67629e-05 9.22535e-05 0.000120374 0.000179123 0.000228068 0.000328299 0.000214219
0 0 0 0 0 0 0 0 0 0 0 0 0 0 0 0 0 0 0 0 0 0 0 0 0 0 0 0 0 0 0 0 0 0 0 0 0 0 0 0 0 6.80778e-05 3.49603e-05 6.38786e-05 0.00010619 0.000112758 0.000111408 0.00012559 0.000156189 0.0001877 0.000194025 0.0242088 0.0253021 0.000148155 0.000142882 0.000142948 0.000144481 0.000147459 0.000154975 0.000157702 0.000154822 0.000149887 0.000143664 0.000136773 0.000135596 0.000126085 0.000118025 0.00011194 0.000105655 9.89706e-05 8.50664e-05 6.13763e-05 0.000121513 0.000362674 0.000316499 0.000267185 0.00013683
