Outputs/initial_cond/5_metri/hsd_ev.asc
ncols 286
nrows 262
xllcorner 528670
yllcorner 5.07688e+06
cellsize 35
NODATA_value -9999
[rows 102 to 135 of 262, columns 77 to 153 of 286]
0 0 0 0 0 0 0 0 0 0 0 0 0 0 0 0 0 0 0 0 0 0 0 0 0 0 0 5.52525e-06 4.92613e-07 1.697e-09 1.85284e-09 1.30075e-09 2.29411e-09 2.19492e-09 2.52739e-09 4.30161e-09 6.3412e-09 5.50926e-09 1.45536e-07 0.00305131 0.000206684 5.18672e-05 0.000367861 0.00029765 0.000752942 0.000976294 3.34127e-05 3.16604e-05 0.00172821 0.000370074 8.57432e-08 9.52772e-09 4.3841e-09 3.15128e-09 2.44606e-09 1.86933e-09 7.64582e-10 3.81809e-10 3.19831e-10 9.56686e-10 1.49489e-09 4.26273e-09 8.84154e-10 1.89746e-10 2.44422e-11 1.54109e-11 9.01682e-11 6.50279e-10 1.07373e-09 7.05866e-10 9.63719e-10 3.75442e-10 1.07176e-10 1.12893e-10 1.05882e-10 6.96203e-11 1.4107e-10
0 0 0 0 0 0 0 0 0 0 0 0 0 0 0 0 0 0 0 0 0 0 0 0 0 0 0 0 0 2.04413e-06 9.58518e-08 3.13089e-09 1.62629e-09 8.88453e-10 8.97263e-10 1.6519e-09 2.70859e-09 5.33795e-09 6.44966e-08 0.00492812 0.000128479 8.94274e-05 0.000446122 0.000156905 0.000769478 0.000794018 3.3875e-05 2.73153e-05 0.00210317 0.000375151 2.82501e-06 1.66191e-08 3.21478e-09 1.41187e-09 6.25738e-10 1.56428e-10 1.06147e-10 2.08462e-10 1.17823e-10 6.73681e-11 1.89402e-11 5.41665e-10 3.61362e-10 1.01251e-10 1.15426e-11 4.55059e-11 3.66522e-10 1.76752e-09 3.87264e-10 2.46445e-10 2.00067e-10 1.16881e-10 3.37498e-10 1.61871e-09 2.06909e-08 4.24845e-08 4.95064e-08
0 0 0 0 0 0 0 0 0 0 0 0 0 0 0 0 0 0 0 0 0 0 0 0 0 0 0 0 0 0 0 1.99176e-07 2.13373e-08 5.06602e-09 2.29211e-09 1.63427e-09 1.59539e-09 2.21203e-09 4.51398e-08 0.00813445 0.00116844 0.000239967 0.000286422 2.15444e-05 0.000267919 0.000738158 5.00516e-05 8.19417e-06 0.0016722 0.00346594 2.3539e-05 5.27244e-09 2.79139e-10 1.20234e-10 5.89573e-11 1.51851e-11 1.09392e-11 1.21405e-10 1.56227e-10 5.64986e-11 1.48418e-11 1.29621e-10 3.16414e-10 1.46339e-10 2.442e-11 6.52501e-10 1.23277e-09 6.28596e-10 2.69144e-10 1.98503e-10 1.19622e-10 5.8867e-11 2.26444e-10 1.20247e-08 1.00168e-07 6.56447e-08 4.56861e-08
0 0 0 0 0 0 0 0 0 0 0 0 0 0 0 0 0 0 0 0 0 0 0 0 0 0 0 0 0 0 0 0 2.66059e-08 1.14015e-08 6.37413e-09 3.76026e-09 3.85496e-09 1.0416e-08 1.48906e-07 0.00777541 0.00976767 0.000213273 0.000179233 2.94774e-05 0.000327442 0.00115947 9.11123e-05 2.4919e-05 0.00276735 0.00355358 4.95938e-07 2.70107e-09 2.68902e-10 1.54514e-10 1.26441e-10 6.16528e-11 5.50802e-11 2.44512e-10 6.87552e-10 8.19746e-11 2.0727e-11 6.90987e-11 3.18589e-10 9.93634e-11 3.2708e-10 1.22267e-09 3.83947e-10 1.93801e-10 2.05496e-10 2.43448e-10 4.81682e-10 1.02233e-09 2.66549e-09 2.53703e-08 9.49064e-08 5.9818e-09 4.07451e-09
0 0 0 0 0 0 0 0 0 0 0 0 0 0 0 0 0 0 0 0 0 0 0 0 0 0 0 0 0 0 0 0 3.27558e-08 4.08533e-08 2.54333e-08 1.29779e-08 1.75199e-08 1.06272e-07 2.34409e-06 0.00399415 0.00875251 0.000927824 0.000115426 4.82384e-05 0.000259358 0.000690445 0.000163752 0.00781712 0.0102036 0.000127253 5.92751e-05 6.50812e-08 4.98874e-08 5.09302e-08 5.81726e-08 3.26104e-08 1.72423e-08 8.98008e-09 1.45405e-08 1.43624e-09 3.6905e-11 8.09757e-11 2.47527e-10 3.83429e-10 1.16589e-09 1.45752e-09 4.21751e-10 1.89019e-10 3.34407e-10 1.95413e-09 6.68054e-09 1.33313e-08 2.73127e-08 1.31326e-07 7.6102e-08 9.74852e-09 4.95519e-09
0 0 0 0 0 0 0 0 0 0 0 0 0 0 0 0 0 0 0 0 0 0 0 0 0 0 0 0 0 0 0 0 3.57593e-08 6.5712e-08 8.034e-08 7.03791e-08 8.11785e-08 2.90037e-07 3.32411e-06 0.00238338 0.00389152 0.00115398 0.000306237 3.18475e-05 0.000208813 0.000884267 0.000233842 0.00825897 0.00164305 0.0013174 0.000229892 1.06398e-05 3.71265e-06 2.62785e-06 2.4189e-06 1.66265e-06 1.3049e-06 1.00123e-06 6.26146e-07 5.97282e-07 5.62994e-07 8.13868e-09 3.88366e-09 3.95621e-09 4.17321e-09 1.73335e-09 1.04366e-09 2.55727e-09 6.54882e-08 1.00263e-07 7.61481e-08 1.14939e-07 1.63235e-07 6.78224e-08 1.36607e-08 3.5513e-09 3.3135e-09
0 0 0 0 0 0 0 0 0 0 0 0 0 0 0 0 0 0 0 0 0 0 0 0 0 0 0 0 0 0 0 0 3.73894e-06 3.15482e-07 2.46832e-07 2.05948e-07 1.56036e-07 2.12307e-07 3.28757e-06 0.00121422 0.0061332 0.101576 0.000558785 0.000132798 0.000270518 0.000555665 0.00146668 0.00369566 0.000695278 7.76435e-05 6.69894e-05 7.46029e-06 1.93622e-06 7.76192e-07 8.91366e-07 8.28123e-07 7.36691e-08 1.00516e-07 9.06917e-08 1.28129e-07 8.65968e-07 3.61542e-06 1.15867e-06 1.23766e-06 7.17941e-07 3.94859e-07 3.63749e-07 3.72746e-07 3.45784e-07 1.4988e-07 1.61909e-07 4.4198e-08 1.15612e-08 3.42802e-09 2.34448e-09 1.39048e-09 2.12554e-09
0 0 0 0 0 0 0 0 0 0 0 0 0 0 0 0 0 0 0 0 0 0 0 0 0 0 0 0 0 0 0 0 0 2.38064e-07 2.32812e-07 3.51399e-07 2.77189e-07 1.29916e-07 3.21765e-06 0.0002332 0.000458657 0.0106511 0.0135828 0.00249776 0.000534176 0.000388405 0.00253806 0.001691 4.06644e-05 0.000118108 1.38534e-05 7.31383e-07 5.18214e-07 5.62757e-07 3.58252e-07 4.17837e-08 2.00382e-09 7.40874e-10 3.44435e-10 1.96397e-10 3.09105e-10 3.87411e-09 1.83769e-08 4.06183e-08 7.1657e-08 8.84886e-08 1.43908e-07 1.40221e-07 1.04097e-07 1.29428e-07 3.69456e-07 9.25903e-07 3.88669e-07 7.83583e-08 5.44597e-08 3.6056e-08 3.90295e-08
0 0 0 0 0 0 0 0 0 0 0 0 0 0 0 0 0 0 0 0 0 0 0 0 0 0 0 0 0 0 0 0 0 0 1.36331e-07 2.14866e-07 4.37998e-07 4.04979e-07 3.15658e-06 0.000160682 0.000546545 0.00157458 0.0210255 0.0182882 0.000438714 0.000437455 0.00392406 0.000650784 0.000278327 9.17131e-05 4.94982e-07 2.20793e-07 2.16233e-07 4.22594e-07 4.91716e-07 4.18728e-08 5.63789e-09 4.94211e-09 3.98506e-09 3.19219e-09 3.20491e-09 5.00636e-09 1.4321e-08 1.97308e-08 1.89317e-08 2.52794e-08 2.78627e-08 4.78576e-08 2.80716e-08 1.03591e-08 9.0974e-09 3.52235e-08 5.48684e-07 1.23734e-06 5.19019e-07 2.57342e-07 1.61107e-07
0 0 0 0 0 0 0 0 0 0 0 0 0 0 0 0 0 0 0 0 0 0 0 0 0 0 0 0 0 0 0 0 0 0 4.24882e-08 1.17654e-07 9.54348e-06 5.08947e-06 6.43546e-06 0.000116256 0.000944107 0.00281966 0.00600048 0.00944668 0.00148943 0.000332968 0.0019019 0.00127567 0.000643474 8.02958e-07 6.3001e-07 3.40857e-07 4.34584e-07 4.62811e-07 3.4148e-07 2.09499e-07 6.43488e-08 5.42275e-08 4.8001e-08 3.23486e-08 2.54206e-08 2.63337e-08 2.34775e-08 3.53532e-08 4.13263e-08 4.24365e-08 3.69935e-08 5.20799e-08 5.79682e-08 2.03494e-08 1.57422e-09 7.82676e-10 1.71555e-09 3.62912e-09 3.5235e-08 2.75658e-07 1.17181e-07
0 0 0 0 0 0 0 0 0 0 0 0 0 0 0 0 0 0 0 0 0 0 0 0 0 0 0 0 0 0 0 0 0 0 3.51412e-09 1.09307e-07 2.7434e-05 1.03611e-05 1.11469e-05 7.40479e-05 0.00100782 0.0064537 0.00114322 0.0121097 0.00331632 0.000564107 0.00284692 0.00717409 2.26286e-05 6.97012e-07 7.08771e-07 1.02097e-06 1.32267e-06 8.61438e-07 5.26305e-07 2.20154e-07 1.22277e-07 8.27948e-08 7.63425e-08 8.6223e-08 7.88968e-08 5.32528e-08 6.00623e-08 5.72437e-08 6.78717e-08 5.7586e-08 4.03081e-08 7.22761e-08 9.51667e-08 6.53916e-08 9.35682e-09 2.22859e-09 2.86733e-09 4.65189e-09 5.82979e-09 1.68364e-08 7.37824e-08
0 0 0 0 0 0 0 0 0 0 0 0 0 0 0 0 0 0 0 0 0 0 0 0 0 0 0 0 0 0 0 0 0 0 0 1.35879e-07 6.63362e-07 4.68753e-06 5.77899e-06 6.40484e-05 0.00267213 0.00250077 0.000453463 0.00350203 0.00124662 0.000691518 0.00363909 0.00103243 4.013e-06 3.23528e-06 2.09055e-06 2.10843e-06 3.14011e-06 3.25347e-06 4.03199e-07 1.42942e-07 7.2246e-08 1.13339e-07 9.29508e-08 1.03012e-07 1.53782e-07 1.97656e-07 8.61179e-08 5.39652e-08 6.64069e-08 6.78921e-08 4.95614e-08 1.10534e-07 9.94385e-08 7.67078e-08 2.93685e-08 8.42615e-09 9.56134e-09 1.22677e-08 1.23406e-08 1.53301e-08 4.26499e-08
0 0 0 0 0 0 0 0 0 0 0 0 0 0 0 0 0 0 0 0 0 0 0 0 0 0 0 0 0 0 0 0 0 0 0 5.60935e-08 1.02294e-07 2.3198e-06 2.80747e-06 4.27335e-05 0.0010061 0.000298934 0.000442313 0.00373245 0.00203965 0.000596641 0.00410443 0.000142855 4.12745e-06 7.42212e-06 8.97108e-06 4.78478e-06 6.22466e-06 3.1313e-06 4.30314e-07 1.12001e-07 7.18276e-08 6.31471e-08 6.07918e-08 5.66444e-08 4.82089e-08 6.21715e-08 8.24868e-08 7.50246e-08 7.08375e-08 1.18583e-07 1.38365e-07 2.24812e-07 1.74104e-07 1.08705e-07 7.40725e-08 1.60848e-08 1.08083e-08 1.89268e-08 2.1179e-08 2.58802e-08 3.64026e-08
0 0 0 0 0 0 0 0 0 0 0 0 0 0 0 0 0 0 0 0 0 0 0 0 0 0 0 0 0 0 0 0 0 0 2.07095e-07 1.21745e-07 1.85136e-07 1.39595e-06 1.06058e-05 2.82122e-05 5.34192e-05 7.80902e-05 0.000603077 0.00665461 0.00116331 0.000932667 0.00279217 5.28289e-05 5.70241e-06 1.61517e-05 2.69367e-05 2.09056e-05 1.02031e-05 1.34299e-06 6.53714e-07 2.21779e-07 1.50675e-07 1.03769e-07 8.53188e-08 5.92003e-08 5.69009e-08 6.6337e-08 6.06119e-08 7.00469e-08 9.14786e-08 1.13022e-07 1.81683e-07 4.01238e-07 3.97932e-07 2.09959e-07 1.57516e-07 7.3642e-08 1.07611e-08 1.3863e-08 1.92919e-08 2.59593e-08 4.0772e-08
0 0 0 0 0 0 0 0 0 0 0 0 0 0 0 0 0 0 0 0 0 0 0 0 0 0 0 0 0 0 0 0 0 0 2.25908e-07 1.16662e-07 2.44641e-07 1.08783e-06 1.1595e-05 9.85838e-06 2.20653e-05 6.62853e-05 0.000327416 0.0080962 0.00252117 0.00147217 0.00153437 6.41025e-05 1.59384e-05 2.3283e-05 4.14217e-05 2.69863e-05 8.16781e-06 3.60639e-07 3.90949e-08 2.21246e-08 2.59887e-08 1.05937e-07 9.45761e-08 7.82497e-08 5.46753e-08 9.76542e-08 9.60485e-08 8.19691e-08 9.3317e-08 1.18816e-07 1.8177e-07 3.85125e-07 5.70088e-07 2.99647e-07 1.87955e-07 2.28619e-07 4.69622e-08 2.31697e-08 2.8119e-08 3.19346e-08 3.61905e-08
0 0 0 0 0 0 0 0 0 0 0 0 0 0 0 0 0 0 0 0 0 0 0 0 0 0 0 0 0 0 0 0 0 0 4.37384e-07 4.16259e-07 4.52537e-07 2.51168e-06 1.50475e-06 3.06833e-06 2.71957e-05 9.50277e-05 0.00018961 0.00122556 0.00630695 0.00109367 0.0015336 6.81226e-05 6.06334e-05 5.85319e-05 3.21578e-05 1.64761e-05 1.57831e-05 5.38273e-07 1.34788e-07 8.45407e-08 8.92219e-08 7.43018e-08 6.73181e-08 6.08841e-08 9.78189e-08 5.6124e-07 4.25122e-07 4.05551e-07 3.61366e-07 4.80184e-07 5.19606e-07 3.87882e-07 3.40968e-07 1.78423e-07 1.41059e-07 2.27848e-07 1.44999e-07 4.6192e-08 4.53449e-08 3.86124e-08 2.78585e-08
0 0 0 0 0 0 0 0 0 0 0 0 0 0 0 0 0 0 0 0 0 0 0 0 0 0 0 0 0 0 0 0 0 0 3.60372e-07 5.70423e-07 3.38946e-07 5.71651e-07 3.9602e-07 7.87137e-07 1.7046e-05 0.000102892 6.53298e-05 0.000497808 0.00283494 0.00135276 0.00188536 4.30882e-05 4.98242e-05 7.77591e-05 3.06367e-05 2.60023e-05 9.27595e-06 4.27404e-07 1.11948e-07 5.32731e-08 7.66931e-08 7.97517e-08 8.1137e-08 8.43075e-08 6.11534e-08 5.20011e-08 2.22312e-07 1.81809e-07 1.80721e-07 2.1437e-07 2.93464e-07 3.88301e-07 2.75797e-07 1.79002e-07 1.50137e-07 2.04061e-07 2.60754e-07 9.85562e-08 6.85608e-08 8.7071e-08 4.26063e-08
0 0 0 0 0 0 0 0 0 0 0 0 0 0 0 0 0 0 0 0 0 0 0 0 0 0 0 0 0 0 0 0 0 0 5.26433e-07 4.28045e-07 1.67014e-07 8.31327e-08 7.90768e-07 3.33939e-06 1.25909e-05 9.44277e-05 4.62664e-05 0.000201883 0.00305668 0.0143719 0.032028 8.29754e-05 4.00495e-05 7.95804e-05 0.000152655 0.000299297 3.93103e-06 2.44842e-07 1.47802e-07 8.86945e-08 9.1109e-08 7.55984e-08 6.19942e-08 7.45656e-08 1.0247e-07 1.04186e-07 9.19744e-08 1.26456e-07 1.14119e-07 1.55855e-07 5.01967e-07 4.80289e-07 3.3509e-07 4.10401e-07 4.03381e-07 3.39884e-07 3.37324e-07 9.85431e-08 5.7778e-08 4.93404e-08 2.52205e-08
0 0 0 0 0 0 0 0 0 0 0 0 0 0 0 0 0 0 0 0 0 0 0 0 0 0 0 0 0 0 0 0 0 0 2.01043e-07 8.82952e-08 1.51304e-07 1.41065e-07 3.28168e-06 5.75831e-06 9.62038e-06 2.27852e-05 1.42328e-05 0.000132138 0.00421863 0.0131256 0.015883 0.00015271 9.25592e-05 0.00103621 0.000615528 3.71048e-05 2.75893e-07 5.16808e-08 5.79818e-08 3.83165e-08 4.68559e-08 5.89231e-08 5.0246e-08 4.18329e-08 4.19363e-08 5.45073e-08 7.98594e-08 3.75236e-07 3.21467e-07 2.80882e-07 4.03655e-07 4.7436e-07 4.06881e-07 5.69457e-07 1.09674e-06 1.25096e-06 3.84135e-07 1.36096e-07 1.11813e-07 6.37969e-08 2.33025e-08
0 0 0 0 0 0 0 0 0 0 0 0 0 0 0 0 0 0 0 0 0 0 0 0 0 0 0 0 0 0 0 0 0 0 0 3.84627e-09 1.49397e-07 2.26111e-07 1.20784e-05 2.40043e-05 2.90256e-05 3.58234e-05 2.25512e-05 0.000202941 0.00393859 0.00821898 0.00465993 0.000828227 0.000128905 0.000584418 3.68072e-05 1.86444e-06 1.59469e-07 1.60772e-08 4.76578e-08 3.75039e-08 4.53418e-08 4.13152e-08 2.47427e-08 2.15228e-08 2.16151e-08 2.25784e-08 2.23123e-08 2.74817e-07 4.85194e-07 4.13375e-07 2.79062e-07 1.62257e-07 9.93674e-08 6.76757e-08 4.51589e-08 4.72615e-08 5.46428e-08 5.46838e-08 8.57877e-08 1.07149e-07 7.73941e-08
0 0 0 0 0 0 0 0 0 0 0 0 0 0 0 0 0 0 0 0 0 0 0 0 0 0 0 0 0 0 0 0 0 0 0 1.30346e-09 7.34068e-08 1.7506e-07 1.24671e-05 9.09359e-05 3.97608e-05 8.53918e-05 4.33132e-05 0.000329208 0.00818808 0.00969847 0.02112 0.00176825 4.46488e-05 0.000122527 7.49742e-05 7.4127e-06 5.51172e-07 8.99714e-08 3.88599e-08 5.17177e-08 7.71737e-08 5.60068e-08 5.67766e-08 6.05628e-08 6.83178e-08 6.95378e-08 4.32693e-08 5.30757e-08 6.92097e-08 6.08764e-08 8.00951e-08 7.60193e-08 4.8208e-08 4.03492e-08 7.48946e-08 7.76683e-08 1.08008e-07 8.01564e-08 8.65559e-08 6.55962e-08 3.8696e-08
0 0 0 0 0 0 0 0 0 0 0 0 0 0 0 0 0 0 0 0 0 0 0 0 0 0 0 0 0 0 0 0 0 0 0 1.91898e-09 1.27619e-07 5.17854e-07 2.27978e-05 9.23092e-05 5.60217e-05 3.52327e-05 2.00365e-05 0.00033742 0.00787707 0.00629021 0.00293859 0.0189821 0.000192011 6.52603e-05 3.60304e-05 1.02191e-06 4.90412e-08 1.209e-08 9.39747e-09 1.09413e-08 1.01007e-08 1.01966e-08 1.10646e-08 8.67669e-09 5.2989e-09 9.38369e-09 7.79829e-09 9.25176e-09 6.45046e-09 6.38768e-09 8.44377e-09 1.24241e-08 1.891e-08 2.26383e-08 2.29278e-08 2.37997e-08 2.55677e-08 4.04465e-08 3.41529e-08 3.29423e-08 3.65125e-08
0 0 0 0 0 0 0 0 0 0 0 0 0 0 0 0 0 0 0 0 0 0 0 0 0 0 0 0 0 0 0 0 0 0 0 5.3819e-06 2.40754e-08 4.81649e-07 5.56647e-06 0.000172082 9.10712e-05 4.80427e-05 3.6407e-05 7.29436e-05 0.00173513 0.00300945 0.00103928 0.00200533 0.27678 2.79402e-05 1.96503e-05 1.17593e-06 5.36416e-09 3.03467e-09 1.50134e-09 3.08796e-09 6.11347e-09 8.55054e-09 8.39592e-09 4.8943e-09 3.27753e-09 2.49789e-09 4.47746e-09 6.21878e-09 4.6526e-09 2.55758e-09 1.32485e-09 1.58506e-09 4.38323e-09 8.08041e-09 8.05668e-09 6.85901e-09 5.54926e-09 4.15319e-09 3.71261e-09 4.01365e-09 5.95635e-09
0 0 0 0 0 0 0 0 0 0 0 0 0 0 0 0 0 0 0 0 0 0 0 0 0 0 0 0 0 0 0 0 0 0 0 0 2.47298e-08 6.85379e-07 9.17157e-06 5.30619e-05 1.62646e-05 6.03085e-05 4.72097e-05 3.10443e-05 0.000749989 0.00234546 0.000760217 0.00262345 0.0211168 1.87625e-05 6.95904e-06 3.62337e-07 8.60289e-09 1.48078e-10 8.96193e-11 1.42313e-09 2.67294e-09 2.42444e-09 1.39121e-09 7.80067e-10 6.319e-10 3.10929e-10 1.48081e-11 9.77651e-11 8.00949e-11 3.96726e-11 1.53132e-10 4.4249e-10 2.79074e-09 1.27818e-08 1.05045e-08 5.44498e-09 5.67293e-09 3.49974e-09 3.33665e-09 2.78927e-09 3.93099e-09
0 0 0 0 0 0 0 0 0 0 0 0 0 0 0 0 0 0 0 0 0 0 0 0 0 0 0 0 0 0 0 0 0 0 0 0 0 2.33871e-09 2.20903e-07 1.56127e-05 8.36596e-06 6.6834e-06 0.000266263 3.52439e-05 0.000246578 0.00129237 0.00204082 0.00352583 0.00135747 9.39557e-06 1.87442e-06 1.60076e-08 2.16824e-08 2.73973e-09 1.61681e-09 3.78183e-09 2.41602e-09 6.1229e-10 3.49766e-11 9.24379e-13 1.29876e-12 5.07445e-11 3.75709e-11 6.63512e-10 1.74187e-09 3.95068e-10 1.48314e-10 6.26495e-10 6.0045e-09 2.82902e-09 6.53101e-10 3.32905e-09 2.76217e-09 2.03598e-09 3.77253e-09 6.03593e-09 1.50509e-08
0 0 0 0 0 0 0 0 0 0 0 0 0 0 0 0 0 0 0 0 0 0 0 0 0 0 0 0 0 0 0 0 0 0 0 0 0 2.70369e-09 1.53836e-09 3.3176e-07 1.12138e-05 1.75638e-05 3.92728e-05 4.44675e-05 9.51327e-05 0.000397369 0.00292653 0.00301376 0.000748278 2.21483e-06 3.84375e-07 1.6677e-07 7.18971e-08 4.75256e-08 2.05401e-08 5.64842e-09 2.53929e-09 5.4284e-10 1.72135e-10 1.66504e-10 3.09816e-10 5.16309e-09 2.13365e-08 2.2787e-09 9.60318e-10 3.7883e-09 3.29603e-09 5.98481e-09 1.51665e-08 3.09539e-09 5.05508e-09 1.66883e-08 7.51878e-09 6.74016e-09 5.83376e-09 5.17406e-09 1.09405e-08
0 0 0 0 0 0 0 0 0 0 0 0 0 0 0 0 0 0 0 0 0 0 0 0 0 0 0 0 0 0 0 0 0 0 0 0 0 1.77789e-08 1.88941e-09 7.41071e-07 1.64423e-05 6.11686e-05 4.89026e-05 7.86509e-05 0.00011475 0.000109475 0.00292083 0.00666519 0.00085583 2.6528e-06 6.01998e-07 2.75019e-07 1.81142e-07 2.26718e-07 1.46553e-07 5.0659e-08 3.79031e-08 4.06105e-08 3.11899e-08 1.86113e-08 2.58384e-08 2.92453e-08 2.91748e-08 3.58851e-08 1.27936e-08 1.20746e-08 1.70242e-08 1.85361e-08 1.48629e-08 9.75469e-09 8.71293e-09 7.12718e-09 4.80859e-09 4.06393e-09 3.63192e-09 3.68934e-09 3.62601e-09
0 0 0 0 0 0 0 0 0 0 0 0 0 0 0 0 0 0 0 0 0 0 0 0 0 0 0 0 0 0 0 0 0 0 0 0 0 0 4.73193e-09 1.46025e-06 3.03396e-06 1.40655e-06 3.93436e-07 4.41604e-06 3.91633e-05 9.57896e-05 6.18882e-05 0.0157778 0.0167091 6.2831e-06 5.43765e-09 9.00285e-10 1.79643e-10 4.30777e-10 8.49924e-09 4.45607e-09 4.19595e-09 4.04673e-09 1.78637e-09 1.18641e-09 1.38606e-09 1.59591e-09 3.50216e-09 2.1563e-08 3.54081e-08 3.63694e-08 1.66424e-08 1.79198e-08 2.3964e-08 2.87104e-08 3.03804e-08 2.83731e-08 1.82355e-08 1.46218e-08 9.9051e-09 7.97365e-09 6.84322e-09
0 0 0 0 0 0 0 0 0 0 0 0 0 0 0 0 0 0 0 0 0 0 0 0 0 0 0 0 0 0 0 0 0 0 0 0 0 0 1.83907e-06 2.93486e-06 1.09187e-07 9.86199e-09 1.83907e-09 3.86221e-08 5.67216e-06 3.30158e-05 5.3754e-05 6.46169e-05 0.579579 0.053941 3.12407e-09 2.30931e-09 5.13913e-10 3.41739e-10 1.60339e-09 1.74671e-09 2.30979e-09 2.96185e-09 2.99159e-09 3.53485e-09 3.9077e-09 3.81823e-09 4.46527e-09 8.33274e-09 9.73701e-09 2.00428e-08 2.60255e-08 1.75519e-08 7.08698e-09 3.95831e-09 3.9146e-09 5.46074e-09 9.31504e-09 6.05571e-09 3.51833e-09 2.71941e-09 3.39337e-09
0 0 0 0 0 0 0 0 0 0 0 0 0 0 0 0 0 0 0 0 0 0 0 0 0 0 0 0 0 0 0 0 0 0 0 0 0 0 6.16192e-06 2.18103e-07 2.3011e-09 4.08781e-09 1.23383e-09 1.44629e-08 1.32492e-07 2.40347e-06 1.93659e-05 1.2474e-05 0.0345051 0.0209698 1.56423e-08 1.46023e-09 1.56817e-09 1.24959e-09 1.27678e-09 2.56961e-09 3.5584e-09 2.73891e-09 3.31087e-09 5.11832e-09 5.9387e-09 7.72301e-09 7.40193e-09 6.96682e-09 8.01923e-09 7.5488e-09 1.05816e-08 1.83325e-08 2.44681e-08 8.66572e-09 2.41814e-09 1.59281e-09 2.87446e-09 8.02836e-09 2.10504e-09 1.15229e-09 1.36684e-09
0 0 0 0 0 0 0 0 0 0 0 0 0 0 0 0 0 0 0 0 0 0 0 0 0 0 0 0 0 0 0 0 0 0 0 0 0 0 4.02329e-07 1.97104e-07 4.00241e-09 8.32619e-09 4.46803e-09 2.39499e-08 4.24223e-08 5.78926e-08 4.40922e-08 3.21449e-08 0.00325175 0.0198181 4.54385e-08 8.33132e-09 7.39153e-09 4.95184e-09 3.49425e-09 5.31409e-09 6.6973e-09 5.82821e-09 3.76505e-09 3.06125e-09 3.74396e-09 4.75075e-09 5.50399e-09 5.46357e-09 5.04126e-09 6.7573e-09 8.21199e-09 7.1498e-09 1.13488e-08 1.678e-08 7.09207e-09 2.33359e-09 1.13028e-09 2.97494e-09 3.8977e-09 1.87693e-09 1.15908e-09
0 0 0 0 0 0 0 0 0 0 0 0 0 0 0 0 0 0 0 0 0 0 0 0 0 0 0 0 0 0 0 0 0 0 0 0 0 0 3.82406e-07 1.77051e-07 1.96592e-08 3.8069e-08 7.09207e-09 2.35852e-08 5.57411e-08 5.6535e-08 9.63882e-09 1.18171e-09 6.79883e-09 0.00934813 1.12717e-06 1.2283e-08 8.92657e-09 3.19088e-09 2.40432e-09 4.54389e-09 7.42346e-09 5.74758e-09 4.29113e-09 3.33272e-09 3.17968e-09 3.65288e-09 4.24044e-09 5.34247e-09 5.5674e-09 6.24086e-09 9.46911e-09 1.08783e-08 8.68312e-09 1.02122e-08 1.18559e-08 1.1486e-08 6.09664e-09 2.10936e-09 1.9143e-09 2.65992e-09 2.80685e-09
0 0 0 0 0 0 0 0 0 0 0 0 0 0 0 0 0 0 0 0 0 0 0 0 0 0 0 0 0 0 0 0 0 0 0 0 0 0 3.26017e-07 3.23745e-08 9.8158e-09 2.64487e-08 8.52845e-09 1.60152e-08 5.52723e-08 5.62658e-08 3.44194e-09 2.78039e-10 5.72532e-10 0.00107059 9.14538e-06 4.323e-09 3.11258e-09 1.29878e-09 1.50931e-09 2.90294e-09 4.70453e-09 3.69254e-09 2.87362e-09 2.48835e-09 2.47193e-09 2.54098e-09 2.83508e-09 4.18434e-09 4.64823e-09 6.11648e-09 7.62943e-09 1.26733e-08 1.16367e-08 8.54824e-09 7.10564e-09 7.59615e-09 7.89475e-09 6.87076e-09 1.76965e-09 1.06681e-09 1.0826e-09
0 0 0 0 0 0 0 0 0 0 0 0 0 0 0 0 0 0 0 0 0 0 0 0 0 0 0 0 0 0 0 0 0 0 0 0 0 0 0 2.41422e-08 4.15219e-09 1.16657e-08 1.10643e-08 1.95904e-08 5.61468e-08 4.37227e-08 2.03327e-09 2.864e-10 2.77138e-10 3.34886e-09 0.00719109 4.84511e-09 1.27453e-09 7.60542e-10 1.18507e-10 1.61265e-10 1.24203e-09 2.23795e-09 1.34275e-09 7.0652e-10 3.06526e-10 2.82219e-11 1.49485e-12 1.31596e-11 1.28776e-11 1.02438e-10 1.146e-09 8.8658e-09 1.42844e-08 1.21111e-08 1.18536e-08 1.66489e-08 1.21808e-08 4.92476e-10 7.1503e-11 4.63264e-10 1.6183e-09
