Outputs/initial_cond/5_metri/hsd_ev.asc
ncols 286
nrows 262
xllcorner 528670
yllcorner 5.07688e+06
cellsize 35
NODATA_value -9999
[rows 170 to 203 of 262, columns 154 to 230 of 286]
8.57827e-10 1.28146e-10 3.13274e-10 4.43433e-09 1.39959e-08 1.16196e-06 7.41344e-08 1.22033e-09 4.82449e-09 1.88308e-09 1.61566e-09 1.08138e-09 1.27427e-09 6.3863e-07 1.04382e-06 1.27378e-09 9.53164e-10 9.30363e-10 9.4986e-10 4.79255e-10 1.34345e-09 3.63451e-09 1.29791e-09 8.78643e-10 1.75852e-09 1.2499e-08 0.0549751 3.37927e-07 6.66205e-07 4.80358e-06 7.0285e-06 4.7326e-06 1.04101e-08 1.43562e-08 1.28448e-08 1.95689e-08 5.00957e-08 5.15263e-08 9.82101e-09 1.7489e-09 1.56312e-08 3.88068e-09 2.81452e-09 7.27207e-10 1.19608e-09 6.4573e-09 9.5313e-09 2.44738e-08 3.13635e-08 7.26656e-11 3.06852e-12 4.12789e-12 4.14863e-11 9.09821e-11 6.04801e-11 2.62716e-10 4.20193e-09 1.49944e-09 1.84444e-09 2.68366e-09 1.93479e-09 4.74621e-09 2.95015e-09 6.46095e-10 7.72475e-10 6.36811e-10 8.51899e-08 0 0 0 0 0 0 0 0 0 0
3.73015e-10 1.22181e-10 3.01403e-10 6.27219e-10 3.33739e-09 1.38521e-07 3.21602e-07 2.02351e-09 2.50475e-09 2.55979e-09 2.64253e-09 1.21489e-09 1.97526e-09 2.31806e-08 1.65546e-05 2.99575e-09 1.31295e-09 1.49413e-09 1.82437e-09 1.68797e-09 8.14428e-10 1.6464e-09 1.63673e-09 1.03015e-09 1.36947e-09 3.76382e-09 3.13458e-05 3.25364e-07 1.78877e-07 8.29939e-08 2.0076e-08 6.61821e-09 9.06184e-09 1.32824e-08 1.2424e-08 1.73979e-08 4.50532e-08 3.3849e-08 1.22587e-08 4.98873e-09 1.11705e-08 4.06841e-09 2.29157e-09 2.44738e-09 6.35108e-09 2.65213e-09 1.04102e-08 3.20807e-09 2.34031e-08 3.58135e-08 2.16018e-10 5.21655e-11 6.01204e-11 1.00182e-10 3.10317e-11 4.20171e-11 1.07365e-09 2.32225e-09 2.02301e-09 2.22369e-09 1.30695e-09 7.23388e-10 1.14244e-09 8.19795e-10 5.2193e-10 2.79469e-10 2.93983e-05 0 0 0 0 0 0 0 0 0 0
3.81302e-10 3.64562e-10 3.23478e-10 3.70966e-10 2.73693e-09 1.22456e-08 1.98118e-07 2.96449e-09 2.85082e-09 4.88543e-09 5.00936e-09 1.48359e-09 2.63406e-09 5.37157e-09 3.36667e-07 7.97991e-07 9.77833e-10 1.11342e-09 1.83199e-09 2.04548e-09 1.46607e-09 8.55561e-10 2.52818e-09 2.02369e-09 4.01424e-09 1.92659e-08 4.74773e-05 1.36333e-07 7.74492e-08 3.48162e-08 6.9946e-09 4.99784e-09 7.20789e-09 1.12424e-08 1.16851e-08 1.38735e-08 3.87927e-08 2.83276e-08 7.31207e-09 6.29997e-09 6.13802e-09 4.94333e-09 2.2312e-09 2.39034e-09 4.84449e-09 1.78038e-09 9.15885e-09 2.82797e-09 1.41991e-09 2.44716e-08 1.70879e-08 4.31619e-10 9.96045e-11 1.12023e-10 1.81704e-11 1.0464e-11 1.71829e-10 1.13138e-09 1.72789e-09 1.24064e-09 9.69101e-10 5.64332e-10 4.80141e-10 3.37856e-10 3.13693e-10 0.000162512 0 0 0 0 0 0 0 0 0 0 0
7.51109e-10 8.17248e-10 1.02268e-09 3.39169e-10 1.09229e-09 6.13329e-08 1.14389e-07 2.7941e-09 2.61093e-09 7.47991e-09 1.26027e-08 2.27934e-09 2.64338e-09 3.21362e-09 1.41377e-08 5.96555e-07 7.15713e-09 4.46108e-09 5.27256e-09 4.84333e-09 3.21297e-09 2.0134e-09 2.28908e-09 1.95803e-09 4.1312e-09 5.84758e-05 0.000264493 1.04123e-07 4.83495e-08 2.03763e-08 7.42712e-09 5.17513e-09 6.22287e-09 9.87531e-09 1.16692e-08 1.35608e-08 3.54942e-08 2.72769e-08 4.05568e-09 2.07803e-09 4.80786e-09 6.38663e-09 2.58867e-09 2.26683e-09 3.56024e-09 2.03352e-09 1.00189e-08 6.55059e-09 1.18801e-09 2.3143e-09 1.55339e-08 2.87698e-09 1.66773e-10 1.15293e-10 1.53532e-11 6.74124e-12 2.8742e-11 1.44976e-10 8.27336e-10 1.27993e-09 9.31647e-10 4.94479e-10 4.50875e-10 3.22898e-10 7.71631e-10 1.65083e-06 0 0 0 0 0 0 0 0 0 0 0
3.59268e-10 2.16688e-10 4.78337e-10 3.76465e-10 1.22943e-09 2.48906e-07 1.81734e-07 2.22065e-09 2.1546e-09 8.50037e-09 3.8876e-08 8.92905e-09 2.50283e-09 3.04805e-09 9.2393e-09 4.51881e-07 2.17462e-07 3.02769e-09 3.53273e-09 2.57121e-09 1.02256e-09 1.02126e-09 9.2166e-10 2.42787e-09 8.20183e-09 0.00896095 2.69639e-07 6.39025e-08 4.37608e-08 2.37618e-08 1.2828e-08 6.41483e-09 5.85291e-09 8.93672e-09 1.22138e-08 1.27825e-08 3.11485e-08 2.9592e-08 3.70128e-09 5.4768e-10 1.08694e-09 4.28513e-09 6.00278e-09 3.19361e-09 3.43988e-09 1.09575e-08 6.11142e-09 8.80281e-09 4.63222e-10 5.41294e-10 6.35636e-09 1.45678e-08 5.61456e-10 1.16091e-10 1.54724e-11 6.91467e-12 1.46813e-11 4.0728e-11 2.47756e-10 1.24093e-09 1.02137e-09 5.29991e-10 3.44578e-10 6.10867e-10 1.19351e-09 2.41512e-05 0 0 0 0 0 0 0 0 0 0 0
3.30608e-10 7.16203e-11 5.66113e-10 1.4546e-09 1.13906e-09 4.72971e-07 3.26013e-07 1.82682e-09 5.74979e-10 1.21955e-09 6.29467e-09 1.14266e-08 2.50431e-09 2.92486e-09 4.20276e-09 2.80122e-09 1.85817e-06 4.18416e-08 7.48001e-10 4.76073e-10 3.32688e-10 3.51776e-09 3.61558e-09 5.94282e-09 2.65668e-05 9.14856e-06 1.45611e-07 3.14994e-08 1.60728e-08 1.57958e-08 2.04071e-08 1.14774e-08 6.98252e-09 7.93485e-09 1.15436e-08 1.24215e-08 2.67632e-08 2.7881e-08 4.27779e-09 2.98652e-10 2.90503e-10 1.06987e-09 4.06283e-09 2.93625e-09 2.408e-09 1.75419e-08 3.84648e-09 1.27877e-08 6.21584e-10 3.6202e-10 1.60967e-09 1.9883e-08 3.97652e-09 2.89558e-10 6.68099e-12 5.35351e-12 1.55402e-11 2.94288e-11 9.2362e-11 4.28935e-10 7.81324e-10 4.89705e-10 3.42737e-10 3.69132e-09 2.52795e-05 0 0 0 0 0 0 0 0 0 0 0 0
2.58853e-10 4.89473e-10 1.52641e-09 1.28479e-09 1.95819e-09 9.73437e-07 6.93358e-08 1.24267e-09 5.27827e-10 8.01915e-10 2.48654e-09 5.37262e-09 2.05005e-09 2.05751e-09 2.26218e-09 3.27788e-09 2.76865e-07 4.32262e-07 4.95779e-09 3.6135e-09 4.088e-10 6.16936e-09 5.39344e-09 1.04344e-07 4.66218e-05 1.48759e-06 2.23037e-07 2.01149e-08 5.11674e-09 6.40353e-09 1.34615e-08 1.52059e-08 1.01732e-08 8.39266e-09 1.03847e-08 1.18737e-08 2.51728e-08 2.82681e-08 6.63968e-09 7.59075e-10 2.64031e-10 2.89078e-10 1.31868e-09 1.96869e-09 1.65476e-09 1.99388e-08 3.21614e-09 1.35945e-08 9.95845e-10 4.62198e-10 7.5201e-10 4.99032e-09 7.48399e-09 6.12513e-10 5.18674e-12 3.67242e-12 1.21076e-11 1.64704e-11 9.12512e-11 1.75077e-10 3.91127e-10 2.28416e-10 1.04071e-09 2.1132e-08 0 0 0 0 0 0 0 0 0 0 0 0 0
6.82307e-10 5.96278e-10 2.45782e-10 4.46969e-10 1.58273e-09 9.58668e-08 6.52127e-08 2.60855e-09 8.99209e-10 5.58388e-10 9.36979e-10 1.70542e-09 2.96974e-09 2.18157e-09 1.6012e-09 3.95058e-09 1.18966e-08 2.14742e-06 1.97912e-07 4.09042e-08 8.53821e-11 2.49023e-09 2.55601e-09 5.33504e-08 7.21051e-06 9.96717e-07 5.02875e-07 1.92755e-08 2.7491e-09 2.62248e-09 5.70868e-09 1.09279e-08 9.84287e-09 1.06821e-08 1.11572e-08 1.06922e-08 2.08645e-08 3.55057e-08 1.10371e-08 1.51064e-09 3.90939e-10 2.44345e-10 5.91174e-10 1.10353e-09 7.76758e-10 1.1564e-08 1.96831e-09 1.13948e-08 2.86238e-09 6.49233e-10 5.22231e-10 1.10751e-09 3.40289e-09 5.16551e-09 4.50002e-10 9.06609e-11 2.02744e-11 6.4711e-12 2.87588e-11 2.09969e-10 1.59377e-10 9.26821e-11 4.0723e-09 0 0 0 0 0 0 0 0 0 0 0 0 0 0
4.65189e-11 2.66897e-11 2.06206e-10 5.54281e-10 4.44289e-09 4.22196e-08 2.80924e-08 7.09071e-09 2.28456e-09 7.62704e-10 6.9031e-10 1.16905e-09 2.82249e-09 2.55175e-09 1.83959e-09 3.64294e-09 2.28007e-09 2.13525e-08 1.54294e-07 1.1953e-07 5.55786e-11 1.13878e-09 1.50113e-09 5.45385e-08 5.23283e-06 7.07001e-07 3.87404e-07 2.99261e-08 2.77527e-09 1.3904e-09 2.35182e-09 5.73114e-09 6.9549e-09 1.02181e-08 1.36426e-08 1.10302e-08 1.6806e-08 3.32223e-08 1.41156e-08 1.53743e-09 3.95945e-10 2.41866e-10 5.84872e-10 1.01979e-09 6.90768e-10 6.19159e-09 1.08027e-09 8.56578e-09 6.83693e-09 1.11622e-09 6.62944e-10 4.46793e-10 6.15256e-10 4.396e-09 5.67895e-09 2.85104e-09 8.45174e-10 2.20458e-11 2.59047e-11 3.49762e-10 1.59496e-11 6.5985e-11 1.27443e-08 0 0 0 0 0 0 0 0 0 0 0 0 0 0
6.06998e-12 1.80735e-11 4.87919e-10 2.42359e-08 2.64871e-08 1.09598e-08 4.46974e-09 2.99548e-09 3.09594e-09 1.59735e-09 7.72333e-10 8.30514e-10 2.73878e-09 4.67151e-09 2.3761e-09 3.07881e-09 7.21016e-10 2.77516e-10 7.0899e-10 1.84354e-07 2.47263e-10 2.32768e-09 1.66912e-09 8.25242e-08 5.21644e-06 5.12299e-07 1.3841e-07 6.77712e-08 5.0162e-09 1.32057e-09 1.66164e-09 4.34239e-09 5.39366e-09 7.5746e-09 1.37496e-08 1.37491e-08 1.37718e-08 2.7556e-08 1.42438e-08 2.59842e-09 6.63574e-10 2.27248e-10 2.86292e-10 5.68637e-10 5.48881e-10 4.95152e-09 1.11609e-09 4.57448e-09 7.48555e-09 1.93957e-09 8.62349e-10 2.72367e-10 1.34163e-10 3.296e-10 5.91764e-10 1.03536e-09 5.45146e-09 5.00566e-10 1.13733e-10 3.43957e-10 1.11996e-10 1.23247e-10 1.97416e-05 0 0 0 0 0 0 0 0 0 0 0 0 0 0
3.07276e-12 8.24433e-09 1.76424e-07 1.39645e-08 7.71692e-09 1.04154e-08 9.92058e-09 3.11136e-08 2.78801e-08 7.97989e-10 7.41599e-10 9.03723e-10 3.02142e-09 7.61694e-09 3.95186e-09 2.44789e-09 1.99131e-09 5.85558e-10 5.54697e-10 2.82218e-07 4.4216e-06 8.07174e-09 6.69234e-09 2.60972e-07 6.05771e-06 2.53051e-07 4.36512e-08 7.57894e-08 1.25742e-08 2.43682e-09 2.68977e-09 4.26784e-09 4.50001e-09 6.16795e-09 1.00503e-08 1.57071e-08 1.38898e-08 2.60646e-08 2.16711e-08 6.35338e-09 1.39079e-09 3.68772e-10 2.39365e-10 4.32663e-10 3.51859e-10 3.65244e-09 1.09651e-09 2.59137e-09 4.79436e-09 2.0627e-09 7.84652e-10 5.06304e-10 2.11902e-10 1.86088e-10 2.32548e-10 8.94068e-11 3.71474e-10 1.26039e-09 8.55224e-10 6.13005e-10 6.34306e-10 2.44802e-06 0 0 0 0 0 0 0 0 0 0 0 0 0 0 0
1.8927e-09 2.95923e-08 4.58536e-09 9.01793e-09 1.19828e-08 1.10392e-08 9.16659e-09 1.84966e-08 6.63949e-08 3.92968e-08 1.95062e-09 1.66278e-09 3.43025e-09 1.07397e-08 9.18347e-09 3.07155e-09 3.92011e-09 1.17832e-09 1.26905e-09 4.37067e-09 8.29029e-07 0.00695324 8.43935e-06 0.00010799 1.71543e-05 4.5414e-07 3.06995e-08 2.46852e-08 3.37913e-08 6.11363e-09 4.70244e-09 4.63575e-09 4.56927e-09 6.45721e-09 7.6544e-09 1.19649e-08 1.55967e-08 2.30314e-08 3.27457e-08 2.00864e-08 4.14286e-09 1.24364e-09 4.66783e-10 4.86095e-10 3.80129e-10 1.88807e-09 9.10582e-10 1.81311e-09 2.19426e-09 2.70801e-09 6.41811e-10 6.81157e-10 5.19806e-10 2.58733e-10 3.10255e-10 1.08851e-10 8.61309e-11 2.62688e-10 2.70517e-10 4.42141e-10 7.84753e-06 0 0 0 0 0 0 0 0 0 0 0 0 0 0 0 0
1.46607e-08 4.24139e-09 1.46541e-09 5.19963e-09 6.79332e-09 4.94533e-09 3.61487e-09 3.33588e-09 1.24915e-08 5.62736e-08 1.34523e-08 2.69432e-09 4.14519e-09 1.72117e-08 7.90618e-09 5.20259e-09 5.94903e-09 1.70017e-09 3.26505e-09 7.38739e-09 3.36047e-09 9.18696e-09 0.0217403 0.00796847 8.69817e-05 6.20318e-07 2.05795e-08 1.38868e-08 4.26259e-08 2.88412e-08 5.57538e-09 3.84939e-09 4.03037e-09 6.69762e-09 6.33839e-09 8.23963e-09 1.29886e-08 1.54018e-08 2.65381e-08 3.50017e-08 1.53172e-08 6.98026e-09 2.23651e-09 7.71866e-10 4.13127e-10 1.07507e-09 8.31017e-10 1.37365e-09 8.00737e-10 2.01457e-09 7.38865e-10 2.89459e-10 5.94511e-10 4.92734e-10 3.93573e-10 1.77335e-10 1.13491e-10 1.52016e-10 2.63737e-10 2.35112e-09 0 0 0 0 0 0 0 0 0 0 0 0 0 0 0 0 0
7.91368e-09 5.10503e-10 1.51456e-10 8.94193e-10 7.28166e-10 8.15428e-10 5.68874e-10 3.16015e-10 6.78755e-10 2.30331e-08 2.78406e-08 8.10379e-09 3.38085e-09 1.57315e-08 1.04857e-08 5.94512e-09 7.41315e-09 2.47491e-09 5.97421e-09 1.03038e-08 3.34339e-09 2.88256e-09 0.00276483 0.098837 1.57141e-06 9.11998e-07 5.10818e-08 3.08851e-08 4.75711e-08 7.29766e-08 2.05842e-08 3.93943e-09 4.17236e-09 6.1871e-09 5.49366e-09 5.57334e-09 8.19418e-09 9.27932e-09 1.09372e-08 3.26867e-08 2.23376e-08 1.42083e-08 9.54579e-09 2.8789e-09 8.38761e-10 7.655e-10 1.01552e-09 1.45464e-09 6.00181e-10 1.11479e-09 1.16927e-09 2.56523e-10 3.23024e-10 4.33712e-10 3.20962e-10 1.5346e-10 1.37554e-10 1.5873e-10 4.31202e-10 6.85301e-06 0 0 0 0 0 0 0 0 0 0 0 0 0 0 0 0 0
2.13088e-11 1.212e-11 1.87834e-11 7.33191e-11 1.97115e-11 4.89188e-11 1.25981e-10 5.21085e-11 1.06126e-10 2.51655e-09 2.03238e-08 4.3193e-08 4.78185e-09 1.51846e-08 1.29876e-08 6.11838e-09 3.66457e-09 2.19714e-09 3.79502e-09 3.80625e-09 6.46854e-09 2.21183e-08 0.000128258 0.000556132 1.00673e-06 1.47861e-06 5.49559e-07 7.19853e-08 5.59541e-08 5.23793e-08 4.5581e-08 2.19507e-08 1.10216e-08 6.3933e-09 7.04753e-09 4.68336e-09 4.78222e-09 1.00862e-08 1.49937e-08 2.0953e-08 2.84358e-08 1.78254e-08 1.31839e-08 9.99897e-09 3.49242e-09 1.0174e-09 9.85204e-10 1.43084e-09 4.52507e-10 5.38397e-10 4.58549e-10 3.05615e-10 1.9177e-10 3.36405e-10 3.84872e-10 5.11677e-10 4.15368e-10 6.05263e-10 7.29557e-06 0 0 0 0 0 0 0 0 0 0 0 0 0 0 0 0 0 0
1.86871e-12 1.53468e-12 6.03131e-12 4.21067e-12 8.89406e-13 3.00575e-12 6.75734e-11 1.84764e-12 1.01723e-12 1.62858e-11 1.05356e-09 1.03339e-07 2.27229e-08 2.37945e-08 1.53384e-08 9.33328e-09 1.72541e-09 1.24362e-09 2.53744e-09 6.90039e-09 2.7345e-07 1.68367e-06 5.03982e-05 0.00013597 1.13461e-06 9.83128e-07 9.19467e-07 3.20086e-07 1.07072e-07 6.31563e-08 3.58983e-08 2.3333e-08 1.43943e-08 9.26252e-09 1.00211e-08 5.72433e-09 3.10371e-09 3.83197e-09 1.42408e-08 2.19104e-08 2.16937e-08 1.53659e-08 1.23182e-08 1.28509e-08 9.98468e-09 3.58866e-09 1.37558e-09 1.33303e-09 4.15508e-10 4.32126e-10 3.46627e-10 2.77246e-10 2.13927e-10 2.13526e-10 8.4317e-10 4.563e-10 7.15782e-10 9.91359e-06 0 0 0 0 0 0 0 0 0 0 0 0 0 0 0 0 0 0 0
1.37467e-12 3.39455e-12 4.89117e-12 5.13946e-12 6.77108e-13 4.5673e-13 7.83196e-12 6.14459e-13 3.30954e-12 1.67575e-11 9.8022e-11 6.61794e-09 1.32929e-08 1.64266e-08 2.7107e-08 2.27235e-08 8.48874e-10 1.44829e-09 3.68972e-09 3.0061e-07 5.16495e-06 1.97469e-06 2.24608e-06 8.74399e-05 3.71516e-06 3.12961e-07 4.63851e-07 2.66303e-07 2.12727e-07 1.81326e-07 7.46125e-08 2.21288e-08 1.87663e-08 1.46604e-08 1.55861e-08 1.50419e-08 7.73619e-09 5.2792e-09 7.86023e-09 1.80967e-08 2.26188e-08 1.65473e-08 1.0611e-08 1.14412e-08 1.14608e-08 1.0665e-08 3.62564e-09 1.35947e-09 3.87953e-10 1.69366e-10 1.08911e-10 8.71458e-11 2.20922e-10 7.1427e-10 3.61934e-10 7.35095e-10 1.10527e-05 0 0 0 0 0 0 0 0 0 0 0 0 0 0 0 0 0 0 0 0
6.91167e-12 4.56039e-12 5.38779e-13 1.1237e-12 2.16298e-12 2.21066e-12 1.79167e-11 2.95819e-12 4.26448e-10 1.33424e-09 6.8586e-10 1.05254e-09 2.20513e-09 8.62589e-09 1.83321e-08 3.87556e-08 2.91858e-09 4.85958e-09 8.70674e-09 1.54938e-06 4.4773e-07 1.7467e-08 8.89453e-08 5.36772e-05 1.50401e-05 4.35986e-07 3.17853e-07 1.20649e-07 1.8012e-07 3.99932e-07 2.20481e-07 6.19266e-08 3.61028e-08 2.3717e-08 2.64371e-08 2.91779e-08 2.60699e-08 1.73242e-08 1.17466e-08 1.00439e-08 1.17181e-08 1.81626e-08 1.16421e-08 8.41032e-09 1.20517e-08 8.84473e-09 5.24032e-09 1.61072e-09 3.26548e-10 9.4258e-11 6.7534e-11 1.15072e-10 4.25606e-10 3.11856e-10 4.13212e-10 2.57773e-05 0 0 0 0 0 0 0 0 0 0 0 0 0 0 0 0 0 0 0 0 0
1.30469e-10 1.01523e-11 3.80776e-13 2.39261e-13 1.3301e-12 6.68294e-12 6.43628e-11 3.17136e-10 2.86777e-09 6.06882e-09 1.38657e-09 5.56807e-10 4.36281e-10 1.10624e-09 7.73073e-09 1.50025e-08 2.81125e-09 6.8447e-09 1.54173e-08 1.70291e-07 3.62613e-07 2.75345e-08 1.51067e-07 5.71463e-06 3.84797e-05 8.34775e-06 4.68364e-07 1.53901e-07 2.19483e-07 5.22992e-07 3.09344e-07 8.99414e-08 4.50002e-08 3.14336e-08 2.85989e-08 2.59209e-08 2.47844e-08 2.01475e-08 1.24365e-08 6.31106e-09 6.08113e-09 1.55932e-08 1.73422e-08 1.07011e-08 1.04638e-08 8.4239e-09 6.96113e-09 4.07235e-09 8.92234e-10 3.48459e-10 2.39127e-10 2.20902e-10 1.06109e-09 9.48697e-10 4.27076e-05 0 0 0 0 0 0 0 0 0 0 0 0 0 0 0 0 0 0 0 0 0 0
4.06721e-10 3.54071e-11 1.00163e-11 5.92669e-12 1.26913e-11 6.87157e-11 6.94954e-10 1.06817e-09 2.98089e-09 2.46027e-09 4.69233e-10 2.06687e-10 1.56374e-10 4.29228e-10 2.8725e-09 1.0313e-08 1.90549e-09 6.06887e-09 1.8555e-08 8.86661e-08 3.4298e-07 4.4564e-08 7.8945e-08 1.44213e-07 6.11014e-06 2.99608e-05 2.52436e-06 2.33647e-07 2.56401e-07 3.8085e-07 3.31357e-07 1.34039e-07 5.51943e-08 3.82736e-08 3.36183e-08 2.20778e-08 1.85155e-08 1.71036e-08 1.30091e-08 8.63528e-09 8.1826e-09 1.05175e-08 1.14683e-08 1.06783e-08 1.92931e-08 1.23704e-08 2.0147e-08 2.08191e-08 8.74168e-09 2.5935e-09 5.09184e-10 1.95004e-10 5.82123e-10 0.000101324 0 0 0 0 0 0 0 0 0 0 0 0 0 0 0 0 0 0 0 0 0 0 0
9.71145e-09 9.52988e-09 7.27398e-09 5.56693e-09 3.53269e-09 4.43375e-09 6.1283e-09 3.42086e-09 2.73435e-09 5.98312e-10 1.71511e-10 1.62167e-10 1.28894e-10 1.85484e-10 1.0825e-09 5.18533e-09 1.33751e-09 6.52424e-09 2.11074e-08 4.30244e-08 3.63085e-07 1.03165e-07 3.88477e-08 7.12534e-08 2.83494e-07 7.65874e-06 7.07564e-06 4.10917e-07 3.81186e-07 3.66381e-07 3.51734e-07 2.2048e-07 1.40532e-07 6.9191e-08 2.89416e-08 2.24388e-08 5.37207e-09 5.01269e-09 2.86095e-09 3.93323e-09 5.99812e-09 1.11363e-08 6.19941e-09 2.20179e-10 3.28252e-09 3.92861e-09 1.45047e-09 3.14673e-10 2.67379e-10 3.70093e-09 1.9086e-08 6.80752e-10 0.000131239 0 0 0 0 0 0 0 0 0 0 0 0 0 0 0 0 0 0 0 0 0 0 0 0
2.60318e-08 1.5296e-08 1.2039e-08 9.72653e-09 7.37175e-09 5.08492e-09 3.88029e-09 2.28639e-09 1.11749e-09 1.22849e-10 3.49974e-11 5.21087e-11 6.33443e-11 3.6372e-11 3.07053e-10 2.96449e-09 3.93156e-09 6.99989e-09 9.55019e-09 4.22982e-08 1.02079e-07 8.89258e-08 4.39427e-08 5.55969e-08 2.35017e-07 4.39787e-06 6.68485e-06 9.43202e-07 5.93538e-07 5.68412e-07 3.02495e-07 1.0228e-07 5.81517e-08 4.48959e-08 1.7954e-08 2.40144e-09 4.81256e-09 5.51758e-09 2.38324e-09 6.40449e-11 1.08856e-11 3.90522e-10 1.68009e-09 5.65556e-10 9.27533e-09 7.36049e-09 1.58969e-08 1.53454e-08 1.51369e-08 2.18827e-08 1.00009e-09 4.94271e-09 0 0 0 0 0 0 0 0 0 0 0 0 0 0 0 0 0 0 0 0 0 0 0 0 0
3.94509e-09 2.92528e-09 2.88996e-09 2.29856e-09 3.30469e-09 3.21491e-09 1.50319e-09 6.433e-10 1.83489e-10 1.32777e-12 6.89022e-13 1.45519e-12 1.18759e-12 4.18789e-12 1.59236e-11 4.78361e-11 1.15782e-10 6.9013e-09 7.10283e-09 4.18211e-08 7.68762e-08 9.24537e-08 1.17803e-07 1.37664e-07 5.70368e-07 1.1656e-05 1.12091e-05 3.57866e-07 1.24549e-07 7.23374e-08 7.23829e-08 9.88317e-08 7.4078e-08 8.08894e-08 1.55092e-08 3.98591e-09 5.44085e-09 8.56791e-09 1.05307e-08 7.72009e-11 1.27745e-10 3.58892e-09 1.06479e-08 1.67052e-08 1.18309e-07 1.2808e-08 0 0 0 0 0 0 0 0 0 0 0 0 0 0 0 0 0 0 0 0 0 0 0 0 0 0 0 0 0 0 0
7.16057e-09 5.81608e-09 4.49677e-09 2.9354e-09 2.01806e-09 1.01197e-09 3.17632e-10 7.78567e-11 1.67292e-11 7.66494e-13 6.7883e-13 1.39497e-12 2.391e-12 5.85979e-12 1.80819e-11 4.52868e-11 1.78635e-10 1.6683e-09 3.52405e-08 5.03432e-08 9.50114e-08 1.90813e-07 4.17677e-07 5.89468e-07 1.267e-06 4.07102e-06 5.04689e-07 7.66393e-08 1.59195e-07 5.02429e-07 4.11329e-07 6.27678e-07 4.71328e-06 1.89327e-07 0 0 0 0 0 0.000105362 3.93315e-06 6.701e-08 3.87591e-08 7.03857e-07 0 0 0 0 0 0 0 0 0 0 0 0 0 0 0 0 0 0 0 0 0 0 0 0 0 0 0 0 0 0 0 0 0
6.36869e-09 5.90199e-09 3.82842e-09 2.00994e-09 1.37335e-09 1.72149e-09 2.05319e-09 1.77644e-09 2.55863e-09 3.53601e-09 4.21275e-09 7.40836e-09 7.23118e-09 4.06542e-09 4.04836e-09 2.00879e-09 6.30119e-10 1.3345e-09 1.53852e-08 2.79202e-07 5.26646e-07 4.06976e-07 4.26288e-07 5.49736e-07 2.41992e-07 0.000627254 0.000313444 1.01024e-06 2.3461e-06 3.19472e-06 9.90195e-07 4.00994e-06 0 0 0 0 0 0 0 0 0 0 0 0 0 0 0 0 0 0 0 0 0 0 0 0 0 0 0 0 0 0 0 0 0 0 0 0 0 0 0 0 0 0 0 0 0
1.89178e-08 2.02312e-08 2.06949e-08 3.4172e-08 2.75888e-08 3.53723e-08 5.2965e-08 5.30557e-08 7.32466e-08 1.08605e-07 8.86663e-08 8.37735e-08 6.12641e-08 3.62829e-08 2.4851e-08 1.77926e-08 6.3274e-09 3.13581e-09 6.66997e-09 1.01324e-08 2.26237e-07 1.15478e-07 1.04495e-07 0.000211512 0 0 0 0 0 0 0 0 0 0 0 0 0 0 0 0 0 0 0 0 0 0 0 0 0 0 0 0 0 0 0 0 0 0 0 0 0 0 0 0 0 0 0 0 0 0 0 0 0 0 0 0 0
1.07685e-07 8.06211e-08 8.1258e-08 6.52664e-08 3.76855e-08 5.58608e-08 4.19205e-08 2.748e-08 2.23992e-08 2.1247e-08 1.03877e-08 6.41891e-09 5.19392e-09 5.16637e-09 4.22278e-09 2.79544e-09 1.79075e-09 9.30213e-10 4.23645e-10 2.78782e-10 5.24899e-08 7.12229e-08 0 0 0 0 0 0 0 0 0 0 0 0 0 0 0 0 0 0 0 0 0 0 0 0 0 0 0 0 0 0 0 0 0 0 0 0 0 0 0 0 0 0 0 0 0 0 0 0 0 0 0 0 0 0 0
1.11811e-07 6.62291e-08 5.2509e-08 5.0956e-08 3.23433e-08 1.51228e-08 1.13864e-08 2.4116e-08 3.51979e-08 6.80122e-08 5.57273e-08 3.00846e-08 1.36009e-08 5.56621e-09 3.01622e-09 1.29678e-09 3.60068e-10 2.70804e-10 9.00122e-11 3.94051e-10 3.65148e-08 7.21699e-05 0 0 0 0 0 0 0 0 0 0 0 0 0 0 0 0 0 0 0 0 0 0 0 0 0 0 0 0 0 0 0 0 0 0 0 0 0 0 0 0 0 0 0 0 0 0 0 0 0 0 0 0 0 0 0
1.24379e-07 1.03035e-07 1.13515e-07 1.62479e-07 1.54224e-07 7.5475e-08 3.43125e-08 3.21442e-08 4.74966e-08 3.43518e-08 2.44508e-08 1.92335e-08 1.86763e-08 2.09986e-08 1.38775e-08 9.90054e-09 4.48482e-09 2.47687e-09 5.29731e-10 1.34369e-10 0.00476667 0 0 0 0 0 0 0 0 0 0 0 0 0 0 0 0 0 0 0 0 0 0 0 0 0 0 0 0 0 0 0 0 0 0 0 0 0 0 0 0 0 0 0 0 0 0 0 0 0 0 0 0 0 0 0 0
2.09183e-09 9.04788e-10 0 0 3.13907e-07 7.07381e-08 6.67775e-08 5.33389e-08 3.7733e-08 4.23809e-08 1.27206e-08 2.10058e-08 1.81812e-08 1.32549e-08 9.72246e-09 5.895e-09 1.50571e-09 1.85971e-09 9.67559e-09 1.39638e-08 1.35693e-05 0 0 0 0 0 0 0 0 0 0 0 0 0 0 0 0 0 0 0 0 0 0 0 0 0 0 0 0 0 0 0 0 0 0 0 0 0 0 0 0 0 0 0 0 0 0 0 0 0 0 0 0 0 0 0 0
0 0 0 0 0 0 0 0 0 1.32763e-06 1.04172e-08 1.00704e-08 7.95617e-09 4.73357e-09 5.46311e-09 2.45757e-09 6.73674e-10 1.22106e-09 1.4916e-08 1.16839e-07 2.16906e-06 0 0 0 0 0 0 0 0 0 0 0 0 0 0 0 0 0 0 0 0 0 0 0 0 0 0 0 0 0 0 0 0 0 0 0 0 0 0 0 0 0 0 0 0 0 0 0 0 0 0 0 0 0 0 0 0
0 0 0 0 0 0 0 0 0 0 0 0 0 0 0 0 3.28647e-10 6.54774e-10 2.08239e-08 7.64545e-08 9.4718e-06 0 0 0 0 0 0 0 0 0 0 0 0 0 0 0 0 0 0 0 0 0 0 0 0 0 0 0 0 0 0 0 0 0 0 0 0 0 0 0 0 0 0 0 0 0 0 0 0 0 0 0 0 0 0 0 0
0 0 0 0 0 0 0 0 0 0 0 0 0 0 0 0 0 0 2.01995e-08 5.16605e-08 1.09249e-06 0 0 0 0 0 0 0 0 0 0 0 0 0 0 0 0 0 0 0 0 0 0 0 0 0 0 0 0 0 0 0 0 0 0 0 0 0 0 0 0 0 0 0 0 0 0 0 0 0 0 0 0 0 0 0 0
0 0 0 0 0 0 0 0 0 0 0 0 0 0 0 0 0 0 0 1.38343e-07 8.7941e-05 0 0 0 0 0 0 0 0 0 0 0 0 0 0 0 0 0 0 0 0 0 0 0 0 0 0 0 0 0 0 0 0 0 0 0 0 0 0 0 0 0 0 0 0 0 0 0 0 0 0 0 0 0 0 0 0
