Outputs/initial_cond/5_metri/hsd_ev.asc
ncols 286
nrows 262
xllcorner 528670
yllcorner 5.07688e+06
cellsize 35
NODATA_value -9999
[rows 136 to 169 of 262, columns 77 to 153 of 286]
0 0 0 0 0 0 0 0 0 0 0 0 0 0 0 0 0 0 0 0 0 0 0 0 0 0 0 0 0 0 0 0 0 0 0 0 0 0 0 2.01346e-08 5.50864e-09 5.91201e-09 9.13861e-09 1.45297e-08 4.59023e-08 2.26624e-08 5.51593e-10 9.44452e-11 7.92494e-11 1.8066e-10 0.000367333 3.80374e-08 2.52365e-09 1.18935e-09 2.51103e-10 1.4895e-10 1.85728e-10 2.39174e-11 4.21889e-11 5.45644e-11 2.80522e-11 9.19939e-12 7.33984e-13 1.76935e-11 4.09896e-11 1.79749e-10 5.64302e-10 2.52594e-10 9.80396e-13 1.03232e-11 6.95661e-12 4.46799e-11 5.55325e-10 6.88e-10 6.42366e-10 3.03147e-09 2.5482e-07
0 0 0 0 0 0 0 0 0 0 0 0 0 0 0 0 0 0 0 0 0 0 0 0 0 0 0 0 0 0 0 0 0 0 0 0 0 0 0 0 1.50788e-08 2.51622e-09 6.92927e-09 9.48259e-09 3.45865e-08 1.23568e-08 2.59193e-10 8.88806e-11 1.81389e-10 1.61146e-10 9.87267e-07 7.31812e-06 3.38838e-09 1.13508e-09 5.81233e-10 4.73892e-10 3.80532e-10 5.85533e-11 1.11479e-10 1.27962e-10 1.07292e-10 8.93045e-11 1.36176e-10 1.23932e-09 1.1477e-09 1.53856e-09 1.87492e-09 5.76607e-10 1.87642e-12 4.24592e-12 7.69537e-11 2.45609e-10 1.9712e-09 9.24409e-10 6.17565e-10 4.16039e-08 1.38459e-07
0 0 0 0 0 0 0 0 0 0 0 0 0 0 0 0 0 0 0 0 0 0 0 0 0 0 0 0 0 0 0 0 0 0 0 0 0 0 0 0 1.02809e-08 3.23975e-09 7.9834e-09 6.33309e-09 3.93291e-08 1.06737e-08 3.80623e-10 2.04773e-10 1.50412e-10 1.21242e-10 1.41355e-09 0.000573805 1.63783e-08 1.48064e-09 1.47042e-09 1.41913e-09 1.2936e-09 1.08173e-09 1.73763e-09 5.14163e-09 2.30739e-08 1.04838e-07 2.20458e-08 3.08565e-08 4.52441e-08 1.32894e-08 9.93239e-09 1.96818e-09 3.23736e-10 1.33484e-10 2.02618e-10 1.43405e-10 5.593e-10 4.85228e-10 1.29268e-08 4.83407e-07 8.38419e-09
0 0 0 0 0 0 0 0 0 0 0 0 0 0 0 0 0 0 0 0 0 0 0 0 0 0 0 0 0 0 0 0 0 0 0 0 0 0 0 0 0 7.07161e-09 7.49047e-09 5.73543e-09 5.2046e-08 1.75402e-08 1.26462e-09 7.95479e-10 1.23159e-09 2.4581e-09 4.76116e-09 1.12455e-06 1.22351e-06 1.50348e-08 1.41211e-08 1.81948e-08 2.36885e-08 3.03434e-08 5.25325e-08 6.41655e-08 4.6974e-08 3.39125e-08 2.64133e-08 3.99539e-08 9.01365e-08 3.96842e-08 1.67151e-08 6.02231e-09 1.03751e-09 2.85162e-10 9.39426e-11 4.04885e-11 9.57098e-10 2.61554e-08 1.02208e-06 6.52108e-08 1.97999e-10
0 0 0 0 0 0 0 0 0 0 0 0 0 0 0 0 0 0 0 0 0 0 0 0 0 0 0 0 0 0 0 0 0 0 0 0 0 0 0 0 0 0 6.48361e-09 5.9301e-09 4.18884e-08 9.43608e-09 7.24595e-10 2.69222e-10 6.26037e-10 1.95301e-09 1.6753e-09 9.38656e-09 0.00133459 1.03899e-07 5.372e-08 5.04789e-08 6.59671e-08 6.33279e-08 7.11832e-08 1.69139e-07 2.83839e-07 3.96129e-08 1.84319e-08 3.00551e-08 7.35121e-08 4.83653e-08 1.76677e-08 5.19904e-09 2.41787e-09 1.05146e-09 1.35244e-10 5.505e-11 1.35557e-09 1.45851e-07 7.9969e-08 9.63851e-10 4.823e-11
0 0 0 0 0 0 0 0 0 0 0 0 0 0 0 0 0 0 0 0 0 0 0 0 0 0 0 0 0 0 0 0 0 0 0 0 0 0 0 0 0 0 2.77705e-09 6.36934e-09 2.83899e-08 3.79426e-09 1.20149e-09 9.79781e-10 1.68888e-09 2.36701e-09 4.54332e-09 8.6029e-09 7.04929e-07 3.09079e-06 5.77705e-08 3.23784e-08 3.84932e-08 2.21782e-08 8.5767e-09 7.16083e-09 7.63774e-08 5.42775e-08 1.96472e-08 3.46346e-08 6.32832e-08 4.16586e-08 2.12192e-08 5.44303e-09 3.30074e-09 3.92704e-09 3.913e-09 2.79012e-09 1.69102e-08 1.1815e-07 2.70126e-09 1.58192e-10 4.53187e-11
0 0 0 0 0 0 0 0 0 0 0 0 0 0 0 0 0 0 0 0 0 0 0 0 0 0 0 0 0 0 0 0 0 0 0 0 0 0 0 0 0 0 0 5.88303e-09 2.11756e-08 2.53648e-09 1.82785e-09 2.61645e-09 4.07894e-09 6.92205e-09 5.46097e-09 3.8892e-09 1.35295e-08 0.00065856 1.03917e-07 2.07117e-08 1.65888e-08 1.36194e-08 5.33136e-09 5.02095e-09 2.25023e-08 4.21477e-08 4.53099e-08 8.57711e-08 7.89487e-08 4.21135e-08 2.45919e-08 5.70818e-09 5.20594e-09 3.22148e-08 1.39312e-07 1.02459e-07 1.18196e-07 7.2985e-08 2.37621e-09 8.3428e-10 3.09366e-10
0 0 0 0 0 0 0 0 0 0 0 0 0 0 0 0 0 0 0 0 0 0 0 0 0 0 0 0 0 0 0 0 0 0 0 0 0 0 0 0 0 0 0 4.17031e-09 1.81262e-08 2.90549e-09 2.96825e-09 7.14495e-09 1.03449e-08 1.18212e-08 7.07821e-09 9.52652e-09 1.73744e-08 1.14904e-06 2.00889e-06 7.21512e-09 3.56583e-09 6.16896e-09 5.34339e-09 8.35507e-09 1.81938e-08 8.17921e-08 2.33275e-07 1.67286e-07 8.63438e-08 4.25799e-08 2.7049e-08 5.52659e-09 6.82445e-09 1.68694e-07 4.39057e-07 6.54117e-08 2.65905e-08 1.42704e-08 7.8827e-10 2.56847e-10 1.40985e-10
0 0 0 0 0 0 0 0 0 0 0 0 0 0 0 0 0 0 0 0 0 0 0 0 0 0 0 0 0 0 0 0 0 0 0 0 0 0 0 0 0 0 0 1.44189e-09 9.90133e-09 6.16648e-09 1.34991e-08 2.10612e-08 8.75657e-09 3.21716e-09 4.12608e-09 3.31053e-09 3.49761e-09 1.21151e-08 1.15594e-05 3.07319e-09 3.1478e-09 4.66311e-09 5.49285e-09 1.06639e-08 1.87563e-08 4.6126e-08 2.82774e-07 1.94864e-07 8.0269e-08 3.84171e-08 1.43945e-08 2.91971e-08 7.81076e-08 7.65296e-07 1.50025e-07 3.83676e-09 5.9571e-10 1.03323e-09 1.52288e-10 2.47403e-11 1.79354e-11
0 0 0 0 0 0 0 0 0 0 0 0 0 0 0 0 0 0 0 0 0 0 0 0 0 0 0 0 0 0 0 0 0 0 0 0 0 0 0 0 0 0 0 0 1.04246e-08 3.23926e-08 8.98066e-09 1.45989e-09 6.97508e-10 5.37341e-10 2.10284e-10 3.29159e-10 7.80978e-10 1.78359e-09 4.63634e-05 3.15982e-06 7.96579e-09 7.6608e-09 6.65155e-09 1.00349e-08 1.87891e-08 6.85688e-08 1.29962e-07 1.09593e-07 6.41424e-08 3.88897e-08 5.27932e-08 1.63417e-07 5.21671e-07 6.21428e-07 1.6953e-08 8.12771e-10 8.99249e-11 8.30392e-11 3.66665e-11 1.97136e-11 6.02187e-11
0 0 0 0 0 0 0 0 0 0 0 0 0 0 0 0 0 0 0 0 0 0 0 0 0 0 0 0 0 0 0 0 0 0 0 0 0 0 0 0 0 0 0 0 2.69514e-09 6.63384e-09 2.28079e-09 4.56293e-09 8.84281e-10 1.24558e-09 2.91548e-10 2.33216e-10 5.13106e-10 1.8102e-09 8.88475e-08 0.00301765 8.45147e-06 1.59744e-08 6.7213e-09 8.7938e-09 2.73788e-08 8.50461e-08 9.10185e-08 4.91055e-08 6.33878e-08 8.54915e-08 2.10373e-07 3.23047e-07 1.21792e-07 7.93686e-09 3.10359e-10 1.96154e-10 1.44039e-10 5.75538e-11 7.89295e-11 1.58611e-10 8.45739e-09
0 0 0 0 0 0 0 0 0 0 0 0 0 0 0 0 0 0 0 0 0 0 0 0 0 0 0 0 0 0 0 0 0 0 0 0 0 0 0 0 0 0 0 0 4.7034e-09 1.06314e-08 3.73984e-09 9.0335e-10 5.26474e-10 3.10863e-10 8.54447e-11 1.26037e-10 4.33508e-10 2.89875e-09 1.8249e-08 2.45157e-08 1.5405e-06 6.79432e-08 3.96843e-09 9.07745e-09 6.5896e-08 9.56108e-08 6.31789e-08 3.90336e-08 7.5942e-08 2.50659e-07 4.45432e-07 4.40126e-08 2.76339e-09 2.90481e-09 1.61208e-09 1.25703e-09 8.42324e-10 6.30472e-10 1.04715e-09 5.21301e-09 2.50769e-08
0 0 0 0 0 0 0 0 0 0 0 0 0 0 0 0 0 0 0 0 0 0 0 0 0 0 0 0 0 0 0 0 0 0 0 0 0 0 0 0 0 0 0 1.19221e-08 6.7196e-09 1.28717e-08 3.76212e-09 7.95577e-10 6.82162e-10 5.66493e-10 1.15782e-10 7.2135e-11 1.10672e-10 1.31912e-10 1.45853e-10 2.76648e-09 1.69232e-06 1.09175e-08 4.88293e-09 1.65222e-08 1.06961e-07 9.81055e-08 5.69932e-08 5.29366e-08 1.34055e-07 6.37484e-07 8.0963e-07 3.25055e-09 7.48861e-09 1.11396e-08 6.70064e-09 3.97953e-09 8.34829e-10 5.62926e-10 2.75203e-10 3.15006e-09 5.87299e-08
0 0 0 0 0 0 0 0 0 0 0 0 0 0 0 0 0 0 0 0 0 0 0 0 0 0 0 0 0 0 0 0 0 0 0 0 0 0 0 0 0 0 2.00216e-10 1.47043e-08 2.57311e-08 2.40771e-08 7.65486e-09 9.41753e-10 1.09097e-09 6.66494e-10 2.14001e-10 1.18525e-10 1.03899e-10 3.54303e-10 1.01864e-09 7.9191e-08 2.57485e-06 5.0177e-09 8.50339e-09 3.55336e-08 8.69627e-08 8.49415e-08 5.36496e-08 7.06424e-08 2.02524e-07 1.76112e-06 4.68006e-07 8.05846e-10 1.40426e-09 7.73497e-10 6.54842e-10 6.01044e-10 3.34558e-10 8.71991e-11 6.94937e-10 5.13502e-09 1.0173e-07
0 0 0 0 0 0 0 0 0 0 0 0 0 0 0 0 0 0 0 0 0 0 0 0 0 0 0 0 0 0 0 0 0 0 0 0 0 0 0 4.96403e-09 6.27899e-10 4.87835e-09 2.85167e-10 7.93437e-10 6.54697e-08 6.59189e-08 2.39061e-08 2.93634e-09 3.1183e-09 6.81779e-10 3.13957e-10 1.24101e-10 7.99645e-11 4.48722e-10 1.44891e-09 5.18325e-09 2.62467e-06 5.10352e-09 1.18314e-08 4.37357e-08 9.39779e-08 6.09333e-08 7.66455e-08 2.37627e-07 1.02212e-06 1.80979e-06 2.05002e-08 1.98332e-09 2.93972e-09 4.13215e-09 6.96388e-09 5.67033e-09 3.53321e-09 5.40623e-09 2.85811e-09 1.80647e-08 6.8866e-07
0 0 0 0 0 0 0 0 0 0 0 0 0 0 0 0 0 0 0 0 0 0 0 0 0 0 0 0 0 0 0 0 0 7.73236e-09 1.33384e-09 3.07031e-09 3.46588e-09 7.76425e-09 8.01793e-09 1.15305e-08 2.91839e-09 3.27777e-09 1.67446e-10 5.1575e-11 3.30347e-09 5.73034e-08 9.58009e-08 1.33407e-08 3.48808e-09 1.40933e-09 5.79738e-10 1.03143e-09 1.95042e-09 2.24658e-09 4.76676e-09 1.03925e-08 4.26759e-06 7.38163e-09 2.38961e-08 8.90086e-08 8.23313e-08 1.04364e-07 9.56819e-08 3.26838e-07 2.16082e-06 6.37092e-08 5.82399e-09 2.61693e-09 3.98403e-09 4.44592e-09 3.66449e-09 3.44399e-09 5.76666e-09 2.30015e-09 4.28213e-09 2.34135e-07 6.11028e-07
0 0 0 0 0 0 0 0 0 0 0 0 0 0 0 0 0 0 0 0 0 0 0 0 0 0 0 0 0 0 7.89246e-09 9.02173e-09 2.61907e-08 1.68435e-08 2.82721e-09 1.28779e-08 5.84642e-09 1.57925e-08 1.95383e-08 1.95852e-08 5.31213e-09 7.08982e-09 7.15609e-10 3.39757e-10 8.34255e-10 1.09196e-08 9.28915e-08 1.90629e-07 1.54173e-08 2.84699e-09 1.48469e-09 1.65121e-09 4.40249e-09 6.42679e-09 2.10973e-08 3.33817e-07 6.04859e-06 1.3262e-08 3.96609e-08 1.66911e-07 1.44803e-07 5.85866e-08 7.58337e-08 8.45684e-07 8.64024e-07 3.70827e-09 2.36033e-09 1.07418e-09 1.01744e-09 1.09338e-09 1.15053e-09 1.31058e-09 2.60513e-10 1.03162e-09 7.48989e-09 5.03733e-07 1.70625e-08
0 0 0 0 0 0 0 0 0 0 0 0 0 0 0 0 0 0 0 0 0 0 0 0 0 0 0 0 0 8.46494e-09 1.09477e-08 2.10031e-08 1.42498e-08 1.97918e-08 3.76644e-09 2.0867e-08 1.66792e-08 2.35239e-08 2.89453e-08 2.79602e-08 8.78659e-09 6.4228e-09 3.05989e-09 1.21361e-09 1.79695e-09 7.05691e-09 4.97905e-09 4.46761e-08 5.02384e-08 1.36882e-08 5.1944e-09 2.79154e-09 6.06951e-09 1.37407e-08 5.06119e-08 2.15941e-06 3.39906e-06 1.50416e-08 5.30834e-08 1.26224e-07 5.80006e-08 3.5368e-08 1.42765e-07 1.44773e-06 2.10137e-07 2.17606e-09 2.56041e-09 4.8489e-09 2.1193e-09 1.8319e-09 3.10301e-09 1.41193e-09 5.66695e-10 9.71054e-10 1.27617e-07 3.74862e-07 6.32016e-10
0 0 0 0 0 0 0 0 0 0 0 0 0 0 0 0 0 0 0 0 0 0 0 0 0 0 0 0 5.91111e-09 2.49984e-08 1.3248e-08 4.93756e-08 3.16797e-08 3.78146e-08 7.37547e-09 3.51769e-08 3.24127e-08 2.97022e-08 4.4166e-08 3.72736e-08 1.81516e-08 7.82334e-09 5.1915e-09 3.12083e-09 1.62497e-09 4.35559e-09 2.78174e-09 1.64623e-08 6.16126e-08 5.97513e-08 1.77686e-08 4.83248e-09 6.07321e-09 2.44075e-08 2.65879e-07 2.29186e-06 8.70567e-07 4.83073e-08 7.99936e-08 4.7071e-08 1.68358e-08 2.93105e-08 7.53905e-07 1.38382e-06 3.53277e-08 8.34832e-10 4.95195e-10 4.46096e-10 2.09835e-10 8.78756e-11 1.10559e-09 1.75071e-09 6.90635e-09 2.33807e-09 1.84824e-06 5.32927e-08 4.14459e-10
0 0 0 0 0 0 0 0 0 0 0 0 0 0 0 0 0 0 0 0 0 0 0 0 0 0 0 0 1.27446e-08 3.17814e-08 1.26992e-08 5.99803e-08 3.46014e-08 4.45743e-08 1.3814e-08 6.53536e-08 3.11553e-08 5.39261e-08 3.85473e-08 3.75588e-08 2.69558e-08 1.63575e-08 8.13016e-09 3.97529e-09 1.15485e-09 1.27759e-09 3.09942e-09 2.56811e-08 5.16796e-08 6.01031e-08 3.95093e-08 2.05479e-08 9.93885e-09 9.24289e-09 2.39432e-06 1.23914e-06 3.33302e-07 7.27561e-08 3.72898e-08 2.3295e-08 2.56424e-08 3.91268e-08 1.25723e-06 5.27668e-07 9.97144e-09 5.26142e-10 3.94367e-10 8.57904e-11 5.2519e-11 3.08016e-10 1.62517e-09 3.35784e-09 1.53803e-08 1.46691e-07 1.5829e-07 7.04493e-09 8.53411e-10
0 0 0 0 0 0 0 0 0 0 0 0 0 0 0 0 0 0 0 0 0 0 0 0 0 0 0 1.95489e-09 2.21533e-08 3.41884e-08 2.60975e-08 7.39923e-08 3.95072e-08 2.74588e-08 3.2467e-08 9.3876e-08 2.81489e-08 7.44659e-08 4.51993e-08 3.43236e-08 1.82804e-08 2.4009e-08 1.16634e-08 6.31142e-09 1.4477e-09 1.0932e-09 4.59523e-09 2.85396e-08 6.71278e-08 5.15116e-08 1.72922e-08 2.99512e-08 2.22114e-08 1.2018e-08 2.56441e-08 5.17147e-06 2.69807e-07 6.11369e-08 2.61914e-08 7.72624e-09 1.69337e-08 5.24135e-07 1.02258e-05 1.87649e-07 2.81912e-09 5.00784e-10 3.05388e-10 1.97929e-10 1.89855e-10 2.69006e-10 3.50052e-09 6.32149e-09 4.20477e-08 2.09539e-07 4.89901e-08 6.59845e-09 1.46897e-09
0 0 0 0 0 0 0 0 0 0 0 0 0 0 0 0 0 0 0 0 0 0 0 0 0 0 0 3.9113e-09 3.12098e-08 3.53117e-08 4.53744e-08 9.32431e-08 5.0902e-08 3.34829e-08 5.59845e-08 1.02082e-07 4.19251e-08 7.91678e-08 3.88248e-08 3.6743e-08 1.17235e-08 2.12995e-08 1.42182e-08 9.94623e-09 4.91576e-09 3.87079e-09 1.35822e-08 3.74405e-08 9.28693e-08 4.76871e-08 1.5727e-08 6.65281e-09 1.49716e-08 1.0743e-08 9.39604e-09 8.19044e-05 8.78691e-07 2.8846e-07 1.65276e-07 1.43018e-07 2.40449e-07 7.08534e-06 1.7725e-07 1.34324e-06 2.34842e-06 1.64207e-06 3.96159e-09 7.73483e-10 1.5287e-10 2.04799e-10 2.93737e-09 5.86881e-06 0.0329287 1.07357e-05 6.62115e-06 1.25867e-05 2.12783e-05
0 0 0 0 0 0 0 0 0 0 0 0 0 0 0 0 0 0 0 0 0 0 0 0 0 0 0 7.84273e-09 4.26795e-08 2.4951e-08 4.05649e-08 8.86612e-08 3.94269e-08 4.10478e-08 8.37387e-08 9.53103e-08 6.91482e-08 2.66067e-08 1.92382e-08 2.47678e-08 1.03828e-08 1.80786e-08 1.49646e-08 9.80108e-09 1.25085e-08 9.9347e-09 1.34421e-08 3.9408e-08 2.23712e-07 1.25778e-07 1.74292e-08 3.15932e-09 2.79047e-09 7.6624e-09 4.42142e-09 2.90193e-06 3.8884e-05 1.11298e-07 6.21825e-08 3.73749e-08 1.96825e-09 3.7003e-09 9.28537e-08 2.57744e-05 1.29634e-06 1.02291e-06 0.00421443 0.203707 1.20623e-10 2.30557e-10 6.3801e-09 0.011521 4.37373e-11 2.52061e-12 2.33859e-11 2.80413e-12 2.89783e-10
0 0 0 0 0 0 0 0 0 0 0 0 0 0 0 0 0 0 0 0 0 0 0 0 0 0 0 1.29254e-08 6.57635e-08 3.52287e-08 6.24835e-08 8.35087e-08 4.86062e-08 3.24676e-08 9.26977e-08 3.81897e-08 6.53774e-08 3.12502e-08 1.74752e-08 1.69445e-08 1.68603e-08 2.07608e-08 1.66002e-08 8.50056e-09 1.79466e-08 1.56726e-08 6.442e-09 1.01222e-08 9.4292e-08 4.93708e-07 2.58582e-08 2.92655e-09 5.838e-10 1.62866e-09 2.47236e-09 1.29008e-06 0.0103153 1.10525e-09 1.88727e-09 1.97064e-09 1.33341e-09 8.71111e-10 4.31078e-06 3.47176e-06 2.1789e-11 1.80969e-12 8.96035e-12 4.79835e-06 0.0857505 1.02284e-05 0.00010032 4.5914e-06 5.02929e-13 5.81561e-16 7.14183e-15 2.80232e-14 2.02456e-13
0 0 0 0 0 0 0 0 0 0 0 0 0 0 0 0 0 0 0 0 0 0 0 0 0 0 0 2.98793e-08 7.63429e-08 3.00222e-08 4.48291e-08 3.80484e-08 1.47636e-08 5.20882e-08 1.08578e-07 3.47894e-08 3.23552e-08 4.54875e-08 5.27617e-08 3.59147e-08 4.23051e-08 3.24565e-08 4.02928e-08 9.27192e-09 1.02599e-08 3.05352e-08 1.04213e-08 3.55977e-09 1.62749e-08 3.07095e-07 1.50029e-07 2.28078e-09 3.64922e-10 1.66657e-10 6.52078e-10 8.05037e-06 1.42053e-05 1.3747e-10 5.58698e-10 1.73191e-09 5.56863e-11 5.8799e-06 3.64113e-05 2.25847e-07 7.81212e-11 2.35158e-11 1.96662e-11 1.6636e-13 2.10411e-13 1.12972e-10 2.50685e-09 9.2847e-10 4.66692e-12 1.63849e-17 3.47628e-17 1.49888e-14 1.67471e-13
0 0 0 0 0 0 0 0 0 0 0 0 0 0 0 0 0 0 0 0 0 0 0 0 0 0 0 3.50771e-08 5.71444e-08 1.14118e-08 2.58762e-08 1.7843e-08 1.44205e-08 1.00065e-07 1.35005e-07 3.78177e-08 2.47797e-08 2.99175e-08 1.06532e-07 8.68837e-08 4.55283e-08 4.57058e-08 4.62825e-08 1.42768e-08 7.98937e-09 2.40675e-08 3.78575e-08 5.99381e-09 4.62225e-09 9.97818e-08 2.07019e-07 3.03891e-09 4.50851e-10 5.63026e-11 1.71004e-10 5.07091e-06 4.81552e-07 1.91563e-11 4.16798e-10 1.25351e-09 7.24821e-05 3.70678e-05 7.29704e-10 5.34009e-11 3.66626e-12 1.85588e-12 1.22694e-12 4.47111e-15 1.58146e-13 1.69559e-12 5.83594e-11 9.51065e-10 8.83528e-10 6.43768e-15 1.28955e-14 2.21532e-14 8.08356e-14
0 0 0 0 0 0 0 0 0 0 0 0 0 0 0 0 0 0 0 0 0 0 0 0 0 0 0 1.34834e-08 8.38981e-08 2.76838e-08 1.75387e-08 1.5299e-08 3.9623e-08 8.13904e-08 2.1498e-07 3.0332e-08 1.67435e-08 1.69429e-08 5.79161e-08 1.30769e-07 4.20176e-08 4.67069e-08 8.47493e-08 5.44028e-08 1.7429e-08 9.06159e-09 3.1002e-08 2.06859e-08 6.16548e-09 3.53999e-08 3.42338e-07 4.91526e-08 2.37159e-09 1.07683e-10 4.74186e-10 8.15543e-05 2.1893e-06 2.41762e-06 9.61336e-06 0.0329835 1.85857e-05 6.21424e-09 2.50307e-09 2.64492e-10 2.70815e-12 9.35688e-13 3.91101e-13 3.22638e-13 2.84047e-13 1.11778e-12 4.33263e-12 7.03446e-11 7.86101e-10 3.98341e-10 5.93506e-11 1.70271e-11 1.39481e-11
0 0 0 0 0 0 0 0 0 0 0 0 0 0 0 0 0 0 0 0 0 0 0 0 0 0 0 8.91133e-10 1.63793e-08 3.53524e-08 1.74863e-08 1.77242e-08 7.08335e-08 4.61076e-08 1.72522e-07 3.37667e-08 2.41394e-08 1.69834e-08 2.62343e-08 1.60542e-07 7.66961e-08 6.45827e-08 3.68857e-08 4.40925e-08 4.56791e-08 1.07871e-08 1.39174e-08 3.496e-08 1.27654e-08 2.22674e-08 3.40677e-07 1.61096e-07 2.51555e-09 1.70077e-09 0.0157122 3.2112e-05 1.36985e-05 4.3904e-05 1.9023e-05 2.90016e-08 6.42915e-09 6.95921e-09 5.91179e-09 1.29051e-09 1.66817e-11 7.85335e-12 2.70092e-12 2.95486e-12 1.25047e-12 3.28412e-12 7.24216e-12 2.00102e-11 1.00796e-10 2.61473e-10 4.92773e-10 1.30964e-10 6.65368e-11
0 0 0 0 0 0 0 0 0 0 0 0 0 0 0 0 0 0 0 0 0 0 0 0 0 0 1.16241e-08 5.0351e-10 4.3544e-09 2.20132e-08 3.12862e-08 5.43956e-08 1.40621e-07 5.49175e-08 3.89342e-07 3.76502e-08 1.76279e-08 2.8133e-08 3.75458e-08 2.12132e-07 1.23194e-07 3.83932e-08 1.28866e-08 1.05252e-08 4.47086e-08 2.71176e-08 1.07967e-08 2.10035e-08 1.95437e-08 1.71183e-08 2.91742e-07 2.78561e-07 6.72373e-05 0.0195887 3.14179e-05 1.45544e-08 1.1497e-08 2.41932e-08 1.28633e-08 4.91103e-09 5.12573e-09 7.15821e-09 8.38586e-09 6.63303e-09 2.66864e-09 1.20444e-10 7.58795e-12 4.78515e-12 2.95411e-12 8.30555e-12 1.65326e-11 2.87454e-11 3.26812e-11 4.56965e-11 6.15355e-11 1.54346e-10 2.142e-10
0 0 0 0 0 0 0 0 0 0 0 0 0 0 0 0 0 0 0 0 0 0 0 0 4.63543e-09 5.00923e-09 1.7797e-08 6.37515e-10 1.94512e-09 2.00864e-08 6.58961e-08 1.85445e-07 6.07266e-08 4.25972e-08 9.65079e-07 6.52887e-08 7.1825e-09 8.49023e-09 2.76898e-08 2.182e-07 2.56075e-07 5.18872e-08 1.205e-08 4.06633e-09 1.57295e-08 3.08997e-08 1.26115e-08 8.85331e-09 1.75679e-08 4.22965e-08 4.1716e-07 0.000113676 0.000445984 1.13591e-07 7.94009e-08 8.8625e-08 3.39914e-08 3.02419e-08 2.15475e-08 1.5071e-08 1.84104e-08 1.36485e-08 1.43429e-08 1.17903e-08 1.35572e-08 1.51642e-09 5.13787e-10 6.56331e-11 1.10788e-11 5.34467e-11 2.75255e-11 2.77097e-11 3.43881e-11 3.53018e-11 2.17966e-11 3.81168e-11 1.06541e-10
0 0 0 0 0 0 0 0 0 0 0 0 0 0 0 0 0 0 0 0 0 0 3.40525e-07 1.04264e-08 5.31496e-09 8.37853e-09 2.3421e-08 1.40146e-09 1.24602e-09 1.23525e-08 1.07812e-07 1.40991e-06 2.07572e-08 2.02803e-08 9.01136e-07 2.33241e-07 1.6693e-09 7.20083e-10 8.14831e-10 3.8227e-08 9.66133e-07 3.47341e-08 1.06438e-08 2.56725e-09 6.21157e-09 2.11831e-08 1.65119e-08 1.11573e-08 3.9998e-08 1.05138e-07 9.36539e-05 0.0333881 1.11522e-08 6.22794e-09 7.36896e-09 5.09773e-08 8.48763e-08 7.41434e-08 1.07606e-07 7.80988e-08 1.93216e-08 1.13521e-08 1.53183e-08 2.0825e-08 6.55091e-09 9.69669e-10 7.20251e-10 4.16661e-10 2.4548e-10 8.45922e-10 3.55331e-10 1.98449e-10 2.23326e-10 1.63445e-10 7.00569e-11 5.15249e-11 6.34836e-11
0 0 0 0 0 0 0 0 0 0 0 0 0 0 0 3.02764e-07 4.51309e-07 2.25444e-07 7.55496e-08 6.76526e-08 3.41764e-07 2.95668e-06 5.44435e-05 0.000127233 1.27771e-07 2.23312e-08 2.58199e-08 3.40957e-09 2.16207e-09 6.72573e-09 2.81209e-07 1.53386e-07 7.23964e-09 9.65979e-09 4.70253e-07 4.62048e-07 1.56799e-08 1.31746e-09 1.15508e-09 7.87633e-10 4.00326e-07 3.0994e-07 2.01673e-08 2.7011e-09 4.30148e-09 7.52548e-09 8.13248e-09 9.82436e-09 1.25108e-07 6.08757e-07 0.000772196 4.64566e-09 2.30745e-10 1.05154e-10 1.34055e-10 1.75457e-09 9.31582e-09 1.62466e-08 3.56247e-08 5.17304e-08 6.94077e-08 2.06405e-08 3.01155e-08 8.92479e-09 3.19181e-09 5.48986e-10 1.72202e-10 7.99268e-11 2.08234e-10 5.28371e-10 1.16216e-09 6.2987e-10 2.49819e-10 5.70597e-10 3.50036e-10 2.15073e-10 4.32058e-10
0 0 0 0 0 0 0 0 0 0 0 0 3.34733e-08 1.78181e-07 5.35069e-07 7.02681e-07 4.32026e-07 1.22156e-07 1.60194e-07 6.04669e-08 5.84933e-08 2.6014e-07 3.34036e-06 4.40597e-05 0.000728514 5.68893e-05 1.32571e-07 1.91373e-08 9.68566e-09 1.57562e-08 5.29047e-07 1.54643e-07 2.63137e-09 4.09668e-09 1.88063e-07 3.36336e-07 1.39156e-07 6.50307e-09 9.37966e-10 6.92383e-10 2.90582e-08 5.33111e-07 2.69111e-07 4.884e-09 3.74529e-09 2.4444e-09 1.30178e-09 7.7764e-10 5.94754e-08 0.00015025 0.000321679 6.31416e-10 1.63592e-10 8.9466e-11 6.3404e-11 3.84192e-10 2.08772e-09 2.91309e-09 2.68933e-09 5.26342e-09 2.18967e-08 5.90974e-08 3.78247e-08 5.8675e-09 4.31884e-09 2.27658e-09 3.68603e-10 1.85595e-10 3.21464e-10 8.94772e-10 1.45282e-09 2.13857e-09 1.34653e-09 8.00167e-10 4.9975e-10 3.95528e-10 6.90752e-10
0 0 0 0 0 0 0 0 0 0 0 3.44649e-08 1.79045e-07 3.48691e-07 9.98639e-07 1.39541e-06 4.49362e-07 1.50557e-07 1.37465e-07 3.65058e-08 1.52299e-08 1.43568e-08 7.51445e-08 7.8508e-07 3.7523e-05 4.62725e-06 4.57197e-07 2.13704e-07 1.13243e-07 8.54726e-08 3.63837e-06 5.0122e-07 2.42061e-09 3.56535e-09 1.24628e-07 1.47913e-07 2.40684e-07 3.53737e-08 3.68742e-09 1.48853e-09 6.70758e-09 7.0477e-08 8.38091e-07 3.9346e-07 1.00655e-08 5.2085e-09 2.99047e-09 1.31537e-09 7.68094e-08 0.0199042 1.54378e-08 7.39498e-10 2.64734e-10 2.48507e-10 2.08079e-10 2.52752e-10 2.64104e-09 2.95968e-09 1.41458e-09 2.33815e-09 3.74815e-09 1.0256e-08 4.18172e-08 1.85509e-08 6.67669e-09 4.13865e-09 6.48251e-10 1.5786e-10 3.60554e-10 1.10074e-09 1.33125e-09 1.60375e-09 1.09201e-09 2.09572e-09 6.24792e-10 3.93444e-10 6.70914e-10
