Outputs/initial_cond/5_metri/hsd_ev.asc
ncols 286
nrows 262
xllcorner 528670
yllcorner 5.07688e+06
cellsize 35
NODATA_value -9999
[rows 68 to 101 of 262, columns 154 to 230 of 286]
4.50991e-10 9.96479e-11 1.66514e-10 4.67127e-10 4.68642e-10 7.55596e-10 2.57785e-09 5.48129e-09 3.46501e-09 2.63269e-09 2.79783e-09 5.85537e-09 1.33423e-08 2.21179e-08 3.90215e-08 0 0 0 0 0 0 0 0 0 0 0 0 0 0 0 0 0 0 0 0 0 0 0 0 0 0 0 0 0 0 0 0 0 0 0 0 0 0 0 0 0 0 0 0 0 0 0 0 0 0 0 0 0 0 0 0 0 0 0 0 0 0
1.55211e-09 9.13814e-10 4.84711e-10 8.7417e-10 9.05872e-10 8.07172e-10 1.0319e-09 1.99899e-09 2.67334e-09 2.81788e-09 2.67248e-09 4.317e-09 8.66279e-09 1.2963e-08 2.61478e-08 5.47978e-08 0 0 0 0 0 0 0 0 0 0 0 0 0 0 0 0 0 0 0 0 0 0 0 0 0 0 0 0 0 0 0 0 0 0 0 0 0 0 0 0 0 0 0 0 0 0 0 0 0 0 0 0 0 0 0 0 0 0 0 0 0
3.12534e-09 4.26637e-09 4.40959e-09 3.9996e-09 4.96605e-09 3.55404e-09 3.76673e-09 2.18295e-09 1.67861e-09 1.59398e-09 2.26688e-09 3.9117e-09 5.16929e-09 6.58014e-09 1.24275e-08 2.45001e-08 9.1768e-08 0 0 0 0 0 0 0 0 0 0 0 0 0 0 0 0 0 0 0 0 0 0 0 0 0 0 0 0 0 0 0 0 0 0 0 0 0 0 0 0 0 0 0 0 0 0 0 0 0 0 0 0 0 0 0 0 0 0 0 0
1.30332e-09 9.40295e-10 1.3489e-09 2.16188e-09 1.58156e-09 2.05505e-09 6.70051e-09 7.36587e-09 2.98393e-09 1.55861e-09 1.28977e-09 3.19793e-09 3.35576e-09 3.50426e-09 4.33925e-09 7.52973e-09 2.24492e-08 2.02537e-07 0 0 0 0 0 0 0 0 0 0 0 0 0 0 0 0 0 0 0 0 0 0 0 0 0 0 0 0 0 0 0 0 0 0 0 0 0 0 0 0 0 0 0 0 0 0 0 0 0 0 0 0 0 0 0 0 0 0 0
1.41254e-09 1.54677e-09 8.1057e-10 1.08326e-09 9.53026e-10 6.10586e-10 1.06706e-09 2.68238e-09 2.55763e-09 2.82285e-09 1.80978e-09 1.65884e-09 2.30158e-09 3.16281e-09 3.07839e-09 3.20516e-09 4.53891e-09 1.89698e-08 3.8956e-07 0 0 0 0 0 0 0 0 0 0 0 0 0 0 0 0 0 0 0 0 0 0 0 0 0 0 0 0 0 0 0 0 0 0 0 0 0 0 0 0 0 0 0 0 0 0 0 0 0 0 0 0 0 0 0 0 0 0
7.28387e-10 1.20677e-09 8.34011e-10 1.14158e-09 1.78716e-09 3.02332e-09 2.32093e-09 4.32167e-09 2.92194e-09 7.77122e-09 1.50027e-08 6.43511e-09 1.04082e-08 1.84923e-08 5.07056e-09 2.1019e-09 1.41563e-09 8.91328e-10 4.73545e-10 0 0 0 0 0 0 0 0 0 0 0 0 0 0 0 0 0 0 0 0 0 0 0 0 0 0 0 0 0 0 0 0 0 0 0 0 0 0 0 0 0 0 0 0 0 0 0 0 0 0 0 0 0 0 0 0 0 0
4.62811e-10 3.0931e-10 3.21255e-10 1.13529e-09 9.30825e-10 1.22229e-09 2.08196e-09 2.70652e-09 3.93945e-09 2.02655e-08 1.00817e-08 8.20731e-09 1.44752e-08 5.51586e-09 2.49383e-09 1.98633e-09 1.54118e-09 1.40165e-09 2.65541e-09 7.30531e-09 0 0 0 0 0 0 0 0 0 0 0 0 0 0 0 0 0 0 0 0 0 0 0 0 0 0 0 0 0 0 0 0 0 0 0 0 0 0 0 0 0 0 0 0 0 0 0 0 0 0 0 0 0 0 0 0 0
2.41882e-10 4.80835e-11 4.86718e-11 6.68109e-10 1.90413e-09 2.01161e-09 3.25098e-09 6.23255e-09 1.23499e-08 2.60215e-08 1.21081e-08 3.06508e-08 1.96117e-08 5.94696e-09 6.57423e-09 4.73008e-09 3.79541e-09 5.37771e-09 4.86373e-09 1.3873e-09 7.85942e-10 0 0 0 0 0 0 0 0 0 0 0 0 0 0 0 0 0 0 0 0 0 0 0 0 0 0 0 0 0 0 0 0 0 0 0 0 0 0 0 0 0 0 0 0 0 0 0 0 0 0 0 0 0 0 0 0
2.48537e-10 7.64697e-11 2.84865e-11 1.13548e-09 3.49598e-09 2.42958e-09 9.26931e-09 3.21813e-08 4.36158e-08 4.10609e-08 3.97333e-08 2.30911e-08 6.20019e-09 4.22865e-09 4.99689e-09 4.87169e-09 3.50437e-09 2.26854e-09 1.24883e-09 5.6867e-10 6.64312e-10 0 0 0 0 0 0 0 0 0 0 0 0 0 0 0 0 0 0 0 0 0 0 0 0 0 0 0 0 0 0 0 0 0 0 0 0 0 0 0 0 0 0 0 0 0 0 0 0 0 0 0 0 0 0 0 0
2.34288e-10 1.53343e-10 8.62649e-11 5.47747e-09 7.45609e-09 1.53075e-08 1.25664e-07 1.16691e-07 5.5828e-08 2.90576e-08 1.40557e-08 5.19897e-09 9.49799e-09 8.76066e-09 6.86478e-09 4.36101e-09 2.05646e-09 5.7369e-10 3.18285e-10 3.0132e-10 2.36136e-09 1.45361e-08 0 0 0 0 0 0 0 0 0 0 0 0 0 0 0 0 0 0 0 0 0 0 0 0 0 0 0 0 0 0 0 0 0 0 0 0 0 0 0 0 0 0 0 0 0 0 0 0 0 0 0 0 0 0 0
3.19338e-10 1.34288e-10 7.54938e-11 5.46075e-08 7.10044e-08 1.4189e-07 9.02272e-08 1.49021e-08 4.01052e-08 3.84196e-08 3.47416e-08 1.86508e-08 8.59156e-09 6.8348e-09 7.17218e-09 1.31998e-09 1.8557e-10 1.37843e-10 4.97025e-10 1.70559e-09 6.27671e-09 9.66121e-09 0 0 0 0 0 0 0 0 0 0 0 0 0 0 0 0 0 0 0 0 0 0 0 0 0 0 0 0 0 0 0 0 0 0 0 0 0 0 0 0 0 0 0 0 0 0 0 0 0 0 0 0 0 0 0
7.18773e-10 1.36844e-09 1.20525e-07 2.18639e-07 1.33591e-07 1.89124e-08 1.32022e-08 7.26315e-09 5.29099e-09 9.67798e-09 1.27313e-08 9.2349e-09 6.24666e-09 6.25293e-09 1.21323e-09 1.38225e-09 1.63927e-09 1.8664e-09 6.44606e-09 1.2576e-08 9.96292e-09 8.59249e-09 0.00042886 0 0 0 0 0 0 0 0 0 0 0 0 0 0 0 0 0 0 0 0 0 0 0 0 0 0 0 0 0 0 0 0 0 0 0 0 0 0 0 0 0 0 0 0 0 0 0 0 0 0 0 0 0 0
8.95704e-10 8.48996e-08 3.3105e-07 7.66154e-08 7.39119e-09 2.74426e-09 1.12062e-08 6.66308e-09 2.84833e-09 5.29594e-09 5.57556e-09 4.98916e-09 8.32706e-10 8.95861e-10 1.55465e-09 3.77964e-09 4.37674e-09 1.05257e-08 2.84078e-08 2.02182e-08 1.66421e-08 1.54359e-08 2.84242e-08 0 0 0 0 0 0 0 0 0 0 0 0 0 0 0 0 0 0 0 0 0 0 0 0 0 0 0 0 0 0 0 0 0 0 0 0 0 0 0 0 0 0 0 0 0 0 0 0 0 0 0 0 0 0
7.41683e-08 4.89963e-07 1.07732e-07 1.33043e-08 2.80685e-09 1.35667e-09 5.69292e-10 3.38788e-10 3.96925e-10 4.99536e-10 3.4288e-10 4.56424e-10 5.43457e-10 2.28251e-09 6.13752e-09 1.33222e-08 2.40064e-08 6.92145e-08 5.65304e-08 2.2235e-08 1.01734e-08 2.41349e-09 1.47555e-09 0 0 0 0 0 0 0 0 0 0 0 0 0 0 0 0 0 0 0 0 0 0 0 0 0 0 0 0 0 0 0 0 0 0 0 0 0 0 0 0 0 0 0 0 0 0 0 0 0 0 0 0 0 0
1.6815e-07 1.0523e-07 8.38013e-09 7.99245e-10 6.88639e-10 1.89293e-10 4.01282e-11 5.16179e-11 3.69163e-11 3.43445e-11 1.97826e-10 1.10608e-09 7.49963e-09 3.67384e-08 7.10085e-08 1.11284e-07 7.96035e-08 4.20648e-08 1.03519e-08 3.72384e-09 1.86389e-09 1.66163e-09 3.36824e-09 0.000179633 0 0 0 0 0 0 0 0 0 0 0 0 0 0 0 0 0 0 0 0 0 0 0 0 0 0 0 0 0 0 0 0 0 0 0 0 0 0 0 0 0 0 0 0 0 0 0 0 0 0 0 0 0
3.67746e-08 2.13836e-08 6.17658e-09 2.03486e-09 1.17198e-09 1.89807e-10 9.79695e-11 1.81816e-10 1.14583e-09 4.74288e-09 2.68382e-08 8.09521e-08 1.54328e-07 1.51457e-07 1.05265e-07 3.56581e-08 1.17056e-08 7.50577e-09 1.09579e-08 2.21861e-08 1.36704e-08 6.53552e-09 1.05605e-08 4.58353e-08 0 0 0 0 0 0 0 0 0 0 0 0 0 0 0 0 0 0 6.87288e-11 1.75458e-10 3.24645e-10 3.8927e-10 0 0 0 0 0 0 0 0 0 0 0 0 0 0 0 0 0 0 0 0 0 0 0 0 0 0 0 0 0 0 0
2.69456e-07 1.48897e-08 9.58685e-09 6.30382e-09 6.9116e-09 6.09085e-09 1.43104e-08 4.2802e-08 1.67318e-07 2.84365e-07 2.4918e-07 1.3601e-07 5.1305e-08 1.91517e-08 8.34037e-09 9.24274e-09 1.41581e-08 7.13619e-09 5.19209e-09 3.07434e-09 2.60842e-09 2.13712e-09 2.07504e-09 6.36718e-09 0 0 0 0 0 0 0 0 0 0 0 0 0 0 0 9.98923e-10 2.17657e-09 5.4774e-08 1.21798e-08 6.99903e-10 1.78553e-09 1.43019e-09 4.48258e-10 1.25044e-10 2.12172e-10 2.44619e-10 4.49829e-10 8.62539e-10 0 0 0 0 0 0 0 0 0 0 0 0 0 0 0 0 0 0 0 0 0 0 0 0 0
1.21412e-06 5.23228e-07 9.87272e-08 6.95089e-08 8.98992e-08 1.452e-07 2.14745e-07 2.42884e-07 1.61983e-07 7.19426e-08 3.50886e-08 3.43415e-08 4.14376e-08 4.92568e-08 3.8474e-08 2.02077e-08 1.74932e-08 1.80185e-08 1.69074e-08 2.28774e-08 1.94239e-08 6.35853e-09 3.42062e-09 4.83129e-09 0.000120736 0 0 0 0 0 0 0 0 0 0 0 0 6.77635e-10 1.62358e-09 1.09649e-09 2.54971e-09 8.88289e-09 2.58622e-08 1.41667e-08 4.40658e-09 3.49634e-09 1.43047e-09 3.6272e-10 2.46152e-10 8.37293e-10 1.54662e-09 5.93276e-10 3.96997e-10 7.1179e-10 2.04461e-10 0 0 0 0 0 0 0 0 0 0 0 0 0 0 0 0 0 0 0 0 0 0
2.2788e-08 1.89254e-07 2.68613e-07 6.67924e-08 4.59487e-08 9.37248e-08 6.95901e-08 2.51419e-08 4.5024e-08 4.32865e-08 3.56813e-08 3.46985e-08 4.15596e-08 4.94082e-08 5.18851e-08 3.27792e-08 1.87506e-08 9.16857e-09 4.822e-09 9.44352e-09 2.36923e-08 8.81852e-09 2.84124e-09 3.02329e-09 3.00317e-09 2.65327e-09 2.78087e-09 1.00427e-08 1.22106e-08 1.33877e-08 1.62263e-08 2.02018e-08 3.11073e-08 2.13342e-08 9.58589e-09 7.91168e-09 1.03536e-08 1.18703e-08 1.59343e-08 1.68917e-08 2.92497e-08 1.2183e-08 3.92445e-09 6.81999e-09 3.95779e-09 2.44111e-09 3.17307e-09 6.44399e-10 6.67506e-10 1.31839e-09 1.60705e-09 5.42399e-10 8.17716e-10 5.73401e-10 1.99265e-10 6.99784e-11 6.44332e-10 5.68799e-10 0 0 0 0 0 0 0 0 0 0 0 0 0 0 0 0 0 0 0
4.59918e-09 3.42081e-08 1.11944e-07 1.86879e-07 1.36278e-07 1.54773e-07 1.83472e-07 9.76575e-08 3.69778e-08 2.9133e-08 2.66439e-08 2.29617e-08 1.87131e-08 2.06496e-08 3.0578e-08 3.4317e-08 2.07106e-08 5.8119e-09 3.14088e-09 4.94816e-09 6.31015e-09 5.55956e-09 2.69916e-09 4.51986e-09 1.14261e-09 4.18728e-09 5.05043e-09 5.45145e-09 1.48167e-08 2.3646e-08 2.5096e-08 2.02596e-08 3.50884e-08 5.16772e-08 4.02701e-08 2.82426e-08 1.82287e-08 1.35632e-08 1.55057e-08 1.65024e-08 2.67309e-08 6.39693e-08 7.49051e-09 4.33198e-09 7.94794e-10 1.10223e-09 1.59665e-09 5.78304e-10 1.78759e-09 2.57404e-09 1.32092e-09 1.69992e-09 6.78646e-10 6.15803e-10 1.45418e-10 2.55977e-09 1.16845e-09 3.31537e-10 1.54064e-10 1.76155e-10 7.38478e-11 7.92406e-11 3.93359e-10 1.36644e-09 3.01643e-09 5.47839e-10 2.58461e-10 4.28795e-10 0 0 0 0 0 0 0 0 0
8.32251e-10 7.34136e-09 2.53799e-08 6.53469e-08 1.30883e-07 1.00303e-07 1.29994e-07 2.13912e-07 1.40455e-07 3.66988e-08 1.85487e-08 1.78689e-08 1.66101e-08 1.4345e-08 1.37114e-08 2.08918e-08 2.6104e-08 7.41858e-09 7.68033e-09 1.5669e-08 8.56969e-09 4.48757e-09 7.41757e-09 2.16639e-09 2.40755e-09 3.3899e-09 3.38372e-09 5.695e-09 8.71917e-09 1.45221e-08 1.81096e-08 2.27935e-08 4.96272e-08 7.62246e-08 1.04548e-07 1.2063e-07 4.65876e-08 1.85089e-08 1.17707e-08 5.70315e-09 2.92969e-09 4.2695e-08 3.67589e-08 9.78986e-09 8.17809e-10 4.9642e-10 1.80102e-09 6.1869e-10 6.2532e-09 3.9635e-09 1.3135e-09 1.19745e-09 1.0869e-09 7.10767e-10 8.31105e-10 1.7614e-09 4.0056e-10 3.18738e-10 3.63346e-10 2.59857e-10 1.17356e-10 2.33559e-10 2.61679e-09 1.29445e-08 1.22637e-09 4.60845e-10 2.57751e-10 3.64925e-10 0 0 0 0 0 0 0 0 0
3.42668e-10 7.41791e-10 1.18918e-09 6.10131e-09 4.51763e-08 7.91812e-08 4.80309e-08 7.38321e-08 1.47466e-07 1.25392e-07 3.47821e-08 8.85743e-09 6.82963e-09 9.00056e-09 1.15712e-08 1.20642e-08 1.41728e-08 1.76339e-08 7.63009e-09 8.67232e-09 1.66837e-08 8.40357e-09 1.68849e-08 4.51583e-09 4.05263e-09 5.51291e-09 9.51287e-09 1.04657e-08 1.67449e-08 1.54293e-08 9.16841e-09 1.23565e-08 2.4586e-08 2.28894e-08 1.94558e-08 4.51428e-08 7.02599e-08 6.60368e-08 8.81076e-08 3.22949e-08 8.51063e-09 9.59155e-09 4.9711e-08 1.34135e-07 1.27947e-08 1.0114e-09 1.27818e-09 2.23469e-09 1.05316e-08 1.6071e-09 2.90057e-09 5.13984e-10 8.38247e-10 4.9464e-10 1.59079e-09 5.76366e-10 6.16121e-10 2.27958e-10 6.25374e-10 3.54863e-10 4.6926e-10 1.34033e-09 8.13313e-09 1.37026e-09 3.53429e-10 4.28132e-10 1.52919e-10 4.07668e-10 1.78385e-09 0 0 0 0 0 0 0 0
1.85067e-09 3.98237e-10 5.62382e-10 2.00917e-09 8.13638e-09 4.55822e-08 7.64747e-08 3.40834e-08 5.86563e-08 1.07264e-07 8.27703e-08 4.32553e-08 1.34915e-08 6.25855e-09 1.32275e-08 1.17822e-08 4.53364e-09 6.17799e-09 5.79396e-09 8.46994e-09 1.55138e-08 2.08271e-08 6.86137e-09 6.95754e-09 6.44958e-09 6.99094e-09 3.91219e-09 4.8367e-09 1.12071e-08 1.2209e-08 1.80501e-08 2.42147e-08 2.79472e-08 3.17216e-08 5.32834e-08 4.67829e-08 2.06466e-08 2.73029e-08 5.2858e-08 7.13899e-08 4.19631e-08 3.92635e-08 4.12944e-08 9.79009e-08 3.85494e-07 9.79809e-08 3.88273e-09 6.6447e-09 2.83198e-09 2.43183e-09 6.53304e-09 3.64747e-10 9.10092e-10 6.99279e-10 4.71013e-09 4.09559e-10 4.56907e-10 5.08151e-10 1.13599e-09 1.55532e-09 5.38778e-09 7.98177e-09 2.61177e-09 4.79216e-10 2.48559e-10 2.37855e-10 2.53415e-10 5.80287e-10 4.15314e-10 0 0 0 0 0 0 0 0
4.68753e-09 1.23353e-09 1.12351e-09 1.29886e-09 2.7608e-09 1.02053e-08 6.14566e-08 5.81203e-08 2.74133e-08 3.73293e-08 4.49286e-08 2.77595e-08 2.27156e-08 1.3534e-08 5.10561e-09 3.0348e-09 1.82062e-09 2.96956e-09 3.15964e-09 7.73095e-09 1.13989e-08 8.42905e-09 2.65411e-09 2.31858e-09 3.05642e-09 3.82378e-09 9.02316e-09 1.57574e-08 2.02101e-08 1.65986e-08 1.43462e-08 2.23131e-08 2.40084e-08 3.17676e-08 2.96191e-08 2.35483e-08 2.5953e-08 2.21953e-08 1.2882e-08 2.05759e-08 6.86172e-09 8.62881e-09 8.19992e-09 8.88167e-09 5.71513e-08 3.35652e-07 4.34205e-08 5.78163e-09 3.47993e-09 2.17398e-08 4.12237e-09 8.71539e-10 1.50569e-09 2.53724e-09 5.19007e-09 3.29156e-10 8.84929e-10 1.85557e-09 4.87812e-09 7.22937e-09 4.28042e-09 9.47623e-10 1.22928e-10 2.44823e-10 1.39e-10 8.76193e-11 6.18505e-11 7.56357e-10 4.69055e-10 1.17061e-10 0 0 0 0 0 0 0
3.38822e-09 1.49883e-09 1.6592e-09 2.69322e-09 2.83176e-09 3.25086e-09 1.55707e-08 5.1273e-08 3.29019e-08 1.94298e-08 1.91106e-08 1.25417e-08 7.28933e-09 7.47884e-09 7.66818e-09 8.01034e-09 9.20364e-09 6.1569e-09 1.8893e-08 2.84368e-08 9.805e-09 2.4522e-09 8.4713e-09 1.80523e-08 1.71504e-08 1.50694e-08 2.12359e-08 1.91599e-08 2.15624e-08 3.06631e-08 4.33671e-08 5.90105e-08 2.56521e-08 2.36512e-08 2.42329e-08 1.90261e-08 1.21312e-08 1.5702e-08 2.00307e-08 1.14801e-08 1.14092e-08 1.68933e-08 6.54196e-09 4.95539e-09 3.46598e-09 1.0687e-07 8.62533e-08 1.08102e-08 6.31234e-09 3.81716e-09 4.33647e-10 9.86001e-10 1.7787e-09 5.7554e-09 2.28525e-09 3.79644e-10 1.01469e-09 6.11314e-09 8.79775e-09 1.10528e-09 5.66482e-10 6.9096e-10 2.02813e-10 1.43846e-10 4.67317e-11 8.2714e-12 6.23387e-11 3.57863e-10 4.80982e-10 2.67166e-10 1.0021e-09 0 0 0 0 0 0
3.15881e-08 1.43406e-08 5.1962e-09 3.81193e-09 4.83016e-09 3.98765e-09 6.63146e-09 1.72479e-08 2.64651e-08 1.77913e-08 9.71071e-09 7.8228e-09 4.24912e-09 1.11083e-09 8.90652e-10 2.76452e-09 2.22717e-08 4.98461e-08 3.8411e-08 9.9813e-09 1.97866e-09 6.65308e-09 2.03853e-08 1.39988e-08 1.74804e-09 4.21449e-09 1.72553e-08 1.76842e-08 2.14504e-08 3.1787e-08 4.15077e-08 3.5047e-08 3.92716e-08 5.18061e-08 5.70244e-08 5.88568e-08 6.59873e-08 4.68149e-08 3.74713e-08 2.87644e-08 2.37346e-08 3.47419e-08 1.13029e-08 7.0552e-09 4.53722e-09 9.9084e-08 7.42897e-08 3.73544e-09 1.79643e-09 9.50571e-10 3.28857e-10 1.68073e-09 8.00497e-09 6.66442e-09 9.79261e-10 1.1557e-09 1.20363e-09 5.60372e-08 1.97595e-09 1.46526e-10 5.53084e-10 6.72425e-10 5.07101e-11 1.3338e-11 1.77047e-11 1.39244e-11 6.59362e-11 4.21972e-10 5.51987e-10 6.28214e-10 1.96255e-09 2.81537e-10 0 0 0 0 0
2.62605e-08 2.03744e-08 5.08671e-08 2.23517e-08 2.44411e-08 1.36266e-08 5.83113e-09 7.32416e-09 1.30569e-08 1.10663e-08 6.83083e-09 4.30252e-09 4.09864e-09 1.46821e-09 1.16969e-09 2.27308e-09 8.70585e-08 3.64462e-08 4.19599e-09 1.50922e-09 3.78606e-09 2.66392e-08 6.54345e-09 2.09311e-09 4.07069e-10 2.34734e-09 3.34137e-09 7.23179e-09 1.5259e-08 2.7867e-08 4.04047e-08 6.76778e-08 7.87063e-08 6.84388e-08 2.63853e-08 7.74228e-09 6.1161e-09 1.92655e-08 2.42345e-08 1.3567e-08 8.09171e-09 4.79864e-09 2.67622e-09 1.74834e-09 1.62158e-09 9.08604e-08 3.74437e-08 1.10068e-09 1.46381e-09 1.3215e-09 7.22833e-10 2.86958e-09 2.18285e-08 1.02438e-09 5.62001e-10 7.31954e-10 1.63048e-08 1.70635e-08 9.37007e-11 1.16359e-10 2.16167e-10 1.63486e-10 2.97087e-11 3.69619e-11 4.1316e-11 3.30619e-11 1.99494e-10 5.09411e-10 7.25423e-10 2.6407e-09 1.29511e-09 2.6803e-10 2.61522e-10 0 0 0 0
1.36227e-08 1.29869e-08 1.06041e-08 8.62768e-09 8.31284e-09 1.24945e-08 1.42036e-08 1.23984e-08 1.87582e-08 6.36298e-09 3.54349e-09 2.72811e-09 7.29107e-10 5.28723e-10 2.52633e-09 1.9019e-08 1.09515e-07 1.53485e-09 5.85358e-10 7.87023e-09 9.37459e-08 2.31194e-08 2.7932e-09 1.09603e-09 3.81452e-10 3.07759e-10 1.3316e-09 1.55794e-09 3.97732e-09 1.5044e-08 1.58324e-08 9.64966e-09 3.57324e-09 2.40801e-08 2.94901e-08 1.54685e-08 5.10747e-09 1.98689e-09 8.57151e-09 1.94004e-08 6.29007e-09 5.64482e-10 4.09278e-10 2.7175e-10 1.38689e-09 1.42955e-06 6.8503e-08 4.44071e-09 3.81237e-09 1.05072e-09 7.78244e-10 9.39186e-09 4.57746e-09 6.30607e-11 2.18773e-10 7.83197e-10 6.33792e-08 1.02252e-09 1.26091e-10 1.59331e-10 1.16564e-10 5.77411e-11 5.14459e-11 3.47697e-10 1.39601e-10 8.39471e-11 2.4341e-10 9.74872e-10 6.82383e-10 2.5407e-09 1.03947e-09 2.07681e-09 3.4939e-09 2.37257e-09 1.21052e-08 0 0
5.71248e-08 5.2391e-08 4.39052e-08 2.18503e-08 1.4477e-08 9.34093e-09 6.44336e-09 5.00182e-09 4.89591e-09 9.19472e-10 8.11966e-10 2.4166e-09 4.76688e-10 1.97588e-09 3.96548e-09 1.02349e-07 3.52683e-08 2.22214e-09 1.1973e-08 8.57418e-08 3.91484e-08 4.13751e-09 2.17503e-09 4.17006e-09 3.95286e-09 6.50904e-10 1.81394e-10 1.30416e-10 3.93133e-10 1.75465e-09 5.07468e-09 5.74946e-08 4.12214e-09 6.6771e-09 2.14951e-08 2.58302e-08 1.71305e-08 2.57599e-09 5.81409e-09 3.18217e-08 1.79541e-08 5.5777e-09 1.21133e-09 7.65139e-10 9.43158e-10 1.86409e-07 5.10773e-07 5.1022e-09 9.02121e-10 8.61337e-10 1.3568e-09 6.54374e-09 1.27497e-09 5.24052e-11 2.07866e-10 5.48022e-08 2.14782e-08 1.38591e-10 2.10493e-10 2.317e-10 2.10127e-10 9.74442e-11 1.10382e-10 6.53567e-10 9.91652e-11 1.46604e-10 4.60845e-10 2.39171e-10 3.22421e-09 3.38314e-09 1.01662e-09 9.88005e-10 5.62497e-10 1.74328e-10 6.69569e-10 0 0
2.38058e-08 2.45577e-08 2.29969e-08 8.99605e-09 1.54376e-08 1.84646e-08 1.37778e-08 1.13024e-08 1.11734e-08 3.06183e-09 9.58182e-10 7.27195e-09 1.25474e-09 1.74373e-08 6.80066e-08 8.51939e-08 8.8131e-09 2.59123e-08 1.35489e-07 5.04697e-08 9.5643e-09 1.02643e-09 2.64143e-09 4.56432e-09 1.06569e-08 2.49167e-09 3.66393e-10 1.19427e-10 1.24542e-10 2.23027e-10 3.72142e-10 9.52401e-09 8.99507e-09 3.11367e-09 4.88922e-09 1.14061e-08 3.62462e-08 1.49047e-08 2.3432e-08 4.7506e-08 1.00136e-07 1.00751e-07 5.458e-08 4.69297e-08 3.52339e-08 5.16721e-08 2.42184e-07 3.31931e-09 6.62586e-10 1.15036e-09 6.95357e-10 1.5624e-08 6.91987e-10 1.65018e-10 3.55476e-08 7.13482e-08 4.73497e-09 1.42189e-10 3.01381e-10 3.77438e-10 1.99902e-10 9.85494e-11 2.08746e-10 1.08742e-09 8.63492e-11 1.34418e-10 2.11665e-10 4.82062e-09 2.47824e-08 4.55687e-10 1.03031e-10 8.95775e-11 1.1417e-10 6.23103e-11 1.23827e-10 1.56875e-09 0
1.19314e-08 5.06383e-09 1.54741e-09 2.2415e-09 1.8865e-09 1.48828e-09 3.85651e-09 6.61456e-09 5.9261e-09 8.37114e-09 2.90302e-09 2.50142e-09 1.08736e-08 8.46762e-08 8.61946e-08 1.98789e-08 1.48567e-08 8.68963e-08 4.15924e-08 4.29234e-09 9.29975e-10 1.78289e-10 1.3573e-09 1.25966e-08 5.7358e-08 9.48992e-09 6.29387e-10 1.90844e-10 2.35882e-11 3.75076e-11 1.07346e-10 4.82665e-09 1.83931e-08 1.13762e-09 1.31868e-09 1.19786e-09 2.14548e-09 6.87135e-09 9.00895e-09 9.03468e-09 1.21074e-08 3.16106e-08 7.2765e-08 1.04913e-07 6.71789e-08 1.5151e-07 0.00415439 1.05069e-05 1.40685e-09 2.56465e-09 4.77421e-08 1.31579e-08 3.78754e-09 4.42518e-08 6.34703e-08 2.35029e-10 3.03994e-10 2.45786e-10 3.18424e-10 3.13207e-10 3.68574e-11 1.3357e-10 3.73307e-10 2.806e-10 1.30052e-10 2.06134e-10 2.45878e-09 1.65673e-08 5.45166e-10 8.23877e-11 6.37301e-11 7.88985e-11 1.32981e-10 9.49274e-11 1.0832e-10 6.97565e-10 0
8.40026e-10 7.43134e-10 8.94087e-10 1.05575e-08 3.072e-09 2.86326e-09 2.7087e-09 3.5481e-09 7.22586e-09 1.55045e-08 9.77278e-09 8.8323e-09 6.25737e-08 1.2554e-07 3.67234e-08 1.46511e-08 2.61453e-08 2.98529e-08 3.94252e-09 2.41631e-09 6.60668e-10 1.43696e-10 9.35439e-10 3.19022e-09 6.71354e-08 4.62564e-08 2.13062e-09 3.55104e-10 1.44409e-11 8.94515e-12 2.32658e-11 2.56673e-09 1.71387e-08 1.1846e-09 4.16541e-10 1.39534e-10 1.93869e-10 6.3409e-10 4.94376e-10 6.66284e-10 1.37764e-09 2.68196e-09 7.46946e-09 3.48847e-08 3.27237e-08 7.46789e-08 1.78857e-05 4.61105e-05 3.82528e-09 4.9281e-08 2.05057e-08 2.32798e-09 1.84705e-08 1.0889e-07 2.34393e-09 2.52991e-11 6.29531e-11 1.79145e-10 4.06548e-10 3.2403e-10 5.36106e-11 1.39544e-10 7.7104e-10 2.37998e-10 2.69439e-10 1.63077e-09 1.62075e-08 3.13287e-09 2.27149e-10 1.38388e-10 2.21674e-10 4.22908e-10 2.8717e-10 8.64304e-11 3.08792e-10 1.33369e-09 4.64752e-10
1.4258e-10 9.84324e-11 6.14666e-09 2.61575e-08 8.04247e-09 6.68679e-09 4.46862e-09 9.45303e-09 1.03663e-08 2.56728e-08 6.17718e-09 6.52024e-08 1.63482e-07 1.90064e-07 6.84163e-08 4.32303e-08 4.71641e-08 2.23868e-08 5.39006e-09 2.54019e-09 1.03846e-09 6.31985e-10 6.42169e-10 7.12319e-10 9.07995e-09 1.59491e-07 4.55479e-08 2.4477e-10 1.9943e-11 1.21896e-11 2.17951e-11 9.12821e-10 3.7147e-08 1.6417e-09 2.38181e-10 4.83591e-11 7.77365e-11 2.69482e-10 4.47183e-10 1.30074e-09 2.61026e-09 5.85163e-09 1.69862e-08 5.98853e-08 1.70396e-08 1.24964e-08 1.89823e-08 4.76412e-05 6.53165e-05 2.61208e-08 5.73542e-11 8.75659e-10 6.01495e-08 3.10573e-08 1.56309e-10 4.989e-12 1.6293e-11 1.89344e-10 7.59514e-10 3.2158e-10 1.85793e-10 4.28035e-10 1.50819e-09 2.54406e-10 9.00577e-10 1.16881e-08 7.70692e-09 3.24403e-10 1.55025e-10 1.46713e-10 2.81175e-10 1.45496e-10 3.88492e-11 1.32893e-10 1.98424e-09 1.26263e-09 3.88393e-10
8.13664e-12 2.12723e-10 2.59736e-08 1.94419e-08 3.9582e-09 2.03587e-09 2.07773e-09 2.19443e-08 1.68211e-08 3.48369e-08 2.53846e-08 2.33208e-07 2.09401e-07 1.39807e-07 4.65768e-08 2.41899e-08 1.05644e-08 3.98871e-09 1.61709e-09 9.03435e-10 5.08672e-10 2.95002e-10 5.56254e-09 1.84984e-09 1.37698e-09 6.629e-09 8.09717e-08 1.91973e-08 1.01645e-08 3.61972e-09 6.21452e-10 3.02889e-10 1.12984e-08 3.15718e-09 1.52783e-10 7.43241e-12 7.08769e-10 1.23239e-09 1.52584e-09 3.80313e-09 7.57776e-09 1.0157e-08 2.04586e-08 1.3974e-07 4.10212e-08 1.61146e-08 1.48327e-08 1.93276e-05 0.0821467 3.49577e-10 4.88961e-10 4.54597e-08 1.06724e-07 8.39178e-10 2.03404e-10 4.27072e-11 1.3581e-11 2.23899e-10 1.51676e-09 4.48744e-10 2.44973e-10 2.88392e-10 4.18972e-10 6.11956e-10 1.99214e-08 1.73129e-08 5.65207e-10 1.32211e-10 1.0649e-10 1.56456e-10 1.0508e-10 7.57268e-12 1.73119e-11 8.80534e-10 6.50283e-09 3.71456e-10 6.17166e-10
