Outputs/initial_cond/5_metri/u_ev.asc
ncols 287
nrows 262
xllcorner 528652
yllcorner 5.07686e+06
cellsize 35
NODATA_value -9999
[rows 136 to 169 of 262, columns 77 to 153 of 287]
0 0 0 0 0 0 0 0 0 0 0 0 0 0 0 0 0 0 0 0 0 0 0 0 0 0 0 0 0 0 0 0 0 0 0 0 0 0 -7.74977e-10 -5.32314e-06 -0.00176238 -0.000588675 0.000538514 0.000910649 0.00119323 0.00144245 0.00168837 0.00202684 0.00232643 0.00248855 0.0023754 -0.000577515 -0.0015418 -0.00133839 -0.00112193 -0.000959792 -0.000914665 -0.000883409 -0.000751846 -0.00069332 -0.000638702 -0.000420397 0.000399775 -0.000595399 -0.000864039 -0.000890391 -0.000896332 -0.000863012 -0.000497885 -0.000466517 -0.00049841 -0.000549501 -0.000334565 0.000383225 -0.000773693 -0.000357698 0.000410747
0 0 0 0 0 0 0 0 0 0 0 0 0 0 0 0 0 0 0 0 0 0 0 0 0 0 0 0 0 0 0 0 0 0 0 0 0 0 0 -1.74682e-09 -3.10258e-06 -0.000775763 0.000608494 0.000789959 0.00100719 0.00128759 0.0015331 0.00182243 0.00213031 0.00233524 0.00257412 0.155226 -0.00166682 -0.00153702 -0.00137327 -0.00127982 -0.00125265 -0.00124948 -0.00116815 -0.0011281 -0.0010718 -0.00119972 -0.00155147 -0.00127762 -0.00120899 -0.00119733 -0.00114838 -0.00107767 -0.000993048 -0.000943338 -0.000767349 -0.000780412 -0.000415356 0.000349568 -0.00064762 0.000509085 -0.00426531
0 0 0 0 0 0 0 0 0 0 0 0 0 0 0 0 0 0 0 0 0 0 0 0 0 0 0 0 0 0 0 0 0 0 0 0 0 0 0 -6.06851e-10 -2.62746e-06 -0.00105753 -0.00040567 0.000501239 0.000898587 0.00115963 -0.000606966 0.00128606 0.00189137 0.00216904 0.00247363 0.00259758 -0.00136106 -0.00177933 -0.00167321 -0.00164114 -0.00163509 -0.00164608 -0.00165377 -0.00164748 -0.001693 -0.00176506 -0.00196893 -0.00175269 -0.00154292 -0.00155896 -0.00147593 -0.00143563 -0.00143091 -0.00155212 -0.00165633 -0.00180701 -0.0017761 -0.00212579 -0.00205944 -0.00359798 -0.00392868
0 0 0 0 0 0 0 0 0 0 0 0 0 0 0 0 0 0 0 0 0 0 0 0 0 0 0 0 0 0 0 0 0 0 0 0 0 0 0 0 -5.58588e-10 -1.4829e-06 -0.000545234 0.000497595 0.000919356 0.00109567 0.00138956 0.00189391 0.00223274 0.00262264 0.00297268 0.00294676 0.154659 -0.00199861 -0.00209633 -0.00212766 -0.0021487 -0.002198 -0.00220577 -0.00217657 -0.00219514 -0.00222839 -0.00212638 -0.00196508 -0.00178413 -0.00181072 -0.00180047 -0.00174972 -0.00170992 -0.0016826 -0.00167518 -0.00130521 0.000659722 0.00110249 -0.00353126 -0.00446379 -0.00270612
0 0 0 0 0 0 0 0 0 0 0 0 0 0 0 0 0 0 0 0 0 0 0 0 0 0 0 0 0 0 0 0 0 0 0 0 0 0 0 0 0 -1.18113e-10 0 0.000478244 0.000877625 0.000924885 0.00117926 0.00162298 0.0019431 0.00216263 0.00230073 0.00250421 0.00251399 -0.00168022 -0.00255654 -0.00266318 -0.00267603 -0.00276284 -0.00282807 -0.00270647 -0.00240495 -0.00245024 -0.00236856 -0.00218182 -0.00204284 -0.00204032 -0.00203395 -0.00200059 -0.0018564 -0.00170131 -0.00172819 -0.00158936 -0.00125581 0.00100613 -0.0043421 -0.00327627 -0.00199858
0 0 0 0 0 0 0 0 0 0 0 0 0 0 0 0 0 0 0 0 0 0 0 0 0 0 0 0 0 0 0 0 0 0 0 0 0 0 0 0 0 -6.10484e-11 0 0.000282515 0.000741353 0.000711084 0.0011665 0.00153594 0.00184832 0.00203172 0.00220728 0.00238565 0.002451 0.162152 -0.00292264 -0.00308041 -0.00303269 -0.00300307 -0.00295497 -0.00271484 -0.00231968 -0.00230434 -0.00246405 -0.00238664 -0.00237151 -0.00234366 -0.00228545 -0.00232922 -0.00224804 -0.0021641 -0.00268058 -0.00355883 -0.00420406 -0.00539813 -0.00364587 -0.00262128 -0.00178893
0 0 0 0 0 0 0 0 0 0 0 0 0 0 0 0 0 0 0 0 0 0 0 0 0 0 0 0 0 0 0 0 0 0 0 0 0 0 0 0 0 0 0 0 0.000579245 0.000737856 0.00111999 0.00142206 0.00167967 0.0018598 0.00197006 0.00205769 0.00214948 0.00203022 -0.00189205 -0.00345907 -0.00338516 -0.0031842 -0.00310897 -0.00292704 -0.0026342 -0.00208904 -0.0023669 -0.00264734 -0.00276849 -0.00273881 -0.00269261 -0.00282055 -0.00285693 -0.00280418 -0.00354857 -0.00473372 -0.00535814 -0.00546138 -0.00349599 -0.00278377 -0.00233437
0 0 0 0 0 0 0 0 0 0 0 0 0 0 0 0 0 0 0 0 0 0 0 0 0 0 0 0 0 0 0 0 0 0 0 0 0 0 0 0 0 0 0 0 0.000440629 0.00066735 0.000982676 0.00125709 0.00147799 0.00162843 0.00170135 0.0018393 0.00196932 0.0020124 0.161944 -0.00364308 -0.00349491 -0.00326175 -0.00324305 -0.00313141 -0.00301979 -0.00255357 -0.00244855 -0.00305653 -0.00313759 -0.00316183 -0.00322938 -0.00340275 -0.00357881 -0.00340941 -0.00469705 -0.00571122 -0.00575796 -0.00475653 -0.00336865 -0.00280838 -0.0022942
0 0 0 0 0 0 0 0 0 0 0 0 0 0 0 0 0 0 0 0 0 0 0 0 0 0 0 0 0 0 0 0 0 0 0 0 0 0 0 0 0 0 0 0 0.000343081 0.000577224 0.000794438 0.0010746 0.00116801 0.00125604 0.00136294 0.00144733 0.00154657 0.0016581 0.00173825 -0.00358859 -0.00354656 -0.00355014 -0.00356674 -0.00347172 -0.00340231 -0.00328017 -0.00295117 -0.00328419 -0.00342014 -0.00356663 -0.00384639 -0.00392109 -0.00439748 -0.00456673 -0.0054497 -0.00530607 -0.00477716 -0.00414071 -0.00342049 -0.00322106 -0.00321618
0 0 0 0 0 0 0 0 0 0 0 0 0 0 0 0 0 0 0 0 0 0 0 0 0 0 0 0 0 0 0 0 0 0 0 0 0 0 0 0 0 0 0 0 0 0.000329142 0.000406907 0.00072879 0.000790942 0.000847013 0.00091434 0.00108959 0.00124582 0.00143462 0.00157319 0.131212 -0.00384036 -0.00396262 -0.00405454 -0.00391611 -0.00371459 -0.00356435 -0.00375326 -0.00356801 -0.0035884 -0.0039817 -0.00440634 -0.00490611 -0.00540336 -0.00590606 -0.00567078 -0.0049519 -0.00436011 -0.00374804 -0.00315724 -0.002719 -0.00176834
0 0 0 0 0 0 0 0 0 0 0 0 0 0 0 0 0 0 0 0 0 0 0 0 0 0 0 0 0 0 0 0 0 0 0 0 0 0 0 0 0 0 0 0 0 0.000491788 0.000551883 -0.000125238 0.000266801 0.000382824 0.000445465 0.000803831 0.000975609 0.00117788 0.00125867 0.00111913 0.0023844 -0.00435353 -0.0045486 -0.00429771 -0.00394581 -0.00402998 -0.00427855 -0.0043501 -0.00421058 -0.00549521 -0.00720201 -0.00978004 -0.0124812 -0.0109572 -0.00914299 -0.00714122 -0.00418693 -0.00353275 -0.00274049 -0.00175689 0.00122831
0 0 0 0 0 0 0 0 0 0 0 0 0 0 0 0 0 0 0 0 0 0 0 0 0 0 0 0 0 0 0 0 0 0 0 0 0 0 0 0 0 0 0 1.46889e-09 0 0.000594028 0.000704307 0.00117882 0.000912468 0.000869942 0.000883147 0.000824649 0.000731585 0.000987309 0.000820405 0.000666885 0.000571808 -0.00444379 -0.00490532 -0.00455325 -0.00414782 -0.00473367 -0.00505982 -0.00528462 -0.00550221 -0.0063697 -0.00835592 -0.010588 -0.00293108 -0.00330232 -0.00396628 -0.00476516 -0.00568823 -0.00430416 -0.00240542 -0.00115583 0.00101986
0 0 0 0 0 0 0 0 0 0 0 0 0 0 0 0 0 0 0 0 0 0 0 0 0 0 0 0 0 0 0 0 0 0 0 0 0 0 0 0 0 0 9.80638e-10 0 0.000422089 0.000727537 0.000890151 0.000938096 0.00117596 0.00118258 0.00119469 0.00126099 0.0012368 0.000950147 0.000974726 0.000988452 0.000963859 -0.00515353 -0.00511188 -0.00490246 -0.00482418 -0.0054227 -0.00584354 -0.00612023 -0.0064547 -0.00649018 -0.00667336 -0.000632363 -0.000626113 -0.00066234 -0.000710134 -0.000754668 -0.000871519 -0.00108553 -0.00136173 0.000977537 0.00129363
0 0 0 0 0 0 0 0 0 0 0 0 0 0 0 0 0 0 0 0 0 0 0 0 0 0 0 0 0 0 0 0 0 0 0 0 0 0 0 1.16008e-09 0.00039164 -0.000358579 0 0.00048262 0.000750348 0.000922686 0.0011185 0.00117402 0.00142123 0.0014007 0.00153943 0.00162617 0.00165734 0.00159098 0.00148223 0.00146253 0.00113807 -0.0056791 -0.00549652 -0.00536903 -0.00571168 -0.00601835 -0.0063846 -0.00654322 -0.00666965 -0.00613815 -0.00567398 -0.00197081 -0.00210963 -0.00234647 -0.00260548 -0.00207867 -0.00126534 -0.00114419 -0.000726386 0.000949293 0.00121989
0 0 0 0 0 0 0 0 0 0 0 0 0 0 0 0 0 0 0 0 0 0 0 0 0 0 0 0 0 0 0 0 0 1.28257e-09 0.000456502 -0.000354887 -0.000372987 -0.000449727 -0.000475943 0 0.000347518 -0.000213449 0.000297274 0.000652653 0.000979247 0.00120338 0.00138092 0.00145739 0.00164551 0.00163029 0.00186199 0.00194287 0.00196417 0.00194232 0.0018259 0.00181511 -0.0673877 -0.00614817 -0.00597961 -0.00590613 -0.00627593 -0.00669203 -0.00678583 -0.00672847 -0.00679414 -0.00719394 -0.00627532 -0.00239297 -0.00216743 -0.0018942 -0.00121339 -0.00143134 -0.00173445 -0.000782836 0.000683908 0.00105389 0.000992531
0 0 0 0 0 0 0 0 0 0 0 0 0 0 0 0 0 0 0 0 0 0 0 0 0 0 0 0 0 -1.09097e-09 -0.000402895 -0.000453005 0.000242702 0 0.000375838 -0.000442961 -0.000405143 -0.000441926 -0.000298452 0.0002636 0.000501496 0.000779038 0.000606847 0.000871403 0.00110883 0.00136685 0.00164119 0.00171126 0.00176741 0.00200426 0.00219399 0.00240679 0.00240057 0.00225696 0.00219716 0.00209887 -0.0608671 -0.00676395 -0.00652923 -0.00643777 -0.00708377 -0.00716092 -0.00737921 -0.00703788 -0.00702467 -0.00800092 -0.00309757 -0.00250664 -0.00224807 -0.00188709 -0.00136844 -0.00109031 -0.00055306 -0.000444416 0.000633253 0.00102996 -0.0113872
0 0 0 0 0 0 0 0 0 0 0 0 0 0 0 0 0 0 0 0 0 0 0 0 0 0 0 0 -2.12281e-09 -0.000791382 -1.45438e-06 -0.000476479 -0.00050051 0.000220429 0.000530534 -0.000416359 0.000351116 -0.0006288 -0.000362316 0.000329986 0.000604677 0.000998721 0.00108736 0.00122185 0.00131365 0.00151122 0.00178554 0.0021625 0.00204576 0.00220714 0.00242417 0.00258795 0.00271347 0.00264607 0.00257745 0.00233595 -0.0721421 -0.00732123 -0.00713204 -0.00700363 -0.00744607 -0.00755442 -0.00690627 -0.0059247 -0.0064038 -0.002334 -0.00321778 -0.00463379 -0.00386448 -0.00294455 -0.00199296 -0.000983916 -0.000481162 0.00041334 0.000765284 0.000909171 -0.0010739
0 0 0 0 0 0 0 0 0 0 0 0 0 0 0 0 0 0 0 0 0 0 0 0 0 0 0 -1.22894e-09 -0.000462535 -3.5653e-06 -0.000953537 -0.000448044 0.000371797 0.000546954 0.000718501 -0.00142053 -0.000786065 -0.000735862 -0.000379188 0.00036702 0.0007266 0.00104296 0.00135567 0.00144446 0.00158439 0.0017144 0.00181531 0.00216687 0.00247697 0.00244729 0.00254272 0.00271562 0.00295976 0.00301572 0.00293196 0.0025953 -0.0634294 -0.0075314 -0.00742603 -0.00760361 -0.00751421 -0.00685223 -0.00587994 -0.00585846 -0.00524553 -0.00243212 -0.00225173 -0.000926392 -0.00104058 -0.000925537 -0.000763434 -0.000927803 -0.000426657 0.00039938 0.000812399 -0.00938961 -0.000735911
0 0 0 0 0 0 0 0 0 0 0 0 0 0 0 0 0 0 0 0 0 0 0 0 0 0 0 -2.22652e-09 -5.94174e-06 -0.0012172 -0.000954862 -0.000388116 0.00043429 0.000707633 0.000866793 -0.000972296 -0.00107183 -0.000767006 -0.000339665 0.000385275 0.000833112 0.00114891 0.00144246 0.0016042 0.00171156 0.00194915 0.00211105 0.00229829 0.00252739 0.00263486 0.00262589 0.00281005 0.00311065 0.00337479 0.00352312 0.00172144 -0.046153 -0.00726072 -0.00793218 -0.00802041 -0.00729985 -0.00607467 -0.00840106 -0.00588307 -0.00416045 -0.00224739 -0.00182649 -0.000984329 -0.000651645 -0.000536953 -0.000336888 0.000648756 -0.000349507 0.000341952 0.000748436 -0.00761621 -0.00114195
0 0 0 0 0 0 0 0 0 0 0 0 0 0 0 0 0 0 0 0 0 0 0 0 0 0 -1.10116e-09 -0.000418447 -9.00288e-06 -0.00128075 -0.000916304 -0.000380427 0.000430218 0.000807644 0.00096492 -0.00093702 0.000561938 -0.000584917 0.000482113 0.000602355 0.000940287 0.0013248 0.00151489 0.00170851 0.00183849 0.00211504 0.00241187 0.00249088 0.00247942 0.00261489 0.00277141 0.00302655 0.00317677 0.00340511 0.0037816 -0.0824957 -0.0326986 -0.00700325 -0.00815896 -0.00784056 -0.00678683 -0.00568253 -0.00420906 -0.00514494 -0.00333259 -0.00204674 -0.00160861 -0.00105067 -0.000740046 -0.000456052 0.000440003 0.000776895 -0.000101935 0.000370809 -0.0100489 -0.00513695 -0.0012774
0 0 0 0 0 0 0 0 0 0 0 0 0 0 0 0 0 0 0 0 0 0 0 0 0 0 -1.82625e-09 -9.16562e-06 -0.00180242 -0.00128621 -0.000845457 -0.000420973 0.000416189 0.000869412 -0.00228035 -0.000742019 0.000733697 -0.000428594 0.000544268 0.000771519 0.000969894 0.00143708 0.00163187 0.00188983 0.0020686 0.00235024 0.00259058 0.00260557 0.00266603 0.00258392 0.00248554 0.00308428 0.00335132 0.00351494 0.00377504 0.109443 -0.024424 -0.00762697 -0.00754373 -0.00672163 -0.00444143 0.00345822 -0.00477856 -0.00424511 -0.0027433 -0.00184615 -0.00152095 -0.00110317 -0.000852466 -0.000480597 0.0004351 0.000839414 0.00146416 -0.00833184 -0.00787219 -0.00370043 -0.00126557
0 0 0 0 0 0 0 0 0 0 0 0 0 0 0 0 0 0 0 0 0 0 0 0 0 0 -2.18717e-09 -1.33625e-05 -0.00176457 -0.00129016 -0.00079943 -0.00042146 0.000399012 0.000879494 -0.00205879 -0.000555149 0.000697151 -0.00032441 0.000539727 0.000937231 0.00106088 0.00148563 0.00172822 0.00203687 0.00235225 0.00256552 0.00276647 0.00285073 0.00296564 0.00287783 -0.00147714 0.00173864 0.00286405 0.00335645 0.00357555 0.00258333 -0.0157395 -0.0255294 -0.034942 -0.0463344 -0.059016 -0.0478237 -0.0544699 -0.0657464 -0.126505 -0.110386 -0.00179882 -0.00119444 -0.000939657 -0.000475533 0.00041623 0.000884748 -0.00246488 -0.152015 -0.15995 -0.153818 -0.148926
0 0 0 0 0 0 0 0 0 0 0 0 0 0 0 0 0 0 0 0 0 0 0 0 0 0 -1.97168e-09 -1.73722e-05 -0.00170827 -0.00129638 -0.000784318 -0.000420361 0.000343529 0.000862308 -0.00185724 -0.000429404 0.000619907 0.00214009 0.00173677 0.0015524 0.00156036 0.00161369 0.00177267 0.00207752 0.00248396 0.00264329 0.00284034 0.00313341 0.00338955 0.00338476 -0.00158029 -0.00152883 0.00170459 0.00284579 0.00333245 0.00318384 0.122775 -0.0531146 -0.0471287 -0.0337489 -0.000417208 -0.000201679 0.000260817 0.0290059 -0.0992014 -0.124526 -0.000713915 -0.000778929 -0.000943179 -0.000462496 0.000399197 0.000581213 -0.00154895 -0.000923553 -0.000523577 0.000393001 -0.00509468
0 0 0 0 0 0 0 0 0 0 0 0 0 0 0 0 0 0 0 0 0 0 0 0 0 0 -1.50246e-09 -2.28177e-05 -0.00155512 -0.00125403 -0.000859481 -0.000687833 -0.000519893 0.00056501 -0.00138883 0.000955554 0.00117743 0.00222451 0.00224263 0.00202774 0.00204542 0.00174159 0.00168025 0.0020553 0.0025031 0.00270638 0.0027755 0.0030925 0.00346788 0.00377019 0.00439566 -0.00134007 0.000253191 0.00212638 0.0030226 0.00323185 0.0675444 -0.0115293 -0.0133189 -0.0200921 -0.000403003 0.000348768 0.000559932 -0.109267 -0.000666209 -0.000741137 -0.000450303 0.000495842 -0.0119523 -0.154669 -0.135162 -0.162307 -0.00195328 -0.000835903 -0.000532847 0.000403299 0.000633649
0 0 0 0 0 0 0 0 0 0 0 0 0 0 0 0 0 0 0 0 0 0 0 0 0 0 -4.62124e-10 -4.24185e-05 -0.00120674 -0.00139348 -0.00124761 -0.00158417 -0.00189294 -0.00279334 -0.0010844 0.000861233 0.00128128 0.00217355 0.00252238 0.00241524 0.00231375 0.00203627 -0.00107164 0.00136353 0.00215178 0.00269285 0.00279561 0.00295266 0.00335785 0.0037409 0.00494993 -0.00142941 -0.00122592 0.00125205 0.00241216 0.00299232 -0.113829 -0.00873544 -0.0116376 -0.0113073 0.00648114 0.00689073 -0.130298 -0.103063 -0.000904845 -0.000640568 -0.000601123 -0.000421957 0.000600333 0.00134332 -0.00278891 -0.00340239 -0.00250002 -0.000649653 -0.000650883 -0.000248809 0.00052357
0 0 0 0 0 0 0 0 0 0 0 0 0 0 0 0 0 0 0 0 0 0 0 0 0 0 0 0 0.00360811 0.00204392 -0.0013375 -0.00166409 -0.00242842 -0.00315523 -0.00085235 0.000729071 0.00131259 0.00201325 0.00254162 0.00264436 0.00237546 0.00224997 0.00204483 0.00224772 0.00233464 0.00270336 0.00307454 0.00298596 0.00329413 0.00366909 0.00462967 -0.00109078 -0.000950101 0.000733927 0.00189174 0.00255058 -0.0804512 -0.00751231 -0.00595498 0.00738989 0.0111385 -0.130753 -0.00566585 -0.00469247 -0.00354734 -0.00119874 -0.00114223 -0.00110617 -0.0012433 0.00144875 -0.002481 -0.00310785 -0.00348011 -0.000859484 -0.000604478 -0.000590967 -0.000683329
0 0 0 0 0 0 0 0 0 0 0 0 0 0 0 0 0 0 0 0 0 0 0 0 0 0 0 0 0.00322567 0.00355368 0.00300263 0.00285746 -0.00323065 -0.00307743 -0.000674328 0.000605339 0.0012541 0.00185732 0.00238249 0.00275111 0.00256739 0.00164823 -0.00113634 0.00178334 0.00228869 0.00252057 0.00306655 0.00335392 0.00334491 0.00368241 0.00436977 0.00648304 -0.00069271 0.000605747 0.00156296 0.00211751 -0.0796194 -0.07488 -0.098187 -0.00797789 -0.134623 -0.00637949 -0.00605552 -0.00528292 -0.00391942 -0.00199451 -0.00215552 -0.00235753 -0.00268841 -0.00218779 -0.00188026 -0.00191874 -0.00326647 -0.00469671 -0.00410572 -0.00325405 -0.00229785
0 0 0 0 0 0 0 0 0 0 0 0 0 0 0 0 0 0 0 0 0 0 0 0 0 0 1.23645e-09 0 0.00240844 0.00347428 0.00379853 0.00343253 -0.00321456 -0.00256339 -0.000552979 0.000529649 0.00119472 0.00176705 0.00224377 0.00270658 0.00285512 -0.00353092 -0.00109706 0.00123981 0.00221081 0.00247835 0.00293414 0.0034404 0.0035314 0.00376084 0.00418256 0.0058681 0.00489413 0.00418729 0.00289659 -0.202716 -0.144038 -0.119319 -0.104989 -0.00669261 -0.00632054 -0.0062452 -0.00622445 -0.00606252 -0.00486251 -0.00265435 -0.0029407 -0.00318377 -0.00310453 -0.00237702 -0.00183434 -0.00149436 -0.00156963 -0.001909 -0.00199557 -0.00200242 -0.00167191
0 0 0 0 0 0 0 0 0 0 0 0 0 0 0 0 0 0 0 0 0 0 0 -1.07778e-09 -0.000421785 -0.000488505 0 0.00039418 0.00190174 0.00301541 0.00383836 0.00359521 -0.00315639 -0.00210718 -0.000484887 0.00043737 0.00109446 0.00176006 0.00226468 0.00267397 0.00290818 -0.00294589 -0.000807312 0.000826663 0.00189508 0.00250396 0.00280181 0.00333654 0.00371649 0.00380744 0.0040409 0.00514529 0.00591281 -0.00928782 -0.208742 -0.00592323 -0.00563784 -0.00522699 -0.00552906 -0.00567916 -0.00564927 -0.00564657 -0.00592721 -0.00651782 -0.00730312 -0.00773069 -0.00597557 -0.0036911 -0.00344875 -0.00261158 -0.00190787 -0.0013871 -0.00143015 -0.00151874 -0.001617 -0.0016329 -0.00153241
0 0 0 0 0 0 0 0 0 0 0 0 0 0 0 0 0 0 0 0 0 -1.88275e-09 -0.000751767 -0.000431362 -1.75409e-06 -0.000507222 -0.000359562 0.000408667 0.00157075 0.00262391 0.00350439 0.00329221 -0.00288289 -0.00170079 -0.0004043 0.000410747 0.000945474 0.00160388 0.00232196 0.00284417 0.00313714 -0.0021743 -0.000647667 0.000530601 0.00153173 0.00230447 0.00272778 0.00319432 0.00371495 0.00389661 0.00385499 0.00455062 -0.187401 -0.00504768 -0.00538689 -0.00584047 -0.00589061 -0.00558511 -0.00560328 -0.005556 -0.00542725 -0.00531369 -0.005088 -0.00490019 -0.00471095 -0.00515475 -0.00570987 -0.00602532 -0.00391028 -0.00303559 -0.00219328 -0.00110588 -0.00110742 -0.00115591 -0.00129001 -0.00134632 -0.00126008
0 0 0 0 0 0 0 0 0 0 0 0 0 0 -1.72521e-09 -0.000741562 -0.000608255 -0.000474483 -0.000511204 -0.000517741 -0.000491541 -0.000424646 -9.32762e-06 -0.000835933 -0.000992542 -0.000644151 -0.000373313 0.000426513 0.00132586 0.00224125 0.00313301 -0.00646366 -0.00237709 -0.00117048 0.00077284 0.00087909 0.000799906 0.00144153 0.00194106 0.00349369 0.0038343 0.005146 -0.000542881 0.000413971 0.0012389 0.00200828 0.00264985 0.00320731 0.00372181 0.00373226 0.00369123 -0.0161934 -0.00375116 -0.00419161 -0.00462746 -0.00472718 -0.00533548 -0.00559308 -0.00564742 -0.00572489 -0.00560995 -0.00529078 -0.00490925 -0.00453532 -0.00426591 -0.00398539 -0.00360755 -0.00423712 -0.00436588 -0.00363527 -0.00299734 -0.000604306 -0.000614783 -0.000680778 -0.000855958 -0.00113158 -0.00101799
0 0 0 0 0 0 0 0 0 0 0 -6.10277e-10 -0.000271214 -0.000384937 -0.000460973 -3.92396e-06 -0.000676439 -0.000691797 -0.000686912 -0.000656514 -0.000532517 -0.000311642 0.000269599 0.00146775 -0.00102011 -0.000744938 -0.000383026 0.000437864 0.00117563 0.0019539 0.00278639 -0.00604013 -0.0018378 -0.000821055 0.000619347 0.00104075 0.00115578 0.00136688 0.0017639 0.00131255 0.00266722 0.00597909 -0.000352954 0.000347371 0.000976727 0.00165799 0.00237279 0.00306455 0.00370822 0.0036426 0.00337695 -0.0030825 -0.00323442 -0.00347154 -0.00374704 -0.00361017 -0.00413713 -0.00463944 -0.00480055 -0.00513731 -0.00535537 -0.00541352 -0.00486197 -0.00464796 -0.00454205 -0.00419735 -0.00263323 -0.00380674 -0.00363314 -0.00340138 -0.00350444 -0.00398335 -0.00301191 -0.00172034 -0.00172329 -0.00098005 -0.000634243
0 0 0 0 0 0 0 0 0 0 -7.733e-10 -0.000347591 -4.67617e-06 -0.000610899 -0.000847454 -0.00115391 -0.00106027 -0.00106165 -0.000979096 -0.000949625 -0.000807591 -0.000544603 -0.000154749 0.000195998 0.00264293 -0.000695874 -0.000360121 0.000454388 0.00110404 0.00184029 0.00269526 -0.00421943 -0.00163598 -0.000968594 -0.00114738 0.000686104 0.00133067 0.00137418 0.0016519 0.00171427 0.00228392 0.00474665 0.00753332 0.00436877 -0.00085165 0.00101972 0.0018482 0.00250892 0.00313883 0.00340286 -0.194492 -0.0029929 -0.00280544 -0.00284526 -0.00312264 -0.00305662 -0.00344822 -0.00372624 -0.00405956 -0.00440306 -0.00446661 -0.00473278 -0.00474122 -0.00467098 -0.0046913 -0.00518382 -0.00602358 -0.00452336 -0.00373866 -0.00301315 -0.00254032 -0.00238219 -0.00268388 -0.00258301 -0.000745925 -0.000857575 -0.000948065
0 0 0 0 0 0 0 0 -1.32737e-09 -0.000610598 -0.000638775 -6.68996e-06 -0.00121291 -0.00124134 -0.00125576 -0.00138283 -0.00139843 -0.00136553 -0.00126706 -0.00114136 -0.000970502 -0.000695891 -0.000335922 0.000309985 0.000363306 0.00433377 0.00350619 0.00437617 0.00498438 0.00566786 0.00641806 0.0126884 -0.00145045 -0.000924289 -0.000369876 0.000575003 0.00125708 0.00154672 0.00169596 0.00185366 0.0021759 0.00365473 0.00662435 0.00649646 0.00458973 0.00378264 0.00303801 0.00284462 0.00311655 0.00273183 -0.00405682 -0.00297983 -0.0024765 -0.00214266 -0.0024868 -0.00278552 -0.00280589 -0.00317987 -0.00366659 -0.00389011 -0.00404457 -0.00403994 -0.00398892 -0.0042082 -0.0040639 -0.00406966 -0.00436194 -0.00446851 -0.00396485 -0.00328554 -0.0025401 -0.00152624 -0.00167122 -0.00179761 -0.00207906 -0.00129813 -0.00118954
