Outputs/initial_cond/5_metri/u_ev.asc
ncols 287
nrows 262
xllcorner 528652
yllcorner 5.07686e+06
cellsize 35
NODATA_value -9999
[rows 102 to 135 of 262, columns 77 to 153 of 287]
0 0 0 0 0 0 0 0 0 0 0 0 0 0 0 0 0 0 0 0 0 0 0 0 0 0 -7.73866e-09 -0.000231506 -0.00123567 -0.0005632 -0.000384786 0.000318384 0.00042792 0.0004639 0.000497038 0.000522348 0.000549489 0.000608915 0.000916776 0.000936462 -0.010883 0.00981532 0.0132387 0.0151233 0.017599 0.0171408 -0.00552493 0.00596865 0.011846 -0.00219264 -0.00174111 -0.00189032 -0.00185414 -0.00175607 -0.00165937 -0.00157655 -0.00138583 -0.00109754 -0.000967788 -0.000700012 -0.000806524 -0.000630298 -0.00070555 -0.000619296 -0.000653727 -0.000798363 -0.000671222 -0.000834759 -0.000849528 -0.000568678 -0.000547446 -0.000562229 -0.00054912 0.00027414 -0.00119043 -0.0014274 -0.00162807
0 0 0 0 0 0 0 0 0 0 0 0 0 0 0 0 0 0 0 0 0 0 0 0 0 0 0 0 -8.44888e-10 -0.000144695 -0.001044 -0.00026192 0.000448913 0.000676552 0.000821313 0.000916392 0.000983052 0.00102792 0.000864402 0.000707722 0.0215438 0.0153027 0.0135331 0.0139085 0.0168053 0.0162317 -0.00444485 0.00392391 0.00907315 0.0467063 -0.00198334 -0.0022547 -0.00224822 -0.00207669 -0.00187851 -0.00168721 -0.00145368 -0.00116082 -0.00105059 -0.000857988 -0.000571195 -0.000449588 0.000524033 -0.000564877 0.000339933 -0.0010626 -0.00112453 -0.00119487 -0.00113909 -0.000931681 -0.000873216 -0.000759279 -0.000474458 0.00040251 -0.00177189 -0.00215247 -0.00244857
0 0 0 0 0 0 0 0 0 0 0 0 0 0 0 0 0 0 0 0 0 0 0 0 0 0 0 0 0 0 0 0 0.0010022 0.00106378 0.00113853 0.0012113 0.00129184 0.00135291 0.00133245 0.00121275 0.0128081 0.0130575 0.0157777 0.0126445 0.0156193 0.0154328 0.022948 0.0151158 0.0134225 0.0366122 -0.00194326 -0.00240014 -0.00224416 -0.00201837 -0.00180943 -0.00163238 -0.00141299 -0.000811119 -0.00103135 -0.00102024 -0.000816114 -0.000500532 0.000514999 -0.000497507 0.000330684 -0.00137943 -0.00163245 -0.00163087 -0.00140864 -0.00135964 -0.00150296 -0.00174588 -0.0019923 -0.00222865 -0.00249829 -0.00318688 -0.00337673
0 0 0 0 0 0 0 0 0 0 0 0 0 0 0 0 0 0 0 0 0 0 0 0 0 0 0 0 0 0 0 0 0 0.000999662 0.00125675 0.00141447 0.00156934 0.00166491 0.00163831 0.00155508 0.0107779 0.0164688 -0.0142681 0.00841053 0.0126248 0.0134675 0.0199925 0.0204314 0.0141302 -0.0407272 -0.006649 -0.00237218 -0.00224939 -0.00203745 -0.00182483 -0.00170735 -0.00165021 -0.00152542 -0.00116705 -0.00114685 -0.000918015 -0.000512598 0.000454194 0.00135225 -0.00218338 -0.00193518 -0.00200731 -0.00190303 -0.00170676 -0.00184168 -0.00214882 -0.00256777 -0.00297174 -0.00308449 -0.00303763 -0.00335706 -0.00313297
0 0 0 0 0 0 0 0 0 0 0 0 0 0 0 0 0 0 0 0 0 0 0 0 0 0 0 0 0 0 0 0 0 0.000963288 0.00131378 0.00156038 0.00179147 0.00194523 0.001964 0.00189557 0.00801207 0.0102589 0.0145526 0.0126314 0.0123756 0.0120905 0.0185923 0.0208644 -0.055206 -0.0523902 -0.00556892 -0.00752633 -0.00256354 -0.00237311 -0.00219273 -0.0020809 -0.00195637 -0.00182259 -0.00150047 -0.00121982 -0.000961318 -0.000526031 0.000321945 -0.00244801 -0.00246988 -0.00233343 -0.00235226 -0.00236229 -0.00228687 -0.00249231 -0.00293847 -0.00331131 -0.00361709 -0.00369893 -0.00383628 -0.00378582 -0.0035809
0 0 0 0 0 0 0 0 0 0 0 0 0 0 0 0 0 0 0 0 0 0 0 0 0 0 0 0 0 0 0 0 0 0.00088347 0.00136705 0.00169069 0.00193559 0.00214787 0.00226835 0.00219249 0.00612915 0.00932438 0.013964 0.0113932 0.0122764 0.0121805 0.0141403 0.02014 -0.0548845 -0.00560295 -0.00399031 -0.00608599 -0.0100951 -0.0131055 -0.0166715 -0.0220203 -0.029727 -0.0358706 -0.0354824 -0.032993 -0.0274657 -0.00319391 -0.00372944 -0.00321391 -0.00285455 -0.00279365 -0.00284214 -0.00293864 -0.00283806 -0.00368804 -0.00408602 -0.00428575 -0.00450302 -0.00463896 -0.00427034 -0.00410447 -0.00398736
0 0 0 0 0 0 0 0 0 0 0 0 0 0 0 0 0 0 0 0 0 0 0 0 0 0 0 0 0 0 0 0 0 0.00123097 0.00154714 0.00178136 0.0019706 0.00216517 0.0023712 0.00235706 0.00525195 0.00877263 -0.00739942 0.00894163 0.00944757 0.0106345 -0.0352936 -0.0590781 -0.00426494 -0.00657175 -0.0101374 -0.0141732 -0.0178589 -0.02112 -0.0250778 -0.0303914 -0.0249484 -0.0111089 -0.0146029 -0.0194365 -0.0243095 -0.0327076 -0.034423 -0.0336781 -0.0341169 -0.03462 -0.0339761 -0.0329145 -0.03171 -0.0311192 -0.02746 -0.0213985 -0.00468685 -0.00440125 -0.00429686 -0.00448794 -0.00474305
0 0 0 0 0 0 0 0 0 0 0 0 0 0 0 0 0 0 0 0 0 0 0 0 0 0 0 0 0 0 0 0 0 0 0.00186978 0.00202041 0.00212421 0.00218521 0.00239509 0.00234496 0.00390869 0.00631091 0.0160148 0.0120569 0.0181149 0.00553343 -0.0206565 -0.0469246 -0.0130678 -0.0164243 -0.0242499 -0.0228168 -0.0182927 -0.0187488 -0.017474 -0.000703146 -0.000874474 -0.0011294 -0.00155811 -0.00226621 -0.00319479 -0.003387 -0.00414679 -0.00473752 -0.00546356 -0.006474 -0.00743575 -0.00899249 -0.01118 -0.0140968 -0.0171075 -0.0212453 -0.0266915 -0.0214655 -0.00705362 -0.00845175 -0.0105675
0 0 0 0 0 0 0 0 0 0 0 0 0 0 0 0 0 0 0 0 0 0 0 0 0 0 0 0 0 0 0 0 0 0 0 0.00163225 0.0020996 0.00219233 0.00238895 0.00248827 0.00342196 0.00467023 0.0119427 0.0127894 -0.00832858 0.00867646 -0.0369754 -0.0352122 -0.0152398 -0.0197784 -0.00693116 -0.0102621 -0.015415 -0.0149728 -0.0122932 -0.00156483 -0.00181046 -0.00198392 -0.00218865 -0.00235297 -0.00238982 -0.00335891 -0.00380636 -0.00412082 -0.00442566 -0.00465638 -0.00504094 -0.0054987 -0.00643927 -0.00748644 -0.00897185 -0.0109343 -0.0134805 -0.0199154 -0.0269356 -0.0266039 -0.0253334
0 0 0 0 0 0 0 0 0 0 0 0 0 0 0 0 0 0 0 0 0 0 0 0 0 0 0 0 0 0 0 0 0 0 0 0.00139771 0.00198666 0.00205929 0.0024203 0.00265337 0.00323375 0.00416755 0.00826966 0.0112422 0.0141637 0.0155906 -0.0352149 -0.022826 -0.0137169 -0.00683119 -0.00979913 -0.0120388 -0.0136493 -0.0126479 -0.00937071 -0.00245576 -0.00261394 -0.00268297 -0.00263123 -0.00314969 -0.00294168 -0.00284917 -0.00390381 -0.00396999 -0.00411745 -0.00423504 -0.0044207 -0.00453765 -0.00470007 -0.00488373 -0.00496633 -0.00487504 -0.00474221 -0.00504753 -0.00506434 -0.00569974 -0.00647629
0 0 0 0 0 0 0 0 0 0 0 0 0 0 0 0 0 0 0 0 0 0 0 0 0 0 0 0 0 0 0 0 0 0 0 0.00165739 0.0026814 0.00197754 0.00243976 0.00274604 0.00309933 0.00370881 0.00614043 0.00993813 0.0128446 0.010038 -0.0289832 -0.0210796 -0.0119844 -0.00910568 -0.0107119 -0.0116937 -0.0119923 -0.010624 -0.00812547 -0.00636369 -0.00814424 -0.00988782 -0.00914213 -0.00795879 -0.00685417 -0.0055637 -0.00393952 -0.00385829 -0.00387163 -0.00396266 -0.00410196 -0.00409891 -0.00416497 -0.00445155 -0.00477464 -0.00479475 -0.00469904 -0.00472284 -0.0048087 -0.00481858 -0.00507269
0 0 0 0 0 0 0 0 0 0 0 0 0 0 0 0 0 0 0 0 0 0 0 0 0 0 0 0 0 0 0 0 0 0 0 0 0.000408238 0.00246111 0.00258736 0.00287941 0.00310471 0.00632886 0.00612606 0.00835066 0.0111398 -0.0486084 0.0166433 -0.0194485 -0.0107455 -0.00957809 -0.0110588 -0.0118405 -0.0114735 -0.0108751 -0.0120937 -0.00962317 -0.00779061 -0.00332869 -0.00334361 -0.00331166 -0.00322457 -0.003233 -0.00340465 -0.00345232 -0.00346081 -0.00355375 -0.00366924 -0.00355404 -0.00364534 -0.00384345 -0.00421471 -0.00445305 -0.00451336 -0.00462476 -0.00481397 -0.00498006 -0.00502498
0 0 0 0 0 0 0 0 0 0 0 0 0 0 0 0 0 0 0 0 0 0 0 0 0 0 0 0 0 0 0 0 0 0 3.62015e-09 0 0.000562306 0.00185506 0.00236191 0.00271722 0.00292125 0.00286461 0.00563977 0.0075051 -0.0457771 -0.0553063 -0.041676 -0.0156376 -0.0101092 -0.00991075 -0.0105776 -0.0111979 -0.0102343 -0.00849916 -0.00172894 -0.00191744 -0.00220392 -0.00253092 -0.00285372 -0.00305626 -0.00287053 -0.00254916 -0.00268563 -0.00287348 -0.0030102 -0.00309093 -0.00324298 -0.00320489 -0.00325839 -0.00337885 -0.00357849 -0.00383636 -0.00396468 -0.0040993 -0.00442638 -0.00474742 -0.00505449
0 0 0 0 0 0 0 0 0 0 0 0 0 0 0 0 0 0 0 0 0 0 0 0 0 0 0 0 0 0 0 0 0 0 0 0.000441704 0.000754924 0.00157019 0.00222624 0.00248958 0.00270323 0.00325143 0.00482386 0.00620062 -0.0298508 0.0331839 -0.0252356 -0.0130808 -0.0100146 -0.0102046 -0.0103108 -0.00992243 -0.00875558 -0.00640847 -0.00078438 -0.000955546 -0.00118982 -0.00155236 -0.00210435 -0.00292022 -0.00299107 -0.00214206 -0.00218449 -0.00227512 -0.00243035 -0.00257049 -0.00269879 -0.00274256 -0.00284368 -0.00298147 -0.00309764 -0.00326684 -0.00338133 -0.00343724 -0.00367806 -0.00404925 -0.00450074
0 0 0 0 0 0 0 0 0 0 0 0 0 0 0 0 0 0 0 0 0 0 0 0 0 0 0 0 0 0 0 0 0 0 0 0.000562247 0.00088093 0.00143828 0.00200332 0.00248356 0.00299598 0.00334953 0.00406657 0.00523224 0.0431995 0.0361371 0.0582461 -0.0119154 -0.0106379 -0.0108889 -0.010509 -0.0101029 -0.0100672 -0.0124038 -0.016743 -0.0151046 -0.0113371 -0.00266397 -0.00279605 -0.00288366 -0.00378839 -0.00174384 -0.00178029 -0.00169273 -0.00181967 -0.00196907 -0.00212827 -0.00227275 -0.00235669 -0.00253315 -0.00263963 -0.0026742 -0.00285437 -0.0028463 -0.00292119 -0.0031678 -0.00356478
0 0 0 0 0 0 0 0 0 0 0 0 0 0 0 0 0 0 0 0 0 0 0 0 0 0 0 0 0 0 0 0 0 0 0 0.000661196 0.00100273 0.00147557 0.00187553 0.00237396 0.00299869 0.00323093 0.0034591 0.00440006 0.0353254 0.0323969 0.0442437 -0.011877 -0.0109399 -0.0110485 -0.0113051 -0.0111013 -0.0118063 -0.0152967 -0.0103127 -0.0120752 -0.0138394 -0.0155621 -0.013465 -0.0105166 -0.00608706 -0.000970102 -0.0011729 -0.000934418 -0.00102585 -0.00123905 -0.0015481 -0.00196444 -0.00198568 -0.00209647 -0.00215606 -0.0021156 -0.0021928 -0.00220144 -0.00214559 -0.00222922 -0.00254031
0 0 0 0 0 0 0 0 0 0 0 0 0 0 0 0 0 0 0 0 0 0 0 0 0 0 0 0 0 0 0 0 0 0 0 0.000699428 0.00106074 0.00142338 0.00182982 0.00219306 0.00265299 0.00300291 0.00292135 0.00405696 0.0252102 0.0336435 0.0399934 -0.0119548 -0.0112898 -0.010495 -0.0106619 -0.0100832 -0.010246 -0.00637735 -0.00695581 -0.00738679 -0.00781911 -0.00847986 -0.00912051 -0.00951885 -0.00927032 -0.00769681 -0.00146174 -0.0018331 -0.00201869 -0.00222505 -0.00233985 -0.00151604 -0.00155395 -0.0016678 -0.00174723 -0.00172703 -0.00173671 -0.00173985 -0.00151506 -0.00119251 -0.00153833
0 0 0 0 0 0 0 0 0 0 0 0 0 0 0 0 0 0 0 0 0 0 0 0 0 0 0 0 0 0 0 0 0 0 0 0.000735229 0.00111996 0.00141904 0.00188675 0.00211904 0.0024065 0.00272788 0.00308518 0.00387951 0.0188064 0.0291448 0.0339488 -0.011908 -0.0119345 -0.0106069 -0.0103681 -0.0110947 -0.0125224 -0.00549667 -0.00535795 -0.00634585 -0.00692115 -0.00760299 -0.00829015 -0.00881377 -0.00906282 -0.0087259 -0.00766794 -0.00414146 -0.00322153 -0.00183211 -0.000688342 -0.000723318 -0.000850635 -0.00104491 -0.0012972 -0.00135781 -0.00144144 -0.00157985 -0.00160352 -0.00140635 -0.00135448
0 0 0 0 0 0 0 0 0 0 0 0 0 0 0 0 0 0 0 0 0 0 0 0 0 0 0 0 0 0 0 0 0 0 0 0.00110324 0.00143443 0.00162306 0.00194894 0.00200525 -0.00171681 0.00144946 0.00272977 0.00364112 0.0133664 0.0207645 0.0255897 -0.0103384 -0.0126258 -0.0113426 -0.0132299 -0.0141125 -0.00650474 -0.00553152 -0.00315746 -0.00387851 -0.00467819 -0.00573084 -0.00706972 -0.0082977 -0.00906452 -0.0085368 -0.00664694 -0.00170812 -0.00180379 -0.00171735 -0.00121603 -0.00118141 -0.00114036 -0.000983576 -0.000615313 -0.000590883 -0.000824291 -0.000974279 -0.00123298 -0.00162 -0.00160483
0 0 0 0 0 0 0 0 0 0 0 0 0 0 0 0 0 0 0 0 0 0 0 0 0 0 0 0 0 0 0 0 0 0 0 0 0.00119452 0.0016038 0.00197807 0.00208217 -0.00211209 0.000983114 0.00232912 0.00318045 0.00921657 0.0148045 0.020153 0.0641401 -0.0138525 -0.0134069 -0.0142081 -0.00671655 -0.00793159 -0.00779844 -0.00119267 -0.0014824 -0.00200315 -0.00290731 -0.0044051 -0.00650602 -0.00927089 -0.0101697 -0.0093079 -0.000937486 -0.00114471 -0.00150123 -0.00166956 -0.00155894 -0.00147945 -0.0013864 -0.00132124 -0.00138643 -0.0014094 -0.00157428 -0.00171416 -0.00184398 -0.00181821
0 0 0 0 0 0 0 0 0 0 0 0 0 0 0 0 0 0 0 0 0 0 0 0 0 0 0 0 0 0 0 0 0 0 0 0 0.00098568 0.00146427 0.00186923 0.00207334 0.00336159 0.00282085 0.0027664 0.00324305 0.00698391 0.020392 0.0216859 0.0520989 -0.0118102 -0.01042 -0.0033429 -0.00544328 -0.00867376 -0.011932 -0.0150378 -0.0140959 -0.0127519 -0.0111447 -0.00706348 -0.00759862 -0.00849086 -0.0122124 -0.0152896 -0.0182852 -0.0175801 -0.0172242 -0.016325 -0.0155426 -0.0146058 -0.0124147 -0.00738421 -0.00837708 -0.0102148 -0.0129925 -0.0123591 -0.0117554 -0.0110258
0 0 0 0 0 0 0 0 0 0 0 0 0 0 0 0 0 0 0 0 0 0 0 0 0 0 0 0 0 0 0 0 0 0 -2.50027e-09 0 0.000839211 0.00147514 0.00183494 0.00205609 0.00305906 0.0030531 0.00313158 0.00340495 0.00556789 0.0147992 0.0163493 0.046738 0.074931 -0.00899651 -0.0038533 -0.00405633 -0.00224016 -0.0033501 -0.00425258 -0.00529432 -0.00677545 -0.00886626 -0.0114667 -0.0102831 -0.00790059 -0.00213213 -0.00223218 -0.00246081 -0.00291486 -0.0035873 -0.00450527 -0.0058549 -0.00779321 -0.0103869 -0.0133407 -0.0122251 -0.00978503 -0.00333472 -0.00358018 -0.00415584 -0.004999
0 0 0 0 0 0 0 0 0 0 0 0 0 0 0 0 0 0 0 0 0 0 0 0 0 0 0 0 0 0 0 0 0 0 -1.29231e-09 -0.000106653 -0.00091807 0.00115533 0.00236632 0.00343969 0.00256214 0.00330776 0.00344907 0.0031944 0.00469349 0.00654535 0.0132891 0.0326233 0.0567237 -0.00711858 -0.00364061 -0.00311584 -0.00155921 -0.000590979 -0.000591806 -0.000552425 -0.000612168 -0.000751588 -0.000965237 -0.00124867 -0.00113303 -0.000916079 -0.00062574 -0.000602213 -0.000675533 -0.000807245 -0.000960146 -0.000866836 -0.000676329 -0.000841528 -0.0011667 -0.00129109 -0.00143791 -0.00164201 -0.0018648 -0.00208706 -0.00225062
0 0 0 0 0 0 0 0 0 0 0 0 0 0 0 0 0 0 0 0 0 0 0 0 0 0 0 0 0 0 0 0 0 0 0 0 0 0.000454034 0.000782594 0.00100541 0.00456603 0.00466146 0.00436179 0.00359882 0.00456289 0.00630803 0.0117575 0.0253081 -0.051942 -0.00714659 -0.0071743 -0.00900399 -0.00148487 -0.0010645 -0.00105831 -0.000959395 -0.00110044 -0.00119156 -0.00118704 -0.000988248 -0.000884603 -0.000739841 -0.000891892 -0.000862803 -0.000878515 -0.000831579 -0.00065793 -0.000748695 -0.000875878 -0.000888039 -0.000595953 -0.000592046 -0.000670846 -0.000849782 -0.00109885 -0.00145852 -0.00161719
0 0 0 0 0 0 0 0 0 0 0 0 0 0 0 0 0 0 0 0 0 0 0 0 0 0 0 0 0 0 0 0 0 0 0 0 0 0 0.000653825 0.00128992 0.0019083 0.00535356 0.00755763 0.00787868 0.00712199 0.00735723 0.0111099 0.016858 -0.0496666 -0.00727086 -0.0078602 -0.00787539 -0.0016374 -0.00143466 -0.00143324 -0.00141157 -0.00141737 -0.00132808 -0.00107211 -0.000543729 -0.000522896 -0.000467196 0.000458124 -0.00117196 -0.00126746 -0.00130895 -0.00130295 -0.0012417 -0.00116063 -0.00124296 -0.00108377 -0.00100316 -0.00110345 -0.00112157 -0.00101339 -0.000718403 -0.000819514
0 0 0 0 0 0 0 0 0 0 0 0 0 0 0 0 0 0 0 0 0 0 0 0 0 0 0 0 0 0 0 0 0 0 0 0 0 0 0.000570745 0.00153438 0.0022786 0.00286772 0.00326434 0.00322064 0.00604465 0.00707287 0.00993641 -0.0666186 -0.0354318 -0.00935441 -0.0116069 -0.0145487 -0.0189042 -0.0179417 -0.0163635 -0.0135207 -0.00323888 -0.00355926 -0.00441331 -0.00574987 -0.00748838 -0.00891121 -0.0126154 -0.0122801 -0.00967178 -0.00190988 -0.00178686 -0.0017342 -0.00165231 -0.00163962 -0.00153907 -0.00150294 -0.00157531 -0.00153108 -0.00146759 -0.00141598 -0.00144377
0 0 0 0 0 0 0 0 0 0 0 0 0 0 0 0 0 0 0 0 0 0 0 0 0 0 0 0 0 0 0 0 0 0 0 0 0 0 0.000443385 0.00198287 0.00286693 0.00329491 0.00325075 0.00319486 0.00721863 0.00737867 0.00902494 0.0722186 -0.0249489 -0.00978789 -0.01124 -0.00914507 -0.00699059 -0.0085614 -0.0110992 -0.0148066 -0.018885 -0.0182138 -0.017797 -0.0174863 -0.0159742 -0.0137982 -0.00822405 -0.00944511 -0.0117865 -0.0137814 -0.0128696 -0.0121463 -0.0115754 -0.0110622 -0.0103913 -0.00974189 -0.00914086 -0.00846032 -0.00773751 -0.00688539 -0.005843
0 0 0 0 0 0 0 0 0 0 0 0 0 0 0 0 0 0 0 0 0 0 0 0 0 0 0 0 0 0 0 0 0 0 0 0 0 0 0 0.00262464 0.00328223 0.00318402 0.00242002 0.00217701 0.00196883 0.00763002 0.00675789 0.00489329 0.0946137 -0.00867207 -0.00748991 -0.00179368 -0.00207793 -0.0022787 -0.00228505 -0.00288186 -0.00290844 -0.00289097 -0.00298457 -0.00299334 -0.0029094 -0.00293442 -0.00297165 -0.00289653 -0.00318846 -0.00323012 -0.00311684 -0.00291454 -0.00281049 -0.0027996 -0.00281999 -0.00286591 -0.0029523 -0.0030185 -0.00315356 -0.0033684 -0.00372138
0 0 0 0 0 0 0 0 0 0 0 0 0 0 0 0 0 0 0 0 0 0 0 0 0 0 0 0 0 0 0 0 0 0 0 0 0 -6.05115e-10 0 0.00391731 0.00270623 -0.000377792 0.000399345 0.000946487 0.00133461 0.00168331 0.009305 0.0105012 0.00346105 -0.00486984 -0.00468614 -0.000983821 -0.00125403 -0.00170075 -0.00220556 -0.00248106 -0.00249428 -0.00251683 -0.00265007 -0.00268898 -0.00267056 -0.00267177 -0.00262988 -0.00253311 -0.00263321 -0.00261608 -0.00268218 -0.00264238 -0.00249061 -0.00230374 -0.00217096 -0.0020833 -0.00202302 -0.00200914 -0.00195008 -0.00194436 -0.00198918
0 0 0 0 0 0 0 0 0 0 0 0 0 0 0 0 0 0 0 0 0 0 0 0 0 0 0 0 0 0 0 0 0 0 0 0 0 -1.79528e-09 -2.53728e-05 -0.00123509 -0.000924061 -0.000399956 0.000421921 0.000979991 0.00140696 0.00176171 0.00209063 0.00248308 0.00597963 0.0043408 -0.00386165 -0.00458284 -0.00403211 -0.00335426 -0.0022817 -0.00220317 -0.00218034 -0.00221342 -0.00224055 -0.00225848 -0.00229819 -0.00230492 -0.00230849 -0.00227897 -0.00227711 -0.00227287 -0.0022347 -0.00219721 -0.00217552 -0.00212473 -0.00195735 -0.00179098 -0.00163854 -0.00152617 -0.00151197 -0.00138264 -0.00126077
0 0 0 0 0 0 0 0 0 0 0 0 0 0 0 0 0 0 0 0 0 0 0 0 0 0 0 0 0 0 0 0 0 0 0 0 0 -1.60571e-09 -0.0002102 -0.00154576 -0.00105347 -0.000417182 0.000453347 0.00101923 0.00137121 0.00173184 0.0021965 0.00250965 0.00250899 0.00143484 -0.00393553 -0.00186265 -0.00181597 -0.00193894 -0.00204261 -0.00196463 -0.00190712 -0.00190237 -0.00190448 -0.00187916 -0.00185177 -0.00183903 -0.00185215 -0.00188268 -0.00192088 -0.00190805 -0.00188916 -0.0018597 -0.00177086 -0.00172758 -0.00170236 -0.00156622 -0.00138751 -0.0012198 -0.00115927 -0.00104206 -0.000819738
0 0 0 0 0 0 0 0 0 0 0 0 0 0 0 0 0 0 0 0 0 0 0 0 0 0 0 0 0 0 0 0 0 0 0 0 0 -1.8138e-09 -1.53601e-05 -0.00177748 -0.00119495 -0.000467853 0.000448461 0.00102155 0.00134799 0.00168698 0.00212745 0.00240581 0.00280976 0.00205862 -0.000414658 -0.000807924 -0.000933256 -0.00117809 -0.00152247 -0.00152766 -0.00148619 -0.00149632 -0.00150119 -0.00148873 -0.00145286 -0.00141676 -0.00140594 -0.00142707 -0.00152579 -0.00154648 -0.00154581 -0.00155532 -0.00150984 -0.00140577 -0.00133726 -0.00125824 -0.00116222 -0.000988925 -0.000885385 -0.000753991 -0.000526036
0 0 0 0 0 0 0 0 0 0 0 0 0 0 0 0 0 0 0 0 0 0 0 0 0 0 0 0 0 0 0 0 0 0 0 0 0 -7.1323e-10 -1.19953e-05 -0.00224984 -0.00127663 -0.000488956 0.000438772 0.000994239 0.00134253 0.00164258 0.00191323 0.00226394 0.00276822 0.00254909 0.000864239 -0.00123197 -0.00122022 -0.00115847 -0.000914126 -0.00108338 -0.0010383 -0.00104364 -0.0010402 -0.00103158 -0.00101046 -0.00097794 -0.000927672 -0.000825765 -0.00104634 -0.00109371 -0.00114756 -0.0011922 -0.00122762 -0.00112867 -0.000991613 -0.000822833 -0.000692397 -0.000531732 -0.000534371 -0.000478599 -0.000398211
0 0 0 0 0 0 0 0 0 0 0 0 0 0 0 0 0 0 0 0 0 0 0 0 0 0 0 0 0 0 0 0 0 0 0 0 0 0 -2.45804e-09 -7.62333e-06 -0.00145788 -0.000509417 0.000481854 0.000971595 0.00130199 0.00158348 0.00185379 0.00223947 0.00262938 0.00271112 0.00228254 -0.00128689 -0.00137527 -0.00118439 -0.000925703 -0.000515157 -0.000471456 -0.000496659 -0.00048322 -0.000476768 -0.000487068 -0.000515041 -0.000562835 -0.000705325 -0.000476247 -0.00049511 -0.000552764 -0.00069264 -0.000898002 -0.000853278 -0.000728369 -0.000457736 -0.000297457 0.000185958 -0.000689318 -0.00039854 0.000428545
