Outputs/initial_cond/5_metri/u_ev.asc
ncols 287
nrows 262
xllcorner 528652
yllcorner 5.07686e+06
cellsize 35
NODATA_value -9999
[rows 170 to 203 of 262, columns 154 to 230 of 287]
-0.00133648 -0.00106749 -0.000612943 -0.000464398 0.000513689 0.000633073 -0.00328594 -0.00194297 -0.00107647 0.00077266 0.000802604 0.000949692 0.00119011 0.00152569 -0.0193546 -0.00178307 -0.00160486 -0.00132416 -0.000899267 -0.00101497 -0.000838629 -0.000498187 0.000339843 0.000792361 0.00104703 0.00117498 0.000685073 -0.00227463 -0.00271538 -0.0028926 -0.00320378 0.0034936 0.000318486 -0.00422931 -0.00417034 -0.00384932 -0.00361061 -0.00335994 -0.00354582 -0.00313526 -0.00218528 -0.00184699 -0.00105847 0.000887023 -0.00449654 -0.00772514 -0.00563864 -0.00417828 -0.0053528 -0.00433183 -0.0019064 -0.00202106 -0.00227295 -0.00213417 -0.00218728 -0.00237453 -0.00250058 -0.00269251 -0.00227259 -0.00201029 -0.0018752 -0.00169416 -0.00159979 -0.00125268 -0.000386293 0.000234041 0.000695227 2.85229e-06 0 0 0 0 0 0 0 0 0
-0.00318003 -0.00138664 -0.000940155 -0.000687045 0.000483293 0.000695482 -0.00349422 -0.0022634 -0.00170892 -0.00118192 -0.000499221 0.000589748 0.0010848 0.00147707 0.00137291 -0.00198346 -0.00182551 -0.00153929 -0.00111639 -0.000806863 -0.000892298 -0.000557608 0.00033252 0.000663309 0.000831686 0.000906352 0.000917364 -0.0117982 -0.0101445 -0.00800132 -0.00519468 -0.00478172 -0.0043622 -0.00439221 -0.0043005 -0.00388326 -0.00365008 -0.00344747 -0.00350746 -0.00331051 -0.00252165 -0.00218817 -0.00156605 -0.000945357 -0.000491122 0.000527332 -0.00591448 -0.00437896 -0.00464947 -0.00607815 -0.00654112 -0.00487223 -0.00292696 -0.00246974 -0.00224538 -0.00224056 -0.00211559 -0.00246049 -0.002207 -0.00186484 -0.00167003 -0.00148469 -0.00132314 -0.00123745 -0.000966036 0.000851012 0.00110614 9.59276e-05 0 0 0 0 0 0 0 0 0
-0.00243668 -0.0027914 -0.00198094 -0.000968863 -0.000432586 0.000440121 -0.00578047 -0.00231146 -0.00190193 -0.00139397 -0.000675855 0.00070654 0.00112915 0.00142152 0.00158115 -0.0227498 -0.00368589 -0.00299141 -0.00231353 -0.001663 -0.000969244 -0.000670673 -0.000294351 0.000412966 0.000501314 0.00053169 0.000530231 -0.00534262 -0.00549418 -0.00533799 -0.00531338 -0.00496158 -0.00456499 -0.00446707 -0.00437886 -0.00399954 -0.00358982 -0.00349573 -0.00336424 -0.00323654 -0.00281605 -0.00235381 -0.00173446 -0.00105183 -0.000499188 0.000646583 -0.00625657 -0.00384607 -0.00333022 -0.00334483 -0.00418012 -0.00361323 -0.00295714 -0.0025048 -0.00228283 -0.00212822 -0.00178167 -0.00207426 -0.00207549 -0.00180424 -0.00144738 -0.00123551 -0.00102982 -0.000940989 0.000611873 0.00109726 3.59829e-06 0 0 0 0 0 0 0 0 0 0
-0.00158714 -0.00138622 -0.00116987 -0.000902803 -0.000477511 0.000459522 0.000945723 -0.00232059 -0.00203484 -0.00156801 -0.000922168 0.000836738 0.00107427 0.00131854 0.00156249 0.00143628 -0.00061706 -0.000585053 -0.000547843 -0.000527105 -0.000507456 -0.000424646 -0.000146808 0.000334105 0.000687064 0.000872513 0.0164945 -0.00575082 -0.00556704 -0.00542145 -0.00537297 -0.00501828 -0.00467546 -0.00450506 -0.00441918 -0.00407133 -0.003641 -0.00357818 -0.0033376 -0.00310475 -0.00285134 -0.00252706 -0.00197473 -0.00110503 0.000633125 0.000887114 -0.00640152 -0.00378755 -0.00333445 -0.00348847 -0.00346306 -0.00355702 -0.00290851 -0.002431 -0.00222401 -0.00204483 -0.00172168 -0.00174041 -0.00178073 -0.00171363 -0.00128559 -0.0010282 -0.000688269 0.000461907 0.00126855 0.00106555 5.51914e-06 0 0 0 0 0 0 0 0 0 0
-0.0013699 -0.00115581 -0.000944927 -0.000740453 -0.000455983 0.000540134 0.000994468 -0.00232509 -0.00212008 -0.00171904 -0.0012474 -0.000454536 0.0007224 0.00120844 0.00153294 0.00169393 -0.0188644 -0.00113088 -0.00101525 -0.000905154 -0.000749895 -0.000448619 0.000352526 0.000649811 0.000912028 0.00118406 -0.00417737 -0.00541892 -0.00540016 -0.00548557 -0.00545724 -0.00515998 -0.00478806 -0.00451067 -0.00440963 -0.00417871 -0.00371989 -0.00361616 -0.00344543 -0.00311115 -0.00281437 -0.00250391 -0.00218451 -0.00155574 -0.000811403 0.000486785 0.000705837 -0.00365591 -0.00340793 -0.00327737 -0.00304477 -0.00334606 -0.0029307 -0.00240617 -0.00208299 -0.00191549 -0.00166812 -0.00141692 -0.00140316 -0.00150496 -0.00115128 -0.000910434 -0.000741867 0.000857698 0.00164857 0.00181686 0.000137755 0 0 0 0 0 0 0 0 0 0
-0.00114674 -0.000888845 -0.00065609 -0.000412576 0.000261503 0.000645514 0.0010375 -0.00233996 -0.00218662 -0.00181597 -0.00131188 -0.000659612 0.000800866 0.0012092 0.00146335 0.00161392 -0.0100966 -0.0174979 -0.00989162 -0.00834078 -0.00357845 -0.000519456 0.000430942 0.000884961 0.00224355 0.00373922 -0.00513546 -0.0049417 -0.00509591 -0.00527496 -0.00529109 -0.00523171 -0.00493985 -0.00459878 -0.00436554 -0.00422585 -0.00384269 -0.00368651 -0.00356514 -0.00325572 -0.00270313 -0.00234001 -0.0021138 -0.00169538 -0.0010748 -0.000402547 0.0004769 -0.00340561 -0.00336215 -0.00307996 -0.00269317 -0.00274445 -0.00298798 -0.0024972 -0.00200096 -0.00169339 -0.00147879 -0.00119572 -0.00112117 -0.00109669 -0.000926643 -0.000562102 0.000463948 0.00128965 0.00198191 0.000156009 0 0 0 0 0 0 0 0 0 0 0
-0.000904931 -0.000521166 -0.000416641 -0.000273538 0.000227509 0.000407451 0.000828122 -0.00205481 -0.00206184 -0.00187392 -0.0014902 -0.000950024 0.000710577 0.00106932 0.0013171 0.00148677 0.00189493 -0.0146241 -0.0058188 -0.00837214 -0.00374634 -0.000682363 0.000615181 0.00163501 0.00169548 0.00204621 -0.00518241 -0.00475989 -0.00489576 -0.00494945 -0.00493149 -0.0050296 -0.0049348 -0.0046978 -0.00437164 -0.00417539 -0.00388591 -0.0038112 -0.00364908 -0.00337596 -0.00291726 -0.00246227 -0.00201038 -0.00170955 -0.00112707 -0.000360225 0.000467692 -0.00324766 -0.00328229 -0.00284628 -0.0024269 -0.00231593 -0.00278071 -0.00263439 -0.00197603 -0.00138961 -0.00130217 -0.000989685 -0.000669679 0.000422756 -0.000745994 -0.000559372 0.000631177 0.00148165 4.13898e-06 0 0 0 0 0 0 0 0 0 0 0 0
-0.000816931 -0.000939826 -0.000736929 -0.000516054 -0.00025767 0.000418691 -0.0013237 -0.00174768 -0.00189418 -0.00189822 -0.00169574 -0.00135956 -0.000654206 0.000771244 0.0011485 0.00144675 0.00210807 0.00196928 -0.0163192 -0.0121184 -0.00510009 -0.000447753 0.000382227 0.000808954 0.00105666 0.00231832 -0.00489477 -0.0048328 -0.00477424 -0.00469691 -0.00460776 -0.00466545 -0.0047369 -0.00460527 -0.00437735 -0.00413789 -0.0038435 -0.00375786 -0.00368916 -0.00344685 -0.00310371 -0.00267009 -0.00215738 -0.00172888 -0.00120872 -0.000869742 0.000459239 -0.0031017 -0.0031755 -0.00278356 -0.0024453 -0.00222472 -0.0025428 -0.0027229 -0.00243084 -0.00116398 -0.00140918 -0.00100938 -0.000804705 -0.00037452 -0.0004595 0.000481097 0.000817093 2.31232e-06 0 0 0 0 0 0 0 0 0 0 0 0 0
-0.00111397 -0.00091161 -0.000520009 0.00040269 -0.00111669 -0.0012787 -0.000888494 -0.00113332 -0.00138585 -0.00173964 -0.0017554 -0.00161862 -0.000964508 0.000829892 0.00106691 0.00136989 0.00220916 0.00221184 -0.00967173 -0.0149678 -0.00703479 -0.000413771 0.000335905 0.000709345 0.000912962 0.00289772 -0.00370173 -0.0048252 -0.00468748 -0.00454424 -0.00437373 -0.00429005 -0.00439446 -0.00433669 -0.00423669 -0.0041074 -0.00379367 -0.00365527 -0.00365755 -0.00351177 -0.00314947 -0.00272067 -0.00221135 -0.00183027 -0.00130922 -0.00049402 0.000594834 -0.00264393 -0.00297616 -0.00272173 -0.00237762 -0.002164 -0.00223977 -0.00225356 -0.00261139 -0.00278312 -0.00168383 -0.000736681 -0.000756551 -0.000298693 0.000568151 0.000649245 0.000625513 1.00783e-06 0 0 0 0 0 0 0 0 0 0 0 0 0
-0.000982431 -0.00058163 0.000549971 -0.00384486 -0.00607911 -0.00790463 -0.00684704 -0.00517256 -0.00141333 -0.001216 -0.00152703 -0.00191271 -0.00139407 -0.00066937 0.000768709 0.00123005 0.00194093 -0.000746675 -0.00139016 0.000443704 -0.00952667 -0.000317261 0.000186358 0.000552082 0.00071597 0.00354791 -0.00269233 -0.00460443 -0.00467277 -0.00446321 -0.00421321 -0.00396883 -0.00407922 -0.00406999 -0.00397481 -0.00398728 -0.00380708 -0.00359741 -0.00366817 -0.00354734 -0.00318803 -0.00280558 -0.00229466 -0.00188864 -0.00140758 -0.000609963 0.000695279 -0.00242079 -0.00268952 -0.00259857 -0.00228218 -0.00208454 -0.00185218 -0.00153393 -0.00158123 -0.00155189 -0.00150863 -0.00165176 -0.000752847 -0.000272994 0.000269171 0.000484554 0.00082417 7.61358e-05 0 0 0 0 0 0 0 0 0 0 0 0 0
0.000430634 0.000843641 -0.00977303 -0.00972802 -0.00771168 -0.00419457 -0.00455448 -0.00489868 -0.00549661 -0.00419356 -0.00221251 -0.00218451 -0.00165541 -0.000998212 0.0008213 0.00115475 -0.000835346 -0.000484098 0.000518306 0.00116643 -0.0131927 -0.000606212 -0.000271317 0.000267786 0.000399067 0.00379256 -0.0034404 -0.00402255 -0.00460688 -0.00438346 -0.00408348 -0.00385397 -0.00387641 -0.00382672 -0.0037293 -0.00373294 -0.00375185 -0.00355118 -0.00363994 -0.00357694 -0.00326741 -0.00292917 -0.00245938 -0.00195504 -0.00152208 -0.000604732 0.00084279 -0.00235656 -0.00239111 -0.00245957 -0.0021753 -0.00198895 -0.00176353 -0.0014345 -0.00125194 -0.0011047 -0.000844376 -0.000740594 -0.000504103 0.000414499 0.000690931 0.000856607 8.33489e-05 0 0 0 0 0 0 0 0 0 0 0 0 0 0
0.000393033 -0.0081319 -0.00309397 -0.00295796 -0.00297641 -0.00306182 -0.00315578 -0.00320708 -0.0033023 -0.0038642 -0.00405992 -0.00250342 -0.00196015 -0.00145424 -0.000762246 0.000854574 -0.000821405 -0.000531707 0.000635975 0.00128157 0.00171768 -3.27773e-05 -0.0151402 -0.000485024 0.000524469 -0.00317143 -0.00359421 -0.00383946 -0.0042171 -0.00424192 -0.0039315 -0.00377306 -0.00372797 -0.00362332 -0.00354223 -0.00349401 -0.00352906 -0.00345649 -0.00349301 -0.00353572 -0.0033679 -0.00306031 -0.00266684 -0.00217161 -0.00171571 -0.000772674 0.000987078 -0.00220832 -0.0021621 -0.00225033 -0.00207762 -0.0018168 -0.00165251 -0.00137699 -0.00108889 -0.000908939 -0.000656191 -0.000411396 0.000358226 0.000502738 0.000873655 8.2655e-05 0 0 0 0 0 0 0 0 0 0 0 0 0 0 0
0.00029225 -0.0077755 -0.00264904 -0.00251735 -0.00255402 -0.0026369 -0.00263599 -0.00250377 -0.00239581 -0.00242311 -0.00259393 -0.00237788 -0.00198298 -0.00156449 -0.00121652 -0.000705051 -0.000693358 -0.000535638 0.000822647 0.00139561 0.0017585 0.00188816 0.00130117 0.000173521 -0.00108921 -0.00372869 -0.00358586 -0.00343402 -0.0037365 -0.00393707 -0.00381043 -0.00363891 -0.00354171 -0.0034021 -0.00335908 -0.00328237 -0.00324565 -0.00325648 -0.00322788 -0.00329471 -0.00329386 -0.0031282 -0.00286023 -0.00247151 -0.00203143 -0.00119928 0.00109322 -0.00206482 -0.00198136 -0.00192992 -0.00191164 -0.00167124 -0.00142609 -0.00122043 -0.000942787 -0.000697747 -0.000434546 0.000383051 0.000484858 0.000760008 2.19347e-06 0 0 0 0 0 0 0 0 0 0 0 0 0 0 0 0
-0.0141585 -0.00766016 -0.0018222 -0.00166721 -0.00167919 -0.00173338 -0.00184014 -0.00194595 -0.00194677 -0.00174952 -0.00221472 -0.00220459 -0.00187302 -0.0014729 -0.00119252 -0.000831263 -0.000421482 0.00049809 0.00110044 0.0014951 0.00176673 0.00177778 0.00162657 -0.000651248 -0.00358587 -0.00385896 -0.00369832 -0.00257888 -0.0035412 -0.00359383 -0.00372018 -0.00357675 -0.0033792 -0.00324874 -0.00318788 -0.00308922 -0.00299786 -0.00300557 -0.00295694 -0.00280386 -0.00296049 -0.00289652 -0.00278977 -0.0026295 -0.00236685 -0.00198095 -0.00157654 -0.00182536 -0.00179524 -0.00169625 -0.00166992 -0.00155225 -0.00125624 -0.00101484 -0.00075774 -0.000424861 0.000287691 0.000460182 0.000749868 0.00100181 9.43043e-05 0 0 0 0 0 0 0 0 0 0 0 0 0 0 0 0
-0.00125077 -0.00109217 -0.000922322 -0.00103087 -0.00107712 -0.00106367 -0.00111 -0.00127484 -0.00136259 -0.00131152 -0.00164894 -0.0018786 -0.00175515 -0.00140709 -0.00113776 -0.000837943 -0.000424604 0.000586465 0.00114318 0.0015021 0.00196274 0.0014521 0.00115913 -0.00383055 -0.00379839 -0.00389592 -0.00460153 -0.00519361 -0.00357189 -0.00340036 -0.00342557 -0.00356643 -0.00346619 -0.00323027 -0.00305238 -0.00294231 -0.00282312 -0.00271422 -0.00269922 -0.00258083 -0.00255844 -0.00258189 -0.00252031 -0.00243449 -0.0022918 -0.00203444 -0.00168504 -0.00151933 -0.00161486 -0.00148534 -0.00143546 -0.00133652 -0.00110656 -0.000797846 -0.000567033 -0.000234564 0.000317176 0.000689723 0.000961332 8.74704e-05 0 0 0 0 0 0 0 0 0 0 0 0 0 0 0 0 0
-0.000677843 -0.000752158 -0.000855254 -0.00051091 -0.000495612 -0.000461057 -0.000393338 -0.000496098 -0.000621027 -0.000762877 -0.00100314 -0.00107008 -0.00160425 -0.00138117 -0.00108338 -0.000763179 -0.000463457 0.000706397 0.00123632 0.00164725 0.00263963 0.00443054 0.00546899 -0.00491787 -0.00321119 -0.00285304 -0.0030487 -0.0032128 -0.00321672 -0.00305769 -0.00293357 -0.0029271 -0.00296034 -0.00295957 -0.00284753 -0.00277421 -0.00264295 -0.00248484 -0.002307 -0.00229454 -0.00226288 -0.00225043 -0.00219547 -0.00212412 -0.00205456 -0.00193008 -0.00168973 -0.00140715 -0.00140568 -0.0012073 -0.00121682 -0.00112698 -0.00095292 -0.000560749 -0.000198602 0.00031631 0.000637152 0.000915264 8.40311e-05 0 0 0 0 0 0 0 0 0 0 0 0 0 0 0 0 0 0
-0.00118233 -0.00115964 -0.00118134 -0.000938379 -0.000826811 -0.000711257 -0.000428359 0.0003797 -0.000868263 -0.00100066 -0.00077199 -0.000802812 -0.00125279 -0.00123186 -0.000948994 -0.000509769 0.000296149 0.000938792 0.00140228 0.00180341 0.00317896 0.0030966 0.00285788 0.00227059 -0.00322575 -0.00237515 -0.00257887 -0.00269414 -0.00276238 -0.00271362 -0.00262224 -0.00259131 -0.00257961 -0.00261474 -0.00258212 -0.0025568 -0.00250222 -0.00233484 -0.00213745 -0.00199881 -0.00197455 -0.00196486 -0.00188749 -0.00179036 -0.00174036 -0.00165981 -0.00155879 -0.00136437 -0.00121733 -0.00103108 -0.000946245 -0.000860968 -0.000731977 -0.000238853 0.000304113 0.000645214 0.000902956 8.32378e-05 0 0 0 0 0 0 0 0 0 0 0 0 0 0 0 0 0 0 0
-0.00153619 -0.00148387 -0.00147932 -0.00123675 -0.00102539 -0.000974092 -0.000878345 -0.00099867 0.000744595 -0.00127792 -0.00132685 -0.00131804 -0.00100461 -0.00116336 -0.000905235 -0.000465825 0.000395978 0.000978987 0.0013735 0.00169187 0.00286553 0.0019404 0.00206135 0.00193496 -0.00361837 -0.00156028 -0.00231714 -0.00234886 -0.00229906 -0.00222441 -0.00224998 -0.00229999 -0.00227296 -0.00227241 -0.00224895 -0.00225751 -0.00224759 -0.00216912 -0.00199087 -0.00182285 -0.00171383 -0.00162901 -0.00156969 -0.00146442 -0.00136565 -0.00133976 -0.00128991 -0.00118981 -0.00104109 -0.000857387 -0.000619428 -0.000406308 0.000425232 0.000692634 0.00086178 0.00104501 8.42761e-05 0 0 0 0 0 0 0 0 0 0 0 0 0 0 0 0 0 0 0 0
-0.00180427 -0.00175274 -0.00172353 -0.001615 -0.00137029 -0.0013405 -0.00145382 -0.00173352 -0.00191206 -0.00162909 -0.00169915 -0.00163663 -0.00140013 -0.00111922 -0.000857502 -0.000443987 0.000413906 0.000912714 0.00122938 0.00149033 -0.000818852 0.000755572 0.00125421 0.00147352 -0.00385928 -0.00425164 -0.00227855 -0.00213633 -0.00198658 -0.00183417 -0.00181665 -0.00182401 -0.00180759 -0.00182227 -0.00179751 -0.00186613 -0.0018454 -0.00178279 -0.00169234 -0.00158001 -0.00144242 -0.00128339 -0.00123246 -0.00114193 -0.00100349 -0.000986326 -0.000969419 -0.000919433 -0.000828143 -0.000657037 -0.000377368 0.000316291 0.000490408 0.00056787 0.00100308 7.45948e-05 0 0 0 0 0 0 0 0 0 0 0 0 0 0 0 0 0 0 0 0 0
-0.00217216 -0.00209929 -0.0020265 -0.00204144 -0.00204271 -0.00198586 -0.00197451 -0.00228313 -0.00224389 -0.0019882 -0.00191669 -0.00169439 -0.00134315 -0.000803571 -0.000789984 -0.000420029 0.000392054 0.0008163 0.0010692 0.00127348 -0.00113204 0.000908847 0.00116409 0.00132242 0.001313 -0.00273661 -0.00207049 -0.00201207 -0.00175848 -0.00154752 -0.00145709 -0.00139199 -0.00130724 -0.0013146 -0.0011288 -0.00143103 -0.00148577 -0.00143184 -0.00137589 -0.00130537 -0.00116287 -0.000982131 -0.000911781 -0.000814501 -0.000504357 -0.000509413 -0.000511605 -0.000516683 -0.000489411 -0.000403608 -0.000246968 0.000269738 0.000665474 0.000923305 6.47987e-05 0 0 0 0 0 0 0 0 0 0 0 0 0 0 0 0 0 0 0 0 0 0
-0.00407808 -0.00291894 -0.00273993 -0.00268991 -0.0027323 -0.00274986 -0.00274337 -0.00272909 -0.00259765 -0.00242357 -0.00233814 -0.00190143 -0.00145249 -0.0011147 -0.000731319 -0.000398378 0.000325169 0.000673782 0.000885524 0.00103678 -0.00110235 -0.000526885 0.000653191 0.00116781 0.0013689 0.000983318 -0.0015656 -0.00162716 -0.00144197 -0.00122922 -0.00115486 -0.00104952 -0.000725653 -0.000826133 -0.00117446 -0.000994207 -0.00112508 -0.00104549 -0.00100314 -0.000938301 -0.000820172 -0.000538307 -0.000549111 -0.000645964 -0.000594513 -0.000951091 -0.000953568 -0.000910738 -0.000842109 -0.000653817 -0.000658911 -0.000452379 0.000626311 3.77469e-05 0 0 0 0 0 0 0 0 0 0 0 0 0 0 0 0 0 0 0 0 0 0 0
-0.0022236 -0.00306069 -0.00314789 -0.00321506 -0.0031857 -0.00314707 -0.00307835 -0.00296104 -0.00280109 -0.00265674 -0.00222984 -0.00183068 -0.00153615 -0.00100001 -0.000444448 -0.000280663 0.00021649 0.000407037 0.000609981 0.000778176 0.000857809 -0.000631926 0.000768855 0.0011925 0.00136183 0.00119785 -0.00113296 -0.00127837 -0.00115067 -0.000787181 -0.000892439 -0.00111282 -0.00145567 -0.00164516 -0.00198189 -0.0023125 -0.000593378 -0.000549448 -0.000546923 -0.000580684 -0.000616423 -0.000621902 -0.000661291 -0.000474619 0.00044589 -0.00303861 -0.00378046 -0.00329202 -0.00278639 -0.00219883 -0.00173416 -0.000975312 0 0 0 0 0 0 0 0 0 0 0 0 0 0 0 0 0 0 0 0 0 0 0 0 0
-0.00295634 -0.00323276 -0.00326148 -0.00331351 -0.00331752 -0.003317 -0.00325097 -0.00303637 -0.0026827 -0.0022404 -0.00186837 -0.00157972 -0.00127645 -0.00102417 -0.000769219 -0.000657204 -0.00048758 -0.000201704 0.000255908 0.000536721 0.000686806 0.00082324 0.001061 0.00120787 0.0012678 0.000903651 -0.00066099 -0.000922664 -0.00116319 -0.00148562 -0.00167775 -0.00188435 -0.0021859 -0.00255862 -0.00326844 -0.00245033 -0.0025523 -0.0020565 -0.00153907 -0.00103107 -0.000906428 -0.000849153 -0.000670925 0.000433552 -0.0047728 -0.0033735 0 0 0 0 0 0 0 0 0 0 0 0 0 0 0 0 0 0 0 0 0 0 0 0 0 0 0 0 0 0 0
-0.00365938 -0.00373486 -0.00374544 -0.00377815 -0.00374495 -0.00354394 -0.0032607 -0.00293928 -0.00250881 -0.00213926 -0.00185888 -0.00159361 -0.00135356 -0.00120652 -0.00105502 -0.000994052 -0.000880983 -0.000589923 -0.000262664 0.000238608 0.000509737 0.000711239 0.000879202 0.00101826 0.00119269 0.00132524 -0.00141114 -0.00179227 -0.00201575 -0.00228647 -0.0028775 -0.00329905 -0.00369376 -0.00300155 0 0 0 0 0 0 0.0011886 -0.001762 -0.000798796 0.000710841 0.000141423 0 0 0 0 0 0 0 0 0 0 0 0 0 0 0 0 0 0 0 0 0 0 0 0 0 0 0 0 0 0 0 0
-0.00421638 -0.00410378 -0.00400768 -0.00393284 -0.00378113 -0.00347953 -0.00315334 -0.00284941 -0.00248474 -0.00219584 -0.00202262 -0.00183354 -0.00168242 -0.00156762 -0.00141689 -0.00129791 -0.00118326 -0.000905605 -0.000589503 -0.000283946 0.000243328 0.000419039 0.00049773 0.000533373 0.000575703 0.00171613 -0.00601792 -0.00716075 -0.00632892 -0.00558564 -0.00503105 -0.0035515 0 0 0 0 0 0 0 0 0 0 0 0 0 0 0 0 0 0 0 0 0 0 0 0 0 0 0 0 0 0 0 0 0 0 0 0 0 0 0 0 0 0 0 0 0
-0.0158351 -0.0138661 -0.0108479 -0.00423344 -0.00394871 -0.00359242 -0.00325306 -0.00300131 -0.00276397 -0.00256761 -0.00249053 -0.00236266 -0.00218503 -0.00197209 -0.00177654 -0.00159289 -0.00144682 -0.00125433 -0.00101642 -0.000741581 -0.00031179 0.000447875 0.000716459 0.00129394 0.000129646 0 0 0 0 0 0 0 0 0 0 0 0 0 0 0 0 0 0 0 0 0 0 0 0 0 0 0 0 0 0 0 0 0 0 0 0 0 0 0 0 0 0 0 0 0 0 0 0 0 0 0 0
-0.00767456 -0.0092043 -0.0109595 -0.0129339 -0.0111552 -0.00739217 -0.00866978 -0.0101944 -0.00940771 -0.0086039 -0.00806764 -0.00741177 -0.00668763 -0.00586599 -0.00484732 -0.00362015 -0.00168639 -0.00141236 -0.00115343 -0.000650811 0.000331817 0.000675275 2.30383e-06 0 0 0 0 0 0 0 0 0 0 0 0 0 0 0 0 0 0 0 0 0 0 0 0 0 0 0 0 0 0 0 0 0 0 0 0 0 0 0 0 0 0 0 0 0 0 0 0 0 0 0 0 0 0
-0.00412583 -0.00489269 -0.00576519 -0.00692959 -0.00860976 -0.0105375 -0.00815892 -0.00287392 -0.00174727 -0.00103965 -0.00129042 -0.00165154 -0.00218927 -0.00285635 -0.00299661 -0.00321009 -0.00355503 -0.00257798 -0.00118985 -0.000604679 0.000390557 0.000814829 9.39331e-05 0 0 0 0 0 0 0 0 0 0 0 0 0 0 0 0 0 0 0 0 0 0 0 0 0 0 0 0 0 0 0 0 0 0 0 0 0 0 0 0 0 0 0 0 0 0 0 0 0 0 0 0 0 0
-0.0018508 -0.00211161 -0.00248844 -0.00299166 -0.00376423 -0.00364342 -0.00380032 -0.00338704 -0.0023323 -0.00300719 -0.00344211 -0.00391892 -0.0031995 -0.00214799 -0.00202258 -0.00195543 -0.00194652 -0.00186675 -0.0018889 -0.000784147 0.00060428 0.000169919 0 0 0 0 0 0 0 0 0 0 0 0 0 0 0 0 0 0 0 0 0 0 0 0 0 0 0 0 0 0 0 0 0 0 0 0 0 0 0 0 0 0 0 0 0 0 0 0 0 0 0 0 0 0 0
-0.000717605 -0.000504871 0 -1.19097e-09 -1.14242e-05 -0.00294978 -0.00372787 -0.00464518 -0.00540584 -0.00482217 -0.00367642 -0.00187311 -0.00170107 -0.00162729 -0.00156226 -0.00147079 -0.00140368 -0.00113566 -0.000882155 -0.00052091 0.000430046 3.10353e-06 0 0 0 0 0 0 0 0 0 0 0 0 0 0 0 0 0 0 0 0 0 0 0 0 0 0 0 0 0 0 0 0 0 0 0 0 0 0 0 0 0 0 0 0 0 0 0 0 0 0 0 0 0 0 0
0 0 0 0 0 0 0 0 -1.21951e-09 -2.62708e-06 -0.00100251 -0.000997377 -0.0010023 -0.00102569 -0.00103964 -0.00112197 -0.00130303 -0.000917469 -0.000642381 -0.000403433 0.000422277 1.99399e-06 0 0 0 0 0 0 0 0 0 0 0 0 0 0 0 0 0 0 0 0 0 0 0 0 0 0 0 0 0 0 0 0 0 0 0 0 0 0 0 0 0 0 0 0 0 0 0 0 0 0 0 0 0 0 0
0 0 0 0 0 0 0 0 0 0 0 0 0 0 0 -2.57402e-10 -6.64754e-07 -0.00056406 -0.000267907 0.000261855 0.000406619 1.01985e-06 0 0 0 0 0 0 0 0 0 0 0 0 0 0 0 0 0 0 0 0 0 0 0 0 0 0 0 0 0 0 0 0 0 0 0 0 0 0 0 0 0 0 0 0 0 0 0 0 0 0 0 0 0 0 0
0 0 0 0 0 0 0 0 0 0 0 0 0 0 0 0 0 0 0 0.000863259 0.000858587 3.22597e-06 0 0 0 0 0 0 0 0 0 0 0 0 0 0 0 0 0 0 0 0 0 0 0 0 0 0 0 0 0 0 0 0 0 0 0 0 0 0 0 0 0 0 0 0 0 0 0 0 0 0 0 0 0 0 0
0 0 0 0 0 0 0 0 0 0 0 0 0 0 0 0 0 0 0 0 0.0013154 0.000154097 0 0 0 0 0 0 0 0 0 0 0 0 0 0 0 0 0 0 0 0 0 0 0 0 0 0 0 0 0 0 0 0 0 0 0 0 0 0 0 0 0 0 0 0 0 0 0 0 0 0 0 0 0 0 0
