Outputs/initial_cond/5_metri/u_ev.asc
ncols 287
nrows 262
xllcorner 528652
yllcorner 5.07686e+06
cellsize 35
NODATA_value -9999
[rows 68 to 101 of 262, columns 154 to 230 of 287]
-0.00354578 -0.00311121 -0.00203278 -0.00265233 -0.00269194 -0.00260641 -0.00246058 -0.00251599 -0.00268995 -0.00272789 -0.00267173 -0.00257097 -0.00254543 -0.00262131 -0.00269536 0 0 0 0 0 0 0 0 0 0 0 0 0 0 0 0 0 0 0 0 0 0 0 0 0 0 0 0 0 0 0 0 0 0 0 0 0 0 0 0 0 0 0 0 0 0 0 0 0 0 0 0 0 0 0 0 0 0 0 0 0 0
-0.00372529 -0.0040971 -0.00424797 -0.00283878 -0.00270156 -0.00250175 -0.00221931 -0.00210929 -0.00212566 -0.00217339 -0.00220219 -0.00215146 -0.00213607 -0.00220421 -0.00226314 -0.00232698 0 0 0 0 0 0 0 0 0 0 0 0 0 0 0 0 0 0 0 0 0 0 0 0 0 0 0 0 0 0 0 0 0 0 0 0 0 0 0 0 0 0 0 0 0 0 0 0 0 0 0 0 0 0 0 0 0 0 0 0 0
-0.00273705 -0.00265962 -0.00265723 -0.00256031 -0.00246701 -0.00240399 -0.00222793 -0.00192787 -0.00175787 -0.0016775 -0.00165786 -0.00162417 -0.00169635 -0.00175142 -0.00180708 -0.00190638 -0.0019596 0 0 0 0 0 0 0 0 0 0 0 0 0 0 0 0 0 0 0 0 0 0 0 0 0 0 0 0 0 0 0 0 0 0 0 0 0 0 0 0 0 0 0 0 0 0 0 0 0 0 0 0 0 0 0 0 0 0 0 0
-0.00230162 -0.00211713 -0.00194093 -0.00180724 -0.00171722 -0.00164411 -0.00155508 -0.00153859 -0.00144603 -0.00124545 -0.0011677 -0.000941611 -0.00117783 -0.00123297 -0.00130692 -0.00140736 -0.00150967 -0.00157174 0 0 0 0 0 0 0 0 0 0 0 0 0 0 0 0 0 0 0 0 0 0 0 0 0 0 0 0 0 0 0 0 0 0 0 0 0 0 0 0 0 0 0 0 0 0 0 0 0 0 0 0 0 0 0 0 0 0 0
-0.00195364 -0.00184443 -0.00167592 -0.00146452 -0.00133389 -0.00118777 -0.00110608 -0.00104906 -0.00103453 -0.000631227 -0.0006909 -0.000915367 -0.000587601 -0.000591511 -0.000653261 -0.000762957 -0.000935636 -0.00110222 -0.00109572 0 0 0 0 0 0 0 0 0 0 0 0 0 0 0 0 0 0 0 0 0 0 0 0 0 0 0 0 0 0 0 0 0 0 0 0 0 0 0 0 0 0 0 0 0 0 0 0 0 0 0 0 0 0 0 0 0 0
-0.00168102 -0.00150899 -0.00136791 -0.0011247 -0.000958387 -0.000627335 -0.000632373 -0.00065837 -0.00077833 -0.0010681 -0.00119069 -0.00128817 -0.00115169 -0.00116236 -0.00119075 -0.00112396 -0.000951288 -0.000619347 -0.000622482 0 0 0 0 0 0 0 0 0 0 0 0 0 0 0 0 0 0 0 0 0 0 0 0 0 0 0 0 0 0 0 0 0 0 0 0 0 0 0 0 0 0 0 0 0 0 0 0 0 0 0 0 0 0 0 0 0 0
-0.00156593 -0.00134366 -0.00113074 -0.000762283 -0.000923115 -0.00115066 -0.00119343 -0.00128873 -0.0014089 -0.00148115 -0.00166937 -0.00161069 -0.00154821 -0.00159334 -0.00148174 -0.0013458 -0.00115083 -0.000867405 -0.000593247 -0.000570976 0 0 0 0 0 0 0 0 0 0 0 0 0 0 0 0 0 0 0 0 0 0 0 0 0 0 0 0 0 0 0 0 0 0 0 0 0 0 0 0 0 0 0 0 0 0 0 0 0 0 0 0 0 0 0 0 0
-0.00131741 -0.00118506 -0.00107227 -0.0011621 -0.00141083 -0.00165466 -0.00167978 -0.00176069 -0.00190612 -0.00200416 -0.00205877 -0.00196467 -0.00202589 -0.00198027 -0.00180143 -0.00164667 -0.00148467 -0.00133476 -0.00124426 -0.00119084 -0.000963243 0 0 0 0 0 0 0 0 0 0 0 0 0 0 0 0 0 0 0 0 0 0 0 0 0 0 0 0 0 0 0 0 0 0 0 0 0 0 0 0 0 0 0 0 0 0 0 0 0 0 0 0 0 0 0 0
-0.000892728 -0.000685951 -0.00069881 0.000606053 -0.00203555 -0.00227686 -0.00227627 -0.00257924 -0.00308003 -0.00365118 -0.00431773 -0.00534551 -0.00646913 -0.00573306 -0.00488662 -0.0040261 -0.00308892 -0.00190399 -0.00155759 -0.0011124 -0.000395549 0 0.000298895 0 0 0 0 0 0 0 0 0 0 0 0 0 0 0 0 0 0 0 0 0 0 0 0 0 0 0 0 0 0 0 0 0 0 0 0 0 0 0 0 0 0 0 0 0 0 0 0 0 0 0 0 0 0
-0.000551144 -0.000552973 0.000366325 0.000726359 -0.00373142 -0.00449891 -0.00530745 -0.00749192 -0.00932047 -0.00849224 -0.00731139 -0.0055923 -0.00208937 -0.00188768 -0.00171496 -0.00175439 -0.00182513 -0.00180816 -0.00132069 -0.000928133 -0.000422132 0.000379393 1.06959e-06 0 0 0 0 0 0 0 0 0 0 0 0 0 0 0 0 0 0 0 0 0 0 0 0 0 0 0 0 0 0 0 0 0 0 0 0 0 0 0 0 0 0 0 0 0 0 0 0 0 0 0 0 0 0
-0.000689963 -0.0005078 0.000448219 -0.00358173 -0.00650674 -0.00807948 -0.00982824 -0.00775628 -0.00216987 -0.00209109 -0.00200722 -0.00195409 -0.00180445 -0.0013317 -0.00092285 -0.000928974 -0.00113627 -0.00152468 -0.00130057 -0.00109429 -0.000952612 -0.000938236 0 0.000194881 0 0 0 0 0 0 0 0 0 0 0 0 0 0 0 0 0 0 0 0 0 0 0 0 0 0 0 0 0 0 0 0 0 0 0 0 0 0 0 0 0 0 0 0 0 0 0 0 0 0 0 0 0
-0.000836773 -0.000434124 0.000382078 -0.00706722 -0.00717024 -0.00674922 -0.00118916 -0.00151818 -0.0015739 -0.00155416 -0.00145182 -0.00137085 -0.00136138 -0.00112199 -0.0014195 -0.0014754 -0.00158976 -0.00169715 -0.00150286 -0.00136702 -0.00119185 -0.000856565 0.000418457 5.43362e-05 0 0 0 0 0 0 0 0 0 0 0 0 0 0 0 0 0 0 0 0 0 0 0 0 0 0 0 0 0 0 0 0 0 0 0 0 0 0 0 0 0 0 0 0 0 0 0 0 0 0 0 0 0
-0.00382349 -0.00426643 -0.00768862 -0.00697844 -0.00584913 -0.00427271 -0.00126573 -0.000958898 -0.00105996 -0.00123632 -0.00113739 -0.000887417 -0.00115703 -0.00154694 -0.00171828 -0.00180702 -0.00194508 -0.00187616 -0.00174046 -0.0016101 -0.00133745 -0.000986364 -0.000452108 0 0 0 0 0 0 0 0 0 0 0 0 0 0 0 0 0 0 0 0 0 0 0 0 0 0 0 0 0 0 0 0 0 0 0 0 0 0 0 0 0 0 0 0 0 0 0 0 0 0 0 0 0 0
-0.00614443 -0.0072357 -0.0088228 -0.00794141 -0.00780635 -0.00537155 -0.00304683 -0.00214436 -0.00124588 -0.000945363 -0.00112141 -0.00146158 -0.00167203 -0.00187121 -0.00212187 -0.00224471 -0.00229474 -0.00220428 -0.00213902 -0.00194803 -0.00170377 -0.00145038 -0.00115425 0 0.000382584 0 0 0 0 0 0 0 0 0 0 0 0 0 0 0 0 0 0 0 0 0 0 0 0 0 0 0 0 0 0 0 0 0 0 0 0 0 0 0 0 0 0 0 0 0 0 0 0 0 0 0 0
-0.0151674 -0.0136879 -0.0111968 -0.00762129 -0.00233923 -0.00191617 -0.00151883 -0.00119658 -0.00155077 -0.00160866 -0.00161813 -0.00197271 -0.0023 -0.00265792 -0.00302322 -0.0033447 -0.00375411 -0.00417659 -0.00458933 -0.00346253 -0.00252008 -0.00139756 -0.000678199 0.000471917 5.65616e-05 0 0 0 0 0 0 0 0 0 0 0 0 0 0 0 0 -2.87942e-09 -0.000579277 -0.000449155 -0.000393788 -0.000566111 0 0 0 0 0 0 0 0 0 0 0 0 0 0 0 0 0 0 0 0 0 0 0 0 0 0 0 0 0 0 0
-0.000972005 -0.00109642 -0.0013991 -0.00177747 -0.00184928 -0.00183757 -0.00143311 -0.00189179 -0.00202806 -0.0023652 -0.00275954 -0.00331819 -0.00389698 -0.00452272 -0.00511792 -0.00576543 -0.00628597 -0.00483889 -0.00240018 -0.000853254 -0.000967443 -0.00117052 -0.000679521 -0.000647612 0 0 0 0 0 0 0 0 0 0 0 0 0 0 0 2.84264e-09 0.000577788 0.000582607 -5.43521e-06 -0.000488184 -0.000435593 -0.000422511 0 0.00056486 -0.00057625 -0.000556239 -0.00055163 -0.000562985 0 0 0 0 0 0 0 0 0 0 0 0 0 0 0 0 0 0 0 0 0 0 0 0 0
-0.0161407 -0.00141905 -0.0013033 -0.00110908 -0.00142254 -0.00198603 -0.00272445 -0.00326284 -0.00391262 -0.00498407 -0.00622698 -0.00740076 -0.0091899 -0.0103045 -0.00852803 -0.0043273 -0.00163356 -0.00214467 -0.00298616 -0.00414467 -0.00338488 -0.00261323 -0.001661 -0.0006487 0 0.000380621 0 0 0 0 0 0 0 0 0 0 0 2.83862e-09 0.000582997 0 0.000510351 0.000666955 0.000701573 -0.000561097 -0.000647985 -0.000441549 0.00044162 0.000550965 -0.000689608 -0.000623988 -0.000562602 -0.000451787 0 -0.000546976 -0.000573435 0 0 0 0 0 0 0 0 0 0 0 0 0 0 0 0 0 0 0 0 0 0
-0.0125154 -0.0183886 -0.0157241 -0.00540959 -0.00643223 -0.00774482 -0.00973475 -0.0124537 -0.0154459 -0.0147049 -0.0134654 -0.0117456 -0.00898192 -0.00519465 -0.00549976 -0.00724283 -0.0059865 -0.00514345 -0.0041263 -0.00233726 -0.00194911 -0.00146699 -0.00102005 -0.000497334 0.000390801 4.83432e-05 0.000716128 0.000726479 0.000786312 0.000764906 0.000744238 0.000556913 0.000558244 0.00059098 0.000591857 0.000566121 0.000578057 0 0.000499944 0.000648824 0.000844091 0.000949761 0.00107515 0.00173802 -0.000827945 -0.000392412 0.000487367 0.000741871 -0.0010607 -0.000937209 -0.000911287 -0.000847047 -0.000675018 -0.000574944 -0.000447094 0 -0.000450152 -0.000571795 0 0 0 0 0 0 0 0 0 0 0 0 0 0 0 0 0 0 0
-0.00629914 -0.00952032 -0.0144359 -0.0204484 -0.0196657 -0.0175259 -0.0155493 -0.012198 -0.00389407 -0.00353699 -0.00323716 -0.00294292 -0.00272528 -0.00261345 -0.00253445 -0.00247194 -0.00232823 -0.00213108 -0.0019461 -0.00169109 -0.00142322 -0.00121184 -0.000882877 -0.000434989 0.000384813 0.000455577 0.00125262 0.0018031 0.00155175 0.00137828 0.00125735 0.00117888 0.00112775 0.00103319 0.000970081 0.00095992 0.00095244 0.000970666 0.00107898 0.0011814 0.00129279 0.00131369 0.00127001 0.00175768 -0.000550282 0.000587386 0.000851097 0.000964732 -0.00129356 -0.00132305 -0.0012648 -0.00115635 -0.00100741 -0.000879931 -0.000671424 -0.000493885 -0.000523656 -0.000448787 0 -0.000561771 -0.000559816 -0.000571942 -0.00048647 0.00044214 -0.000567763 -0.000531741 -0.000528836 -0.000565627 0 0 0 0 0 0 0 0 0
-0.00242439 -0.00313345 -0.00360834 -0.0040328 -0.00423056 -0.00404213 -0.00394276 -0.0039096 -0.0036981 -0.00340534 -0.00313416 -0.00283065 -0.0025097 -0.00225934 -0.00211112 -0.00208103 -0.0020167 -0.00190993 -0.00174792 -0.00147857 -0.00122165 -0.000987405 -0.000695783 -0.000291689 0.000303615 0.000773039 0.000722419 0.000730015 0.00212472 0.00207609 0.00197629 0.00187936 0.00181061 0.00169553 0.00159805 0.00152695 0.00146241 0.00147207 0.00155504 0.00167462 0.00198472 0.00212451 0.0018107 0.0019511 0.00205937 -0.000460553 0.000709555 0.001045 -0.00138668 -0.00162595 -0.0015667 -0.00133665 -0.00113986 -0.000675369 0.00057481 -0.000778745 -0.000980659 -0.000815734 -0.000668701 -0.00068116 -0.000655341 -0.000536662 -0.000309033 0.000232504 -0.000807337 -0.000802472 -0.000700935 -0.000498607 0 0 0 0 0 0 0 0 0
-0.00198664 -0.00250647 -0.00299384 -0.00333168 -0.00350955 -0.00355769 -0.00346745 -0.00346995 -0.00353287 -0.0033705 -0.00305365 -0.00272942 -0.00239122 -0.00203408 -0.00176136 -0.00170888 -0.00167598 -0.00167615 -0.00150735 -0.00127983 -0.00108995 -0.000825286 -0.000445327 0.000298572 0.00066995 0.000980811 0.00110928 0.00118701 0.00103855 0.00183284 0.00217041 0.00230028 0.00233383 0.00229574 0.00232745 0.00228274 0.002063 0.00196909 0.0019362 0.00189266 0.00196123 0.00231816 0.00249325 0.00241923 -0.00117179 0.0017575 0.00155318 0.00104496 -0.00175006 -0.00190306 -0.00166705 -0.00139639 -0.00085149 0.000608856 0.000821879 -0.00147657 -0.00124291 -0.000963078 -0.00101957 -0.00113662 -0.00114879 -0.00114513 -0.00114531 -0.00143528 -0.00130467 -0.00113234 -0.000963057 -0.000662617 0 8.91874e-05 0 0 0 0 0 0 0
-0.00169231 -0.00212201 -0.00252858 -0.00264529 -0.00269392 -0.00297786 -0.00303217 -0.00291102 -0.00295553 -0.00307595 -0.00302373 -0.00273559 -0.0023246 -0.00185687 -0.00131482 -0.00131835 -0.00133522 -0.00134988 -0.00122207 -0.000984367 -0.000835691 -0.000659172 -0.000305158 0.000322001 0.000820249 0.0011834 0.00143957 0.00160134 0.00163952 0.00195575 0.00246685 0.00595949 0.00761988 0.0085693 0.00954516 0.0104835 0.0109326 0.00914077 0.0072132 0.00533661 0.00428554 0.00384193 0.00351932 0.00336041 0.00377191 0.00292453 0.0018336 0.00223225 -0.00227635 -0.00201456 -0.001546 -0.00134706 -0.000639658 0.00065684 -0.00165089 -0.00144116 -0.000711787 0.0014018 -0.00146041 -0.0016242 -0.00165982 -0.00178112 -0.00187941 -0.00220352 -0.00221468 -0.00238356 -0.00164467 -0.000644118 0.000324768 9.68352e-07 0 0 0 0 0 0 0
-0.0012531 -0.00184772 -0.00209405 -0.00222988 -0.00226883 -0.00235814 -0.00256126 -0.00256409 -0.00245495 -0.00252794 -0.00270526 -0.00279148 -0.00269821 -0.00214495 -0.000706209 -0.000752063 -0.000868286 -0.000979014 -0.000873458 -0.00052677 -0.000441876 -0.000318 0.000224517 0.00067033 0.00103954 0.00139052 0.00174389 0.00367967 0.00492912 0.00577942 0.00661456 0.00545212 0.00441295 0.00366966 0.00332749 0.0032265 0.00319543 0.00848462 0.0111436 0.0125417 0.0134398 0.0116606 0.0138257 0.0150129 0.0155498 0.0108418 0.00680092 -0.00446594 -0.00247427 -0.0019256 -0.00160945 -0.00121494 -0.00048944 0.000560855 -0.00212052 -0.00176937 -0.00127244 -0.00150885 -0.00218763 -0.00246748 -0.00273586 -0.00328269 -0.00393735 -0.00394872 -0.00285377 -0.00111012 -0.000629741 -0.000520045 0.000434257 1.89451e-06 0.000927612 0 0 0 0 0 0
-0.00147844 -0.00119157 -0.00150488 -0.0020185 -0.00199181 -0.00196166 -0.00198337 -0.0021504 -0.00209033 -0.0020045 -0.00206382 -0.00223171 -0.00245528 -0.00278342 -0.00308014 -0.0024021 -0.00158891 -0.00067001 -0.000715759 -0.000818789 -0.000707022 -0.000452359 0.000300535 0.000818669 0.00184659 0.00276211 0.003592 0.00323987 0.0027197 0.0022429 0.00193283 0.00171728 0.0015647 0.00178738 0.00212211 0.00234498 0.002447 0.00237622 0.00218095 0.00202948 0.00197243 0.00976318 0.00782862 0.00547788 0.00390082 0.00987578 0.00844428 -0.00413764 -0.00247938 -0.00196561 -0.0016738 -0.000774467 0.000710588 0.00107184 -0.00223863 -0.00120535 0.000965253 0.00134112 -0.0039788 -0.00500568 -0.00607746 -0.00507488 -0.00346881 -0.00113537 -0.000973044 -0.000727256 -0.000777148 -0.000824356 0.000415156 0.00129606 5.58137e-06 0 0 0 0 0 0
-0.00473077 -0.00399286 -0.00289992 -0.00191461 -0.00178836 -0.00173182 -0.0016155 -0.00164947 -0.00170992 -0.00161147 -0.00149593 -0.00143957 -0.00137002 -0.00130577 -0.00126601 -0.00122466 -0.000964326 -0.00118167 -0.00116912 -0.00118563 -0.0010544 -0.000789216 -0.000491094 0.000625218 0.000906178 0.00109244 0.00116471 0.001141 0.000908385 0.000764448 0.000700546 0.000701253 0.000696038 0.00156377 0.0019931 0.0021267 0.00199313 0.00185091 0.00145591 0.00113718 0.00124043 0.00128714 0.00134642 0.00381779 0.00386393 0.00698558 0.00801894 -0.00365292 -0.00244733 -0.0019452 -0.00106774 0.000985418 0.00104906 -0.00369389 -0.00200042 -0.000818023 0.000765089 0.00140183 -0.00451036 -0.00451347 -0.00119908 -0.0010786 -0.00095734 -0.000661012 -0.000693126 -0.000787656 -0.000413498 0.000507327 0.000753486 0.00129545 -0.000425387 0 0 0 0 0 0
-0.00196547 -0.00183875 -0.00153248 -0.00142253 -0.00138882 -0.0014027 -0.001374 -0.00130569 -0.00132119 -0.00129006 -0.00119972 -0.00108117 -0.000971868 -0.00090927 -0.00079106 -0.000909304 -0.00123169 -0.00156158 -0.00165225 -0.00152463 -0.00124332 -0.00094675 -0.000759241 -0.000365362 0.000392582 0.000706346 0.000669139 0.000698182 0.00105252 0.00118924 0.00127099 0.00140186 0.00221933 0.00239851 0.00222583 0.0020305 0.00143251 0.00111133 0.00123812 0.00127853 0.00101172 0.000836472 0.000761614 0.00254517 0.00342841 0.00568617 0.00570112 -0.00321775 -0.00217878 -0.00160033 -0.000692482 0.000792328 0.00100064 -0.00348326 -0.00169709 -0.000463543 0.000673515 -0.00478226 -0.00446814 -0.00280761 -0.00069218 -0.000712191 -0.000824884 -0.000949915 -0.000785838 -0.000487657 0.000511164 -0.00054791 0.000628886 0.00120436 -0.000753305 -0.000514765 0 0 0 0 0
-0.00157637 -0.00217255 -0.000714931 -0.000748723 -0.000791231 -0.000903215 -0.00107443 -0.00100541 -0.000951214 -0.000926748 -0.000871193 -0.000743612 -0.000509208 -0.000504773 -0.000517827 0.000510152 -0.00154653 -0.00210472 -0.00192912 -0.0015842 -0.00129308 -0.00108614 -0.000895715 -0.000302521 0.000278414 0.000490608 0.000873549 0.00164426 0.00177581 0.00179341 0.00177739 0.00179378 0.00139495 0.00154789 0.00111279 0.000872896 0.00147218 0.0015453 0.00167811 0.00165444 0.00150231 0.00138969 0.00138308 0.00208991 0.0029631 0.0046372 -0.0116982 -0.002768 -0.00191919 -0.00139819 -0.000495686 0.000659752 -0.00439702 -0.00290385 -0.00108794 0.000970699 0.00102005 -0.00580196 -0.00325763 -0.00214533 -0.00116807 -0.00110466 -0.000998231 -0.000716711 0.000481944 0.000767195 -0.00122007 -0.00052753 0.000531376 0.00102611 -0.00111101 -0.000812937 -0.000500176 0 -0.000564846 0 0
-0.00446485 -0.00389791 -0.00415249 -0.00358914 -0.00270235 -0.00102844 -0.000607823 -0.000551145 -0.000516448 -0.000508383 -0.000486299 -0.000434858 -0.000446926 0.000265395 -0.000481112 0.000462778 -0.00224728 -0.00222581 -0.0018999 -0.0015243 -0.00141653 -0.00139983 -0.000955216 -0.000370342 0.000395563 0.000661675 0.000943624 0.00087689 0.00155215 0.0019194 0.00204055 0.00204498 0.00181525 0.00149709 0.00155755 0.00144937 0.00158889 0.00170192 0.00192668 0.00201453 0.00178021 0.00157833 0.001716 0.00202602 0.0026921 0.00396386 -0.00686244 -0.00251201 -0.00189802 -0.00106489 0.000816573 0.000971403 -0.00420371 -0.00213995 -0.00063898 0.000831945 -0.00533899 -0.00486946 -0.00278012 -0.0019654 -0.00143127 -0.00127798 -0.00100508 -0.000555139 0.000513388 0.000793592 -0.0012188 -0.000402409 0.000444151 -0.00296166 -0.00142191 -0.00126383 -0.00119585 -0.00121214 -0.000961821 0 0
-0.000912927 -0.00112145 -0.00147371 -0.00206788 -0.00277597 -0.00297681 -0.00237636 -0.00170235 -0.000909448 -0.000708714 -0.000442209 0.000421006 0.000661642 -0.00141582 -0.00237886 -0.00276815 -0.00269969 -0.00234275 -0.00199206 -0.00185286 -0.00179707 -0.00135467 -0.000695137 0.000667697 0.000797205 0.000796026 0.000931817 0.00114571 0.00147322 0.00190461 0.00227031 0.00254968 0.00214343 0.00219897 0.00217177 0.00210564 0.0021013 0.00202242 0.00227204 0.00234463 0.00228084 0.00223265 0.00210544 0.00227992 0.00257631 0.00332664 0.0138689 -0.00233992 -0.001649 -0.000726733 0.000715422 0.000879929 -0.00327392 -0.0013771 0.000899896 0.00112296 -0.00665701 -0.00389534 -0.00248666 -0.00193316 -0.00159275 -0.00137307 -0.00100917 -0.000512196 0.000497508 -0.00195227 -0.000902877 0.000534773 -0.00241517 -0.00300875 -0.00194815 -0.00177254 -0.0014469 -0.00103316 -0.00041243 0 0
-0.0016157 -0.00173652 -0.00180631 -0.00161416 -0.000751613 -0.000844659 -0.000988655 -0.000888858 -0.000655965 0.000490698 0.000718238 -0.00044745 0.000550143 -0.00247261 -0.00302864 -0.003499 -0.00283039 -0.00242965 -0.00227326 -0.00228411 -0.00185071 -0.00131506 -0.00052175 0.000613138 0.000960429 0.00104762 0.00104746 0.00123296 0.00153946 0.00190359 0.00223344 0.00254459 0.00266115 0.00237518 0.00253792 0.0026218 0.00280827 0.00282465 0.00289858 0.00293648 0.00308496 0.00301078 0.00285085 0.00278887 0.00279215 0.0031674 0.00998861 -0.00189429 -0.00136223 -0.000558373 0.000599034 -0.00525735 -0.00470489 -0.00508685 -0.00574181 -0.0111423 -0.00576514 -0.00331161 -0.00236013 -0.00195662 -0.00173702 -0.00137681 -0.000904245 -0.000454599 0.000426329 -0.00234293 -0.001892 -0.00274683 -0.00409499 -0.00423433 -0.00232704 -0.00175569 -0.00138194 -0.00104333 -0.000683774 -0.000410256 0
-0.00316353 -0.00356898 -0.002666 -0.001456 -0.00101339 -0.000848783 -0.000462431 -0.000309215 0.000259113 0.000748472 0.000961793 0.000813704 -0.00280066 -0.00309833 -0.00351447 -0.00347268 -0.00290084 -0.00257469 -0.00257792 -0.00210531 -0.00156591 -0.000886632 0.00066217 0.000978607 0.00122097 0.0012929 0.0012741 0.00122738 0.0014705 0.00194378 0.00231534 0.00267377 0.00285213 0.00188774 0.00259867 0.00278583 0.00308509 0.00328858 0.00336618 0.00345207 0.00356976 0.00770041 0.00918843 0.00778517 0.00982466 0.0117166 0.0153611 0.012871 -0.00118038 -0.000493493 0.000510893 -0.00704932 -0.00573058 -0.00605302 -0.00793132 -0.00420467 -0.00422519 -0.00280146 -0.00223007 -0.00189663 -0.00160363 -0.000922407 0.00063988 0.000698088 -0.00214414 -0.00179016 0.000973745 -0.00463332 -0.0049993 -0.00157218 -0.00197186 -0.00172016 -0.00143426 -0.00117047 -0.000874241 -0.00058073 0
-0.00354544 -0.00136926 -0.00111296 -0.00126654 -0.00122826 -0.00102371 -0.000731043 -0.000419152 0.000373752 0.000822646 0.00108905 0.000959936 -0.00363789 -0.00358438 -0.00363849 -0.00336391 -0.00294391 -0.00277823 -0.0024244 -0.00188996 -0.00141046 -0.000691544 0.000550652 0.00113719 0.00214272 0.00204094 0.00181455 -0.000816065 0.00104168 0.00175143 0.00220757 0.00262092 0.00289075 -0.000832544 0.00163092 0.00232792 0.00282342 0.0031863 0.00360449 0.00617445 0.00772693 0.0060442 0.00546745 0.00839213 0.00701363 0.00603246 0.00485912 0.0197023 -0.00378448 -0.00669582 -0.0108049 -0.00440957 0.00247077 -0.00737537 -0.00849155 -0.00314673 -0.00322754 -0.00204096 -0.0020074 -0.00187338 -0.00152066 -0.00112811 -0.000786477 0.000816743 -0.00281317 -0.00354239 -0.00479562 -0.00426405 -0.00139248 -0.00203226 -0.00206682 -0.00188118 -0.00166473 -0.00131691 -0.000973604 -0.000787283 -0.000471166
-0.00148526 -0.00116014 -0.00119692 -0.00154478 -0.00145067 -0.00121445 -0.000883048 -0.000453512 0.000388398 0.000855443 0.0011046 -0.00378139 -0.00410764 -0.00390499 -0.00383898 -0.00365552 -0.00345369 -0.00337318 -0.00324942 -0.00325689 -0.00169574 -0.000982593 -0.000733058 0.000988835 0.000950625 0.00290624 0.00278437 0.0020355 0.00214403 0.00223841 0.00236595 0.00263713 0.00298821 0.00313773 0.00230705 0.00242305 0.00300221 0.0044298 0.00544872 0.00462956 0.00381618 0.00324748 0.00281569 0.00240981 0.00193301 0.00177723 0.00134571 0.00104166 0.0189239 -0.00892423 -0.00182843 -0.00210313 0.00229836 -0.00864419 -0.00106648 -0.00127713 -0.00113286 0.00217018 -0.00200493 -0.00189992 -0.00142277 -0.00117919 -0.000789627 0.000607094 -0.00372349 -0.00420397 -0.00521435 -0.00354869 -0.00222992 -0.00238206 -0.00229716 -0.00218063 -0.00175979 -0.00121897 -0.00100789 -0.00107654 -0.000748422
-0.00111649 -0.00134548 -0.00141958 -0.00184211 -0.001605 -0.00129674 -0.000909124 -0.000397317 0.000415481 0.000852225 0.000999646 -0.00487958 -0.00478681 -0.00490668 -0.00535489 -0.00599896 -0.00664507 -0.00547641 -0.00410623 -0.00236818 -0.00236149 -0.0015515 -0.000268566 0.000352879 0.00141956 0.00146289 0.00354002 0.00365982 0.00342008 0.00299306 0.00272918 0.00284533 0.00300766 0.00364038 0.00244639 -0.00153508 0.00158812 0.00116069 0.00111463 0.00121498 0.00139339 0.00160522 0.00163 0.00154237 0.00107536 0.000910417 0.00123047 0.00131476 0.0105858 -0.00106162 -0.00101432 0.00109983 -0.0136833 -0.00094925 -0.00109807 -0.000833634 0.000724191 0.00186783 -0.00226802 -0.00230261 -0.0023052 -0.00289078 -0.00382088 -0.00463609 -0.00388762 -0.00506007 -0.00468605 -0.00327684 -0.00257292 -0.00248769 -0.00233755 -0.00188721 -0.00110344 0.000969076 -0.00142875 -0.00127382 -0.000949014
